2.344345474243164062e+01 -1.773009747266769409e-01 2.143008708953857422e-01
2.330005645751953125e+01 -1.619513034820556641e-01 3.079320192337036133e-01
2.318581581115722656e+01 -1.497833430767059326e-01 3.818065226078033447e-01
2.305201339721679688e+01 -1.355875581502914429e-01 4.676510095596313477e-01
2.290140914916992188e+01 -1.196815595030784607e-01 5.633689761161804199e-01
2.265657806396484375e+01 -9.395501017570495605e-02 7.172870039939880371e-01
2.255922698974609375e+01 -8.380934596061706543e-02 7.773745656013488770e-01
2.239264869689941406e+01 -6.650383025407791138e-02 8.794202208518981934e-01
2.221944999694824219e+01 -4.860763251781463623e-02 9.841283559799194336e-01
2.216892433166503906e+01 -4.341581463813781738e-02 1.014243364334106445e+00
2.199250602722167969e+01 -2.531589940190315247e-02 1.118953108787536621e+00
2.184339714050292969e+01 -1.010197401046752930e-02 1.206128120422363281e+00
2.167230606079101562e+01 7.275218144059181213e-03 1.304845213890075684e+00
2.151940345764160156e+01 2.272532880306243896e-02 1.391702294349670410e+00
2.141466140747070312e+01 3.326139971613883972e-02 1.450349688529968262e+00
2.128807830810546875e+01 4.595613479614257812e-02 1.520511150360107422e+00
2.112510681152343750e+01 6.224153563380241394e-02 1.609714508056640625e+00
2.100196266174316406e+01 7.449122518301010132e-02 1.676004052162170410e+00
2.086804580688476562e+01 8.776786923408508301e-02 1.747161269187927246e+00
2.082756614685058594e+01 9.176669269800186157e-02 1.768359541893005371e+00
2.064515113830566406e+01 1.097683161497116089e-01 1.863461494445800781e+00
2.048964500427246094e+01 1.250418722629547119e-01 1.942872285842895508e+00
2.042366218566894531e+01 1.314973533153533936e-01 1.975954055786132812e+00
2.023977851867675781e+01 1.494591087102890015e-01 2.067414283752441406e+00
2.018889617919921875e+01 1.544072329998016357e-01 2.092147111892700195e+00
2.000805473327636719e+01 1.719732135534286499e-01 2.179479837417602539e+00
1.985778617858886719e+01 1.865093410015106201e-01 2.250334262847900391e+00
1.977656936645507812e+01 1.943403035402297974e-01 2.287844657897949219e+00
1.962541580200195312e+01 2.088904231786727905e-01 2.356855869293212891e+00
1.952522277832031250e+01 2.185060977935791016e-01 2.401600122451782227e+00
1.939459228515625000e+01 2.310193181037902832e-01 2.459059476852416992e+00
1.928842353820800781e+01 2.411656230688095093e-01 2.504817008972167969e+00
1.917448425292968750e+01 2.520349919795989990e-01 2.553089380264282227e+00
1.902347755432128906e+01 2.664142847061157227e-01 2.615864276885986328e+00
1.897706985473632812e+01 2.708234488964080811e-01 2.634659528732299805e+00
1.881620407104492188e+01 2.860972583293914795e-01 2.699273347854614258e+00
1.874500465393066406e+01 2.928430736064910889e-01 2.727038621902465820e+00
1.859061241149902344e+01 3.074588477611541748e-01 2.786436319351196289e+00
1.844198036193847656e+01 3.215049505233764648e-01 2.841901779174804688e+00
1.841124725341796875e+01 3.244051635265350342e-01 2.853022813796997070e+00
1.826746940612792969e+01 3.379694223403930664e-01 2.904709339141845703e+00
1.812382125854492188e+01 3.515056669712066650e-01 2.954741239547729492e+00
1.805232620239257812e+01 3.582363426685333252e-01 2.978828668594360352e+00
1.793060111999511719e+01 3.696913421154022217e-01 3.019139766693115234e+00
1.785764122009277344e+01 3.765535056591033936e-01 3.042579650878906250e+00
1.774099349975585938e+01 3.875220119953155518e-01 3.079355001449584961e+00
1.759521675109863281e+01 4.012252986431121826e-01 3.123897314071655273e+00
1.747776794433593750e+01 4.122635424137115479e-01 3.158334016799926758e+00
1.738827705383300781e+01 4.206743836402893066e-01 3.183668375015258789e+00
1.726836204528808594e+01 4.319460690021514893e-01 3.216679334640502930e+00
1.718431663513183594e+01 4.398484230041503906e-01 3.238924741744995117e+00
1.706490135192871094e+01 4.510797262191772461e-01 3.269632339477539062e+00
1.694915390014648438e+01 4.619723260402679443e-01 3.298142433166503906e+00
1.692067909240722656e+01 4.646538197994232178e-01 3.304852247238159180e+00
1.678789710998535156e+01 4.771609008312225342e-01 3.335790157318115234e+00
1.671122741699218750e+01 4.843900799751281738e-01 3.352697134017944336e+00
1.658997154235839844e+01 4.958314001560211182e-01 3.378550052642822266e+00
1.648870468139648438e+01 5.053986310958862305e-01 3.398956060409545898e+00
1.638123893737792969e+01 5.155636072158813477e-01 3.419545412063598633e+00
1.629830551147460938e+01 5.234193205833435059e-01 3.434550046920776367e+00
1.621054840087890625e+01 5.317417979240417480e-01 3.449695825576782227e+00
1.613610649108886719e+01 5.388112068176269531e-01 3.461879730224609375e+00
1.604110336303710938e+01 5.478445887565612793e-01 3.476702451705932617e+00
1.593557929992675781e+01 5.578952431678771973e-01 3.492125272750854492e+00
1.582079982757568359e+01 5.688495635986328125e-01 3.507626056671142578e+00
1.572977161407470703e+01 5.775576233863830566e-01 3.518803358078002930e+00
1.565372180938720703e+01 5.848475694656372070e-01 3.527392387390136719e+00
1.551487541198730469e+01 5.981808304786682129e-01 3.541918039321899414e+00
1.543353176116943359e+01 6.060190796852111816e-01 3.549174308776855469e+00
1.536732387542724609e+01 6.124126911163330078e-01 3.554474353790283203e+00
1.524403667449951172e+01 6.243404150009155273e-01 3.563416481018066406e+00
1.514065837860107422e+01 6.343777179718017578e-01 3.569448709487915039e+00
1.510454940795898438e+01 6.378946900367736816e-01 3.571120262145996094e+00
1.500735187530517578e+01 6.473726034164428711e-01 3.575207471847534180e+00
1.487493896484375000e+01 6.603249907493591309e-01 3.579249620437622070e+00
1.484717941284179688e+01 6.630523204803466797e-01 3.579655170440673828e+00
1.476420593261718750e+01 6.712118387222290039e-01 3.580588579177856445e+00
1.464701080322265625e+01 6.827685236930847168e-01 3.580721616744995117e+00
1.456471061706542969e+01 6.909151077270507812e-01 3.579625844955444336e+00
1.450589942932128906e+01 6.967509388923645020e-01 3.578240394592285156e+00
1.440662002563476562e+01 7.066177725791931152e-01 3.575170040130615234e+00
1.431361770629882812e+01 7.158827185630798340e-01 3.571125745773315430e+00
1.420288944244384766e+01 7.269325852394104004e-01 3.564993619918823242e+00
1.412742233276367188e+01 7.344745397567749023e-01 3.559731245040893555e+00
1.403116130828857422e+01 7.440995573997497559e-01 3.552065610885620117e+00
1.398723030090332031e+01 7.484933733940124512e-01 3.548005342483520508e+00
1.390695571899414062e+01 7.565217018127441406e-01 3.540112495422363281e+00
1.381583881378173828e+01 7.656321525573730469e-01 3.530162334442138672e+00
1.376440048217773438e+01 7.707724571228027344e-01 3.523901462554931641e+00
1.367123889923095703e+01 7.800779342651367188e-01 3.511896848678588867e+00
1.359111022949218750e+01 7.880738377571105957e-01 3.500523567199707031e+00
1.352140903472900391e+01 7.950220704078674316e-01 3.489835262298583984e+00
1.341759777069091797e+01 8.053599596023559570e-01 3.472874402999877930e+00
1.331117820739746094e+01 8.159397840499877930e-01 3.453874349594116211e+00
1.328941154479980469e+01 8.180995583534240723e-01 3.449644327163696289e+00
1.317335700988769531e+01 8.296100497245788574e-01 3.426712036132812500e+00
1.308108139038085938e+01 8.387404680252075195e-01 3.406855106353759766e+00
1.305181789398193359e+01 8.416301608085632324e-01 3.400141477584838867e+00
1.292656803131103516e+01 8.539896011352539062e-01 3.370837211608886719e+00
1.285718154907226562e+01 8.608161807060241699e-01 3.353234052658081055e+00
1.281833553314208984e+01 8.646313548088073730e-01 3.342947483062744141e+00
1.270250511169433594e+01 8.759956955909729004e-01 3.311549425125122070e+00
1.263445568084716797e+01 8.826515674591064453e-01 3.291815280914306641e+00
1.260159492492675781e+01 8.858594894409179688e-01 3.281914949417114258e+00
1.248590850830078125e+01 8.971426486968994141e-01 3.246424913406372070e+00
1.242996883392333984e+01 9.025802612304687500e-01 3.228168725967407227e+00
1.234173011779785156e+01 9.111430048942565918e-01 3.198524713516235352e+00
1.228126049041748047e+01 9.169952273368835449e-01 3.177283287048339844e+00
1.222254467010498047e+01 9.226668477058410645e-01 3.156033992767333984e+00
1.213946533203125000e+01 9.306768178939819336e-01 3.125101804733276367e+00
1.206680870056152344e+01 9.376628994941711426e-01 3.096966743469238281e+00
1.198919296264648438e+01 9.451078772544860840e-01 3.065885543823242188e+00
1.191579437255859375e+01 9.521297216415405273e-01 3.035444259643554688e+00
1.185567283630371094e+01 9.578668475151062012e-01 3.009686708450317383e+00
1.176859474182128906e+01 9.661588072776794434e-01 2.971392631530761719e+00
1.171157550811767578e+01 9.715715646743774414e-01 2.945369720458984375e+00
1.163612937927246094e+01 9.787187576293945312e-01 2.910105943679809570e+00
1.160034656524658203e+01 9.820991754531860352e-01 2.892853498458862305e+00
1.153291606903076172e+01 9.884608983993530273e-01 2.859866142272949219e+00
1.146324348449707031e+01 9.950175881385803223e-01 2.824846982955932617e+00
1.139231395721435547e+01 1.001674890518188477e+00 2.788201093673706055e+00
1.129832077026367188e+01 1.010472893714904785e+00 2.738280773162841797e+00
1.127913951873779297e+01 1.012261748313903809e+00 2.727720737457275391e+00
1.119111537933349609e+01 1.020464658737182617e+00 2.678907632827758789e+00
1.114350986480712891e+01 1.024885535240173340e+00 2.651625394821166992e+00
1.104483222961425781e+01 1.034031629562377930e+00 2.594073057174682617e+00
1.102052974700927734e+01 1.036275148391723633e+00 2.579380989074707031e+00
1.093449878692626953e+01 1.044209241867065430e+00 2.526914596557617188e+00
1.087389183044433594e+01 1.049778819084167480e+00 2.488803625106811523e+00
1.082573127746582031e+01 1.054193496704101562e+00 2.457866907119750977e+00
1.074831867218017578e+01 1.061275362968444824e+00 2.407298803329467773e+00
1.066399002075195312e+01 1.068964600563049316e+00 2.350723981857299805e+00
1.063515567779541016e+01 1.071584343910217285e+00 2.330816745758056641e+00
1.053120231628417969e+01 1.081017374992370605e+00 2.258345365524291992e+00
1.051513385772705078e+01 1.082468867301940918e+00 2.246747732162475586e+00
1.044250202178955078e+01 1.089025497436523438e+00 2.194045543670654297e+00
1.035795974731445312e+01 1.096633195877075195e+00 2.131218910217285156e+00
1.031763458251953125e+01 1.100248456001281738e+00 2.100416898727416992e+00
1.025153255462646484e+01 1.106164097785949707e+00 2.049264669418334961e+00
1.020580577850341797e+01 1.110244393348693848e+00 2.013123273849487305e+00
1.012109756469726562e+01 1.117787718772888184e+00 1.945192098617553711e+00
1.008723163604736328e+01 1.120792031288146973e+00 1.917299270629882812e+00
9.996944427490234375e+00 1.128789544105529785e+00 1.842143654823303223e+00
9.952975273132324219e+00 1.132668375968933105e+00 1.804503321647644043e+00
9.894452095031738281e+00 1.137820959091186523e+00 1.753720521926879883e+00
9.818894386291503906e+00 1.144455790519714355e+00 1.686970114707946777e+00
9.768960952758789062e+00 1.148825407028198242e+00 1.641832470893859863e+00
9.713201522827148438e+00 1.153693914413452148e+00 1.590662360191345215e+00
9.651269912719726562e+00 1.159087657928466797e+00 1.532867789268493652e+00
9.629372596740722656e+00 1.160989403724670410e+00 1.512051701545715332e+00
9.544710159301757812e+00 1.168334722518920898e+00 1.431044340133666992e+00
9.510824203491210938e+00 1.171263337135314941e+00 1.397799253463745117e+00
9.453211784362792969e+00 1.176234841346740723e+00 1.340709447860717773e+00
9.409698486328125000e+00 1.179979920387268066e+00 1.296856880187988281e+00
9.316092491149902344e+00 1.188020348548889160e+00 1.201315999031066895e+00
9.268427848815917969e+00 1.192097187042236328e+00 1.151327252388000488e+00
9.240177154541015625e+00 1.194508314132690430e+00 1.121289372444152832e+00
9.178010940551757812e+00 1.199807286262512207e+00 1.054650545120239258e+00
9.117855072021484375e+00 1.204920530319213867e+00 9.890079498291015625e-01
9.064015388488769531e+00 1.209484457969665527e+00 9.292420148849487305e-01
9.006756782531738281e+00 1.214326620101928711e+00 8.647012710571289062e-01
8.959258079528808594e+00 1.218333125114440918e+00 8.102869987487792969e-01
8.899538993835449219e+00 1.223359823226928711e+00 7.409512400627136230e-01
8.837688446044921875e+00 1.228552222251892090e+00 6.679266691207885742e-01
8.806046485900878906e+00 1.231201410293579102e+00 6.299154758453369141e-01
8.734923362731933594e+00 1.237147927284240723e+00 5.437192320823669434e-01
8.710686683654785156e+00 1.239168047904968262e+00 5.137584805488586426e-01
8.663702964782714844e+00 1.243080139160156250e+00 4.552870392799377441e-01
8.608243942260742188e+00 1.247688651084899902e+00 3.853646218776702881e-01
8.559288024902343750e+00 1.251747250556945801e+00 3.226884007453918457e-01
8.478078842163085938e+00 1.258466005325317383e+00 2.173088490962982178e-01
8.452456474304199219e+00 1.260578751564025879e+00 1.833101361989974976e-01
8.392386436462402344e+00 1.265526890754699707e+00 1.030418276786804199e-01
8.341505050659179688e+00 1.269708156585693359e+00 3.392627835273742676e-02
8.302544593811035156e+00 1.272903442382812500e+00 -1.973635703325271606e-02
8.267658233642578125e+00 1.279855012893676758e+00 3.595224767923355103e-02
8.217136383056640625e+00 1.289867401123046875e+00 1.131183654069900513e-01
8.171516418457031250e+00 1.298844099044799805e+00 1.785877048969268799e-01
8.108867645263671875e+00 1.311102867126464844e+00 2.637390494346618652e-01
8.076645851135253906e+00 1.317365527153015137e+00 3.044524490833282471e-01
8.014414787292480469e+00 1.329424977302551270e+00 3.802779912948608398e-01
7.981334686279296875e+00 1.335802197456359863e+00 4.178667664527893066e-01
7.949339866638183594e+00 1.341955661773681641e+00 4.529263079166412354e-01
7.890718936920166016e+00 1.353206753730773926e+00 5.149597525596618652e-01
7.824236392974853516e+00 1.365922808647155762e+00 5.809436440467834473e-01
7.788352012634277344e+00 1.372763872146606445e+00 6.140614748001098633e-01
7.750053882598876953e+00 1.380054593086242676e+00 6.480543017387390137e-01
7.698316097259521484e+00 1.389890193939208984e+00 6.920925378799438477e-01
7.639901638031005859e+00 1.400977492332458496e+00 7.390493750572204590e-01
7.572803020477294922e+00 1.413694739341735840e+00 7.895631194114685059e-01
7.507567882537841797e+00 1.426043629646301270e+00 8.350309133529663086e-01
7.466078758239746094e+00 1.433891654014587402e+00 8.618044257164001465e-01
7.402049064636230469e+00 1.446001052856445312e+00 9.011037349700927734e-01
7.351291179656982422e+00 1.455599784851074219e+00 9.298569560050964355e-01
7.301088809967041016e+00 1.465095639228820801e+00 9.564792513847351074e-01
7.259093761444091797e+00 1.473042488098144531e+00 9.772863388061523438e-01
7.172994613647460938e+00 1.489344239234924316e+00 1.017495870590209961e+00
7.143951416015625000e+00 1.494850754737854004e+00 1.029403805732727051e+00
7.088313102722167969e+00 1.505406737327575684e+00 1.051177740097045898e+00
7.031214237213134766e+00 1.516254782676696777e+00 1.071506977081298828e+00
6.981521129608154297e+00 1.525711417198181152e+00 1.087431669235229492e+00
6.905905246734619141e+00 1.540124893188476562e+00 1.109359979629516602e+00
6.856390476226806641e+00 1.549589276313781738e+00 1.121455311775207520e+00
6.789981842041015625e+00 1.562309265136718750e+00 1.135720133781433105e+00
6.735652446746826172e+00 1.572747111320495605e+00 1.145262122154235840e+00
6.675079822540283203e+00 1.584416508674621582e+00 1.153977513313293457e+00
6.627669334411621094e+00 1.593580365180969238e+00 1.159130454063415527e+00
6.546409130096435547e+00 1.609330892562866211e+00 1.165733575820922852e+00
6.501881122589111328e+00 1.618005633354187012e+00 1.167261123657226562e+00
6.459391593933105469e+00 1.626308679580688477e+00 1.167626619338989258e+00
6.370516300201416016e+00 1.643729686737060547e+00 1.166207790374755859e+00
6.349526882171630859e+00 1.647871851921081543e+00 1.164788961410522461e+00
6.264159679412841797e+00 1.664748191833496094e+00 1.157971739768981934e+00
6.210045337677001953e+00 1.675524473190307617e+00 1.150933146476745605e+00
6.180896282196044922e+00 1.681358575820922852e+00 1.146202445030212402e+00
6.087421894073486328e+00 1.700121164321899414e+00 1.129394292831420898e+00
6.057733535766601562e+00 1.706137418746948242e+00 1.122365474700927734e+00
5.983325958251953125e+00 1.721265673637390137e+00 1.103377103805541992e+00
5.948651313781738281e+00 1.728376388549804688e+00 1.092901349067687988e+00
5.882974147796630859e+00 1.741902828216552734e+00 1.071591377258300781e+00
5.809320449829101562e+00 1.757200956344604492e+00 1.044517517089843750e+00
5.771155357360839844e+00 1.765208959579467773e+00 1.028585910797119141e+00
5.731241703033447266e+00 1.773631453514099121e+00 1.010861158370971680e+00
5.671482563018798828e+00 1.786319732666015625e+00 9.826229810714721680e-01
5.610048770904541016e+00 1.799490213394165039e+00 9.509040713310241699e-01
5.567932128906250000e+00 1.808615803718566895e+00 9.271898865699768066e-01
5.497891426086425781e+00 1.823910236358642578e+00 8.854209780693054199e-01
5.449354648590087891e+00 1.834654331207275391e+00 8.536840677261352539e-01
5.428317070007324219e+00 1.839359045028686523e+00 8.390457034111022949e-01
5.353938102722167969e+00 1.856070518493652344e+00 7.858921885490417480e-01
5.299770832061767578e+00 1.868451118469238281e+00 7.434480190277099609e-01
5.276062965393066406e+00 1.873944401741027832e+00 7.235980629920959473e-01
5.232135772705078125e+00 1.884187936782836914e+00 6.857355237007141113e-01
5.194416046142578125e+00 1.893092632293701172e+00 6.514393091201782227e-01
5.145087242126464844e+00 1.904869079589843750e+00 6.044800281524658203e-01
5.070568084716796875e+00 1.922938108444213867e+00 5.291455388069152832e-01
5.047127246856689453e+00 1.928768754005432129e+00 5.031859278678894043e-01
5.004733085632324219e+00 1.939408421516418457e+00 4.548308551311492920e-01
4.967195987701416016e+00 1.948989510536193848e+00 4.096528887748718262e-01
4.929891109466552734e+00 1.958665847778320312e+00 3.625207543373107910e-01
4.879252910614013672e+00 1.972027778625488281e+00 2.953112423419952393e-01
4.834264755249023438e+00 1.984201550483703613e+00 2.313621938228607178e-01
4.802261829376220703e+00 1.993078827857971191e+00 1.828923821449279785e-01
4.780940055847167969e+00 1.999108791351318359e+00 1.490437984466552734e-01
4.723593711853027344e+00 2.015552282333374023e+00 5.500677973031997681e-02
4.686411380767822266e+00 2.026648759841918945e+00 -1.169852912425994873e-02
4.656220912933349609e+00 2.037735223770141602e+00 2.749833092093467712e-02
4.608917713165283203e+00 2.055048465728759766e+00 8.680502325296401978e-02
4.563178062438964844e+00 2.071709156036376953e+00 1.411276310682296753e-01
4.507969379425048828e+00 2.091734647750854492e+00 2.034049779176712036e-01
4.440092086791992188e+00 2.116242647171020508e+00 2.754035592079162598e-01
4.380272388458251953e+00 2.137733221054077148e+00 3.342622816562652588e-01
4.344297409057617188e+00 2.150607585906982422e+00 3.674059212207794189e-01
4.288030624389648438e+00 2.170701742172241211e+00 4.172435700893402100e-01
4.226363182067871094e+00 2.192658662796020508e+00 4.685728847980499268e-01
4.181825637817382812e+00 2.208469867706298828e+00 5.031750798225402832e-01
4.088843822479248047e+00 2.241417169570922852e+00 5.718719363212585449e-01
4.040226936340332031e+00 2.258583307266235352e+00 6.040937304496765137e-01
3.993642091751098633e+00 2.275007009506225586e+00 6.332246661186218262e-01
3.948604345321655273e+00 2.290864944458007812e+00 6.598229408264160156e-01
3.853430032730102539e+00 2.324339628219604492e+00 7.129226922988891602e-01
3.810134887695312500e+00 2.339536428451538086e+00 7.341849207878112793e-01
3.733515977859497070e+00 2.366411924362182617e+00 7.695823907852172852e-01
3.709431409835815430e+00 2.374851465225219727e+00 7.794971466064453125e-01
3.635680675506591797e+00 2.400689363479614258e+00 8.087224364280700684e-01
3.556157827377319336e+00 2.428534030914306641e+00 8.365348577499389648e-01
3.500338315963745117e+00 2.448073387145996094e+00 8.533273935317993164e-01
3.447320222854614258e+00 2.466632843017578125e+00 8.674969673156738281e-01
3.389183759689331055e+00 2.486987352371215820e+00 8.812056779861450195e-01
3.321203708648681641e+00 2.510796546936035156e+00 8.949171304702758789e-01
3.236084222793579102e+00 2.540626525878906250e+00 9.087263941764831543e-01
3.201253175735473633e+00 2.552845716476440430e+00 9.126720428466796875e-01
3.117608308792114258e+00 2.582206010818481445e+00 9.204848408699035645e-01
3.063232183456420898e+00 2.601321697235107422e+00 9.229713678359985352e-01
2.983473062515258789e+00 2.629395008087158203e+00 9.241516590118408203e-01
2.948963642120361328e+00 2.641566038131713867e+00 9.230927824974060059e-01
2.883007526397705078e+00 2.664851665496826172e+00 9.197670221328735352e-01
2.814385175704956055e+00 2.689129114151000977e+00 9.137035608291625977e-01
2.763945579528808594e+00 2.707016944885253906e+00 9.072375297546386719e-01
2.687832832336425781e+00 2.734063148498535156e+00 8.952275514602661133e-01
2.628756046295166016e+00 2.755124092102050781e+00 8.832315206527709961e-01
2.540040254592895508e+00 2.786840677261352539e+00 8.620430231094360352e-01
2.498936653137207031e+00 2.801603555679321289e+00 8.499689102172851562e-01
2.464067697525024414e+00 2.814157485961914062e+00 8.388159871101379395e-01
2.386019229888916016e+00 2.842318058013916016e+00 8.120960593223571777e-01
2.307544946670532227e+00 2.870777130126953125e+00 7.811899185180664062e-01
2.250138759613037109e+00 2.891714811325073242e+00 7.554934024810791016e-01
2.188442707061767578e+00 2.914321184158325195e+00 7.253512740135192871e-01
2.134915590286254883e+00 2.934040307998657227e+00 6.967580318450927734e-01
2.111023426055908203e+00 2.942886829376220703e+00 6.830110549926757812e-01
2.063177108764648438e+00 2.960645914077758789e+00 6.545730829238891602e-01
1.981471657752990723e+00 2.991126060485839844e+00 6.028260588645935059e-01
1.924201965332031250e+00 3.012690544128417969e+00 5.625522732734680176e-01
1.895497798919677734e+00 3.023578405380249023e+00 5.408633947372436523e-01
1.841910243034362793e+00 3.043985605239868164e+00 4.988974034786224365e-01
1.758146762847900391e+00 3.076135158538818359e+00 4.288216829299926758e-01
1.709403038024902344e+00 3.095097064971923828e+00 3.836635947227478027e-01
1.691315293312072754e+00 3.102196455001831055e+00 3.658714890480041504e-01
1.639765858650207520e+00 3.122501611709594727e+00 3.140101432800292969e-01
1.568671822547912598e+00 3.150804519653320312e+00 2.377515435218811035e-01
1.539917707443237305e+00 3.162439823150634766e+00 2.040182352066040039e-01
1.482605218887329102e+00 3.185804843902587891e+00 1.342141181230545044e-01
1.453442811965942383e+00 3.197885513305664062e+00 9.589907526969909668e-02
1.399964451789855957e+00 3.220242500305175781e+00 2.276336401700973511e-02
1.370520591735839844e+00 3.232777357101440430e+00 -2.065119519829750061e-02
1.291423559188842773e+00 3.272603750228881836e+00 7.300622761249542236e-02
1.259859800338745117e+00 3.288407087326049805e+00 1.070920228958129883e-01
1.191689729690551758e+00 3.322472810745239258e+00 1.781283318996429443e-01
1.131486177444458008e+00 3.352442264556884766e+00 2.361923009157180786e-01
1.063948988914489746e+00 3.385963916778564453e+00 2.970505356788635254e-01
1.018552541732788086e+00 3.408430814743041992e+00 3.349394202232360840e-01
9.384264945983886719e-01 3.448018312454223633e+00 3.984449505805969238e-01
8.999518752098083496e-01 3.466975927352905273e+00 4.262188971042633057e-01
7.962300777435302734e-01 3.518027305603027344e+00 4.977700710296630859e-01
7.696429491043090820e-01 3.531078577041625977e+00 5.139068961143493652e-01
6.664901971817016602e-01 3.581688404083251953e+00 5.744473338127136230e-01
6.070050001144409180e-01 3.610818624496459961e+00 6.048603057861328125e-01
5.582449436187744141e-01 3.634678125381469727e+00 6.277714371681213379e-01
4.908641576766967773e-01 3.667632818222045898e+00 6.572086215019226074e-01
3.872622847557067871e-01 3.718274831771850586e+00 6.978558301925659180e-01
3.606042861938476562e-01 3.731298446655273438e+00 7.065429091453552246e-01
2.621635794639587402e-01 3.779389619827270508e+00 7.369880080223083496e-01
2.224511802196502686e-01 3.798789978027343750e+00 7.468637824058532715e-01
1.125514134764671326e-01 3.852486371994018555e+00 7.715656757354736328e-01
5.174998193979263306e-02 3.882210254669189453e+00 7.812466025352478027e-01
-2.890325337648391724e-02 3.921661376953125000e+00 7.912088632583618164e-01
-9.582231193780899048e-02 3.954425096511840820e+00 7.963225245475769043e-01
-1.472233980894088745e-01 3.979615926742553711e+00 7.982492446899414062e-01
-1.948219388723373413e-01 4.002964019775390625e+00 7.986106872558593750e-01
-2.682489454746246338e-01 4.039014816284179688e+00 7.971320748329162598e-01
-3.365063965320587158e-01 4.072580337524414062e+00 7.928236722946166992e-01
-4.065026342868804932e-01 4.107058525085449219e+00 7.855864763259887695e-01
-4.890992045402526855e-01 4.147822380065917969e+00 7.735974192619323730e-01
-5.782932639122009277e-01 4.191956043243408203e+00 7.561861276626586914e-01
-6.002359390258789062e-01 4.202847957611083984e+00 7.506899237632751465e-01
-6.790207624435424805e-01 4.241989135742187500e+00 7.298627495765686035e-01
-7.644423842430114746e-01 4.284567356109619141e+00 7.029582262039184570e-01
-8.439986109733581543e-01 4.324381351470947266e+00 6.733890175819396973e-01
-8.793149590492248535e-01 4.342130184173583984e+00 6.583220362663269043e-01
-9.478383660316467285e-01 4.376638889312744141e+00 6.273574233055114746e-01
-1.010614991188049316e+00 4.408389091491699219e+00 5.958256125450134277e-01
-1.068959474563598633e+00 4.438024997711181641e+00 5.637063384056091309e-01
-1.150080204010009766e+00 4.479411125183105469e+00 5.152480006217956543e-01
-1.208051800727844238e+00 4.509185791015625000e+00 4.766375124454498291e-01
-1.275776982307434082e+00 4.544157981872558594e+00 4.279865026473999023e-01
-1.336728453636169434e+00 4.575850963592529297e+00 3.802442848682403564e-01
-1.392247200012207031e+00 4.604920387268066406e+00 3.332773149013519287e-01
-1.431439876556396484e+00 4.625585556030273438e+00 2.977217435836791992e-01
-1.470207452774047852e+00 4.646138191223144531e+00 2.607641220092773438e-01
-1.524806022644042969e+00 4.675251483917236328e+00 2.060850709676742554e-01
-1.591573596000671387e+00 4.711168766021728516e+00 1.343829333782196045e-01
-1.654341101646423340e+00 4.745346069335937500e+00 6.086365133523941040e-02
-1.687282443046569824e+00 4.763519763946533203e+00 1.888846978545188904e-02
-1.775244712829589844e+00 4.819849491119384766e+00 1.152236312627792358e-01
-1.806961417198181152e+00 4.840065002441406250e+00 1.465657353401184082e-01
-1.866586089134216309e+00 4.878013134002685547e+00 2.033898085355758667e-01
-1.977267861366271973e+00 4.948279857635498047e+00 3.018777072429656982e-01
-2.054740905761718750e+00 4.997262954711914062e+00 3.624038994312286377e-01
-2.103318214416503906e+00 5.027905941009521484e+00 3.970029950141906738e-01
-2.157398223876953125e+00 5.061978340148925781e+00 4.333120584487915039e-01
-2.229271411895751953e+00 5.107205390930175781e+00 4.784176349639892578e-01
-2.306904792785644531e+00 5.155987262725830078e+00 5.227941274642944336e-01
-2.407304048538208008e+00 5.218992233276367188e+00 5.743854641914367676e-01
-2.472821474075317383e+00 5.260051727294921875e+00 6.033762693405151367e-01
-2.565751791000366211e+00 5.318253517150878906e+00 6.403540968894958496e-01
-2.646728038787841797e+00 5.368933677673339844e+00 6.675995588302612305e-01
-2.724489450454711914e+00 5.417585372924804688e+00 6.897262930870056152e-01
-2.814793586730957031e+00 5.474077701568603516e+00 7.110188603401184082e-01
-2.898797988891601562e+00 5.526633739471435547e+00 7.261518239974975586e-01
-2.960753679275512695e+00 5.565408229827880859e+00 7.341520786285400391e-01
-3.037254095077514648e+00 5.613305091857910156e+00 7.411772608757019043e-01
-3.119285821914672852e+00 5.664699077606201172e+00 7.449443936347961426e-01
-3.180197477340698242e+00 5.702896118164062500e+00 7.447442412376403809e-01
-3.275707006454467773e+00 5.762840270996093750e+00 7.409311532974243164e-01
-3.347213745117187500e+00 5.807788848876953125e+00 7.339362502098083496e-01
-3.431596279144287109e+00 5.860906124114990234e+00 7.219790816307067871e-01
-3.535915136337280273e+00 5.926698684692382812e+00 7.017080187797546387e-01
-3.629775524139404297e+00 5.986057758331298828e+00 6.772112250328063965e-01
-3.701900243759155273e+00 6.031804561614990234e+00 6.539118289947509766e-01
-3.770800828933715820e+00 6.075620174407958984e+00 6.282498836517333984e-01
-3.839854478836059570e+00 6.119655132293701172e+00 5.991572737693786621e-01
-3.925073146820068359e+00 6.174166679382324219e+00 5.589196681976318359e-01
-3.985629558563232422e+00 6.213067531585693359e+00 5.263440012931823730e-01
-4.040264606475830078e+00 6.248285293579101562e+00 4.942594766616821289e-01
-4.116871833801269531e+00 6.297834396362304688e+00 4.457029700279235840e-01
-4.168653488159179688e+00 6.331502437591552734e+00 4.093123078346252441e-01
-4.219100475311279297e+00 6.364433765411376953e+00 3.713519573211669922e-01
-4.302670478820800781e+00 6.419219017028808594e+00 3.041961789131164551e-01
-4.368431568145751953e+00 6.462665557861328125e+00 2.453744709491729736e-01
-4.445673465728759766e+00 6.514060020446777344e+00 1.701891422271728516e-01
-4.510516643524169922e+00 6.557617187500000000e+00 1.004310548305511475e-01
-4.571896553039550781e+00 6.599234580993652344e+00 2.846166491508483887e-02
-4.599887847900390625e+00 6.618408203125000000e+00 -7.238086313009262085e-03
-4.716636657714843750e+00 6.711505413055419922e+00 1.240230500698089600e-01
-4.788377285003662109e+00 6.768295764923095703e+00 1.942123621702194214e-01
-4.820683479309082031e+00 6.793775558471679688e+00 2.232740819454193115e-01
-4.943331241607666016e+00 6.890364170074462891e+00 3.295274972915649414e-01
-5.014598369598388672e+00 6.946196556091308594e+00 3.827434182167053223e-01
-5.079555034637451172e+00 6.996957778930664062e+00 4.271441698074340820e-01
-5.204531669616699219e+00 7.094424247741699219e+00 5.057410597801208496e-01
-5.299693584442138672e+00 7.168380737304687500e+00 5.560979247093200684e-01
-5.367488384246826172e+00 7.220954895019531250e+00 5.871664285659790039e-01
-5.511398792266845703e+00 7.332412242889404297e+00 6.461528539657592773e-01
-5.580591201782226562e+00 7.385873794555664062e+00 6.676440834999084473e-01
-5.642185211181640625e+00 7.433425426483154297e+00 6.839582920074462891e-01
-5.777905941009521484e+00 7.538141727447509766e+00 7.144737839698791504e-01
-5.855812072753906250e+00 7.598187446594238281e+00 7.252141237258911133e-01
-5.948486328125000000e+00 7.669594764709472656e+00 7.334446310997009277e-01
-6.070223808288574219e+00 7.763383865356445312e+00 7.371813058853149414e-01
-6.111851692199707031e+00 7.795460224151611328e+00 7.352756857872009277e-01
-6.231962680816650391e+00 7.888031482696533203e+00 7.266235351562500000e-01
-6.346112728118896484e+00 7.976077556610107422e+00 7.096495032310485840e-01
-6.428875446319580078e+00 8.039990425109863281e+00 6.911717057228088379e-01
-6.472132682800292969e+00 8.073436737060546875e+00 6.791083812713623047e-01
-6.618210792541503906e+00 8.186469078063964844e+00 6.340240836143493652e-01
-6.716864585876464844e+00 8.263030052185058594e+00 5.933066010475158691e-01
-6.786288261413574219e+00 8.317050933837890625e+00 5.594508647918701172e-01
-6.882313728332519531e+00 8.391941070556640625e+00 5.072774887084960938e-01
-6.930760860443115234e+00 8.429861068725585938e+00 4.770082831382751465e-01
-7.011103630065917969e+00 8.492880821228027344e+00 4.232937097549438477e-01
-7.088200569152832031e+00 8.553593635559082031e+00 3.658384978771209717e-01
-7.190094470977783203e+00 8.634188652038574219e+00 2.817863821983337402e-01
-7.275600433349609375e+00 8.702287673950195312e+00 2.013175338506698608e-01
-7.342790603637695312e+00 8.756180763244628906e+00 1.306503117084503174e-01
-7.370671272277832031e+00 8.778693199157714844e+00 9.859013557434082031e-02
-7.462429523468017578e+00 8.853021621704101562e+00 -1.102322340011596680e-02
-7.543333530426025391e+00 8.919328689575195312e+00 -1.207779720425605774e-01
-7.586873531341552734e+00 8.961342811584472656e+00 -7.341840863227844238e-02
-7.713860511779785156e+00 9.083432197570800781e+00 5.765055119991302490e-02
-7.840159893035888672e+00 9.203678131103515625e+00 1.690500378608703613e-01
-7.946455001831054688e+00 9.304054260253906250e+00 2.489172220230102539e-01
-8.005167961120605469e+00 9.359171867370605469e+00 2.872199416160583496e-01
-8.095036506652832031e+00 9.443291664123535156e+00 3.412598669528961182e-01
-8.255276679992675781e+00 9.592658042907714844e+00 4.255948364734649658e-01
-8.395521163940429688e+00 9.722512245178222656e+00 4.816798567771911621e-01
-8.469640731811523438e+00 9.790799140930175781e+00 5.036559700965881348e-01
-8.579348564147949219e+00 9.891642570495605469e+00 5.304260253906250000e-01
-8.730759620666503906e+00 1.003038311004638672e+01 5.558118820190429688e-01
-8.804969787597656250e+00 1.009812164306640625e+01 5.605646371841430664e-01
-8.942005157470703125e+00 1.022300815582275391e+01 5.624668598175048828e-01
-9.028390884399414062e+00 1.030152511596679688e+01 5.556216835975646973e-01
-9.139305114746093750e+00 1.040219783782958984e+01 5.402618050575256348e-01
-9.233067512512207031e+00 1.048717212677001953e+01 5.200119018554687500e-01
-9.333432197570800781e+00 1.057803821563720703e+01 4.915845692157745361e-01
-9.508642196655273438e+00 1.073653793334960938e+01 4.289120137691497803e-01
-9.554018974304199219e+00 1.077755069732666016e+01 4.064267873764038086e-01
-9.646611213684082031e+00 1.086124229431152344e+01 3.570075333118438721e-01
-9.787637710571289062e+00 1.098874855041503906e+01 2.702490687370300293e-01
-9.880245208740234375e+00 1.107256698608398438e+01 2.007393687963485718e-01
-9.973934173583984375e+00 1.115748596191406250e+01 1.210708469152450562e-01
-1.005510425567626953e+01 1.123121261596679688e+01 4.294150322675704956e-02
-1.011784744262695312e+01 1.128834819793701172e+01 -2.431280165910720825e-02
-1.023920154571533203e+01 1.142070007324218750e+01 9.990624338388442993e-02
-1.038143062591552734e+01 1.157404708862304688e+01 2.234935313463211060e-01
-1.062793636322021484e+01 1.183676242828369141e+01 3.986830711364746094e-01
-1.072836494445800781e+01 1.194197940826416016e+01 4.460953474044799805e-01
-1.086303424835205078e+01 1.208226585388183594e+01 4.982632696628570557e-01
-1.101585769653320312e+01 1.224032974243164062e+01 5.408507585525512695e-01
-1.119695186614990234e+01 1.242624187469482422e+01 5.698999166488647461e-01
-1.131468009948730469e+01 1.254612159729003906e+01 5.727337002754211426e-01
-1.151433086395263672e+01 1.274843883514404297e+01 5.600638389587402344e-01
-1.159808444976806641e+01 1.283264255523681641e+01 5.421018600463867188e-01
-1.175499534606933594e+01 1.298992061614990234e+01 4.982588887214660645e-01
-1.195909690856933594e+01 1.319335651397705078e+01 4.153537154197692871e-01
-1.202088737487792969e+01 1.325451183319091797e+01 3.791762292385101318e-01
-1.219404125213623047e+01 1.342555427551269531e+01 2.674968838691711426e-01
-1.228813743591308594e+01 1.351798820495605469e+01 1.896425634622573853e-01
-1.241648864746093750e+01 1.364372253417968750e+01 6.875829398632049561e-02
-1.248936843872070312e+01 1.371485233306884766e+01 -1.294794678688049316e-02
-1.272747230529785156e+01 1.399726200103759766e+01 2.304044663906097412e-01
-1.294719600677490234e+01 1.424807071685791016e+01 3.876487910747528076e-01
-1.332975101470947266e+01 1.467227554321289062e+01 5.764944553375244141e-01
-1.360053539276123047e+01 1.495943260192871094e+01 6.212567090988159180e-01
-1.367098236083984375e+01 1.503203487396240234e+01 6.186037063598632812e-01
-1.391685771942138672e+01 1.528361129760742188e+01 5.968528389930725098e-01
-1.424450397491455078e+01 1.561021041870117188e+01 5.084528923034667969e-01
-1.445973968505859375e+01 1.581681632995605469e+01 3.950593173503875732e-01
-1.469472122192382812e+01 1.603610801696777344e+01 2.265112549066543579e-01
-1.490005588531494141e+01 1.622079658508300781e+01 2.866423130035400391e-02
-1.508055496215820312e+01 1.637652397155761719e+01 -1.948643177747726440e-01
-1.535252380371093750e+01 1.665328025817871094e+01 -2.974626421928405762e-02
-1.588462162017822266e+01 1.716090965270996094e+01 1.715208441019058228e-01
-1.690066528320312500e+01 1.802310371398925781e+01 1.823026090860366821e-01
-1.727733421325683594e+01 1.827188301086425781e+01 -4.713234305381774902e-02
-1.798477554321289062e+01 1.867760848999023438e+01 -6.663810014724731445e-01
-2.299296951293945312e+01 1.918824005126953125e+01 -3.319192886352539062e+00
2.889188125000000000e+05 -1.290601500000000000e+06 -2.817940750000000000e+06
-1.052115005806494086e+25 2.857759907358445039e+25 3.596321423209591212e+25
-1.668872094078183786e+25 4.532998664569368755e+25 5.704509875516496532e+25
-2.698312246777123630e+25 7.329169043983114186e+25 9.223324075320184163e+25
-4.166133507780247935e+25 1.131607214166879275e+26 1.424060603439385346e+26
-4.596956293284530827e+25 1.248627547846109452e+26 1.571323728391419753e+26
-5.578023318414681193e+25 1.515105431152382524e+26 1.906670409321318960e+26
-6.755606275173670468e+25 1.834961089811502660e+26 2.309189617523546339e+26
-7.822838041872118150e+25 2.124843002960133620e+26 2.673988923443852427e+26
-8.294476093313890796e+25 2.252949553126502132e+26 2.835203320938833368e+26
-9.611131820656187438e+25 2.610580085364883214e+26 3.285260342021332473e+26
-1.053173226338712526e+26 2.860634002318849356e+26 3.599938553021284549e+26
-1.185594562177642071e+26 3.220317472705193574e+26 4.052578856143865940e+26
-1.253921578927823356e+26 3.405907582286615053e+26 4.286133082861102573e+26
