2.350970458984375000e+01 -1.706930100917816162e-01 2.065649181604385376e-01
2.341427803039550781e+01 -1.542857885360717773e-01 2.623568177223205566e-01
2.323081970214843750e+01 -1.227667257189750671e-01 3.691014945507049561e-01
2.303672218322753906e+01 -8.946655690670013428e-02 4.809536635875701904e-01
2.290349388122558594e+01 -6.664028763771057129e-02 5.569041967391967773e-01
2.275162506103515625e+01 -4.064150154590606689e-02 6.428088545799255371e-01
2.258680915832519531e+01 -1.245049759745597839e-02 7.351752519607543945e-01
2.249228668212890625e+01 3.703800961375236511e-03 7.875909209251403809e-01
2.234509658813476562e+01 2.884887531399726868e-02 8.686980605125427246e-01
2.215989875793457031e+01 6.046845391392707825e-02 9.697132706642150879e-01
2.203829574584960938e+01 8.121763169765472412e-02 1.035153150558471680e+00
2.195909500122070312e+01 9.472746402025222778e-02 1.077379703521728516e+00
2.175317955017089844e+01 1.298467814922332764e-01 1.186482191085815430e+00
2.162590599060058594e+01 1.515461802482604980e-01 1.252783894538879395e+00
2.155150032043457031e+01 1.642308384180068970e-01 1.291118860244750977e+00
2.135176467895507812e+01 1.982816159725189209e-01 1.393341898918151855e+00
2.124693679809570312e+01 2.161536961793899536e-01 1.446000814437866211e+00
2.115240097045898438e+01 2.322731614112854004e-01 1.493003487586975098e+00
2.099132728576660156e+01 2.597425580024719238e-01 1.572324395179748535e+00
2.086403465270996094e+01 2.814585566520690918e-01 1.633953332901000977e+00
2.071000480651855469e+01 3.077460825443267822e-01 1.707484960556030273e+00
2.060652351379394531e+01 3.254164159297943115e-01 1.756011605262756348e+00
2.052902221679687500e+01 3.386563956737518311e-01 1.791903018951416016e+00
2.042774772644042969e+01 3.559644222259521484e-01 1.838353395462036133e+00
2.024109077453613281e+01 3.878813683986663818e-01 1.922857880592346191e+00
2.012606430053710938e+01 4.075713753700256348e-01 1.973639130592346191e+00
2.007289695739746094e+01 4.166797101497650146e-01 1.996730804443359375e+00
1.996923637390136719e+01 4.344449043273925781e-01 2.041402578353881836e+00
1.979772377014160156e+01 4.638617634773254395e-01 2.114170074462890625e+00
1.968555450439453125e+01 4.831274151802062988e-01 2.160486936569213867e+00
1.962339019775390625e+01 4.938153922557830811e-01 2.185680627822875977e+00
1.947091484069824219e+01 5.200461745262145996e-01 2.246816635131835938e+00
1.939642143249511719e+01 5.328809022903442383e-01 2.275880098342895508e+00
1.929060935974121094e+01 5.511263608932495117e-01 2.316590785980224609e+00
1.917880249023437500e+01 5.704283714294433594e-01 2.358734607696533203e+00
1.905696296691894531e+01 5.914899110794067383e-01 2.403632164001464844e+00
1.892908096313476562e+01 6.136292219161987305e-01 2.449553489685058594e+00
1.885113906860351562e+01 6.271448135375976562e-01 2.476752519607543945e+00
1.876513862609863281e+01 6.420738697052001953e-01 2.506222724914550781e+00
1.861591339111328125e+01 6.680092215538024902e-01 2.556305170059204102e+00
1.858197402954101562e+01 6.739204525947570801e-01 2.567270517349243164e+00
1.842261123657226562e+01 7.016916275024414062e-01 2.618296861648559570e+00
1.832490348815917969e+01 7.187601327896118164e-01 2.648226737976074219e+00
1.826849555969238281e+01 7.286295294761657715e-01 2.665013790130615234e+00
1.817537689208984375e+01 7.449370026588439941e-01 2.692249774932861328e+00
1.802650833129882812e+01 7.710488438606262207e-01 2.734518527984619141e+00
1.795513725280761719e+01 7.835997343063354492e-01 2.753784894943237305e+00
1.789911270141601562e+01 7.934645414352416992e-01 2.768524646759033203e+00
1.774100112915039062e+01 8.213330507278442383e-01 2.809261560440063477e+00
1.768813133239746094e+01 8.306791782379150391e-01 2.822055101394653320e+00
1.759589385986328125e+01 8.470009565353393555e-01 2.843881368637084961e+00
1.748172569274902344e+01 8.672397732734680176e-01 2.869817972183227539e+00
1.738924026489257812e+01 8.836718201637268066e-01 2.889725685119628906e+00
1.732101821899414062e+01 8.958155512809753418e-01 2.903738498687744141e+00
1.724616622924804688e+01 9.091581702232360840e-01 2.918560981750488281e+00
1.712758445739746094e+01 9.303282499313354492e-01 2.941069841384887695e+00
1.703391647338867188e+01 9.470921158790588379e-01 2.957610845565795898e+00
1.692961502075195312e+01 9.657965898513793945e-01 2.974918603897094727e+00
1.686868667602539062e+01 9.767474532127380371e-01 2.984292984008789062e+00
1.677090835571289062e+01 9.943445920944213867e-01 2.998636007308959961e+00
1.672553634643554688e+01 1.002527832984924316e+00 3.004762411117553711e+00
1.658251571655273438e+01 1.028348326683044434e+00 3.023288488388061523e+00
1.653624534606933594e+01 1.036728262901306152e+00 3.028468370437622070e+00
1.643144607543945312e+01 1.055728197097778320e+00 3.039593458175659180e+00
1.632896423339843750e+01 1.074351429939270020e+00 3.049109697341918945e+00
1.625310134887695312e+01 1.088168978691101074e+00 3.055148839950561523e+00
1.618213653564453125e+01 1.101116418838500977e+00 3.060090541839599609e+00
1.609599494934082031e+01 1.116857409477233887e+00 3.065274715423583984e+00
1.600062942504882812e+01 1.134317278861999512e+00 3.069904327392578125e+00
1.592700290679931641e+01 1.147825598716735840e+00 3.072514533996582031e+00
1.585981941223144531e+01 1.160171627998352051e+00 3.074206590652465820e+00
1.577700233459472656e+01 1.175412774085998535e+00 3.075506687164306641e+00
1.573018074035644531e+01 1.184044957160949707e+00 3.075686693191528320e+00
1.563099861145019531e+01 1.202348709106445312e+00 3.075395345687866211e+00
1.556336879730224609e+01 1.214855909347534180e+00 3.074212789535522461e+00
1.547746467590332031e+01 1.230764746665954590e+00 3.071845293045043945e+00
1.538605308532714844e+01 1.247723221778869629e+00 3.068140506744384766e+00
1.534081459045410156e+01 1.256131052970886230e+00 3.065672874450683594e+00
1.527251243591308594e+01 1.268836736679077148e+00 3.061467170715332031e+00
1.517359352111816406e+01 1.287262082099914551e+00 3.054316520690917969e+00
1.510280513763427734e+01 1.300472378730773926e+00 3.048084735870361328e+00
1.502209472656250000e+01 1.315553545951843262e+00 3.040055990219116211e+00
1.491743946075439453e+01 1.335137009620666504e+00 3.028261899948120117e+00
1.485692405700683594e+01 1.346481442451477051e+00 3.020387649536132812e+00
1.480585002899169922e+01 1.356065273284912109e+00 3.013219594955444336e+00
1.474148273468017578e+01 1.368153452873229980e+00 3.003624677658081055e+00
1.464341735839843750e+01 1.386588573455810547e+00 2.987918376922607422e+00
1.456915187835693359e+01 1.400570392608642578e+00 2.974750280380249023e+00
1.450754356384277344e+01 1.412181377410888672e+00 2.963013887405395508e+00
1.445175552368164062e+01 1.422704458236694336e+00 2.951768398284912109e+00
1.439135360717773438e+01 1.434105992317199707e+00 2.938981056213378906e+00
1.430753135681152344e+01 1.449940562248229980e+00 2.920306205749511719e+00
1.422687435150146484e+01 1.465192794799804688e+00 2.901079893112182617e+00
1.413903331756591797e+01 1.481818795204162598e+00 2.878805160522460938e+00
1.406646156311035156e+01 1.495567560195922852e+00 2.859182119369506836e+00
1.402205944061279297e+01 1.503985762596130371e+00 2.846549987792968750e+00
1.393294715881347656e+01 1.520887613296508789e+00 2.820421457290649414e+00
1.385455799102783203e+01 1.535767555236816406e+00 2.796049833297729492e+00
1.380216884613037109e+01 1.545718550682067871e+00 2.778933763504028320e+00
1.373459529876708984e+01 1.558558940887451172e+00 2.756134271621704102e+00
1.365845012664794922e+01 1.573035359382629395e+00 2.729381084442138672e+00
1.362251758575439453e+01 1.579870223999023438e+00 2.716184616088867188e+00
1.357382678985595703e+01 1.589133739471435547e+00 2.697933197021484375e+00
1.345716476440429688e+01 1.611335396766662598e+00 2.652994394302368164e+00
1.341800785064697266e+01 1.618791937828063965e+00 2.636924266815185547e+00
1.333812236785888672e+01 1.634007215499877930e+00 2.603452682495117188e+00
1.327256679534912109e+01 1.646497368812561035e+00 2.574824810028076172e+00
1.322990703582763672e+01 1.654627323150634766e+00 2.555567026138305664e+00
1.315908908843994141e+01 1.668125391006469727e+00 2.522912263870239258e+00
1.309602642059326172e+01 1.680148005485534668e+00 2.492808580398559570e+00
1.304929733276367188e+01 1.689058184623718262e+00 2.469817161560058594e+00
1.299195861816406250e+01 1.699992418289184570e+00 2.440976381301879883e+00
1.290871906280517578e+01 1.715867519378662109e+00 2.397975921630859375e+00
1.286792182922363281e+01 1.723649263381958008e+00 2.376083850860595703e+00
1.279546928405761719e+01 1.737469553947448730e+00 2.336486339569091797e+00
1.274230670928955078e+01 1.747610926628112793e+00 2.306483268737792969e+00
1.265644836425781250e+01 1.763989925384521484e+00 2.256890296936035156e+00
1.258840465545654297e+01 1.776970744132995605e+00 2.216110944747924805e+00
1.254269123077392578e+01 1.785691380500793457e+00 2.187916278839111328e+00
1.249122428894042969e+01 1.795509457588195801e+00 2.155562162399291992e+00
1.240438461303710938e+01 1.812074780464172363e+00 2.099799394607543945e+00
1.239143466949462891e+01 1.814544796943664551e+00 2.091184854507446289e+00
1.231966495513916016e+01 1.828233957290649414e+00 2.043192148208618164e+00
1.226274204254150391e+01 1.839090108871459961e+00 2.004019975662231445e+00
1.220141887664794922e+01 1.850784420967102051e+00 1.960860371589660645e+00
1.214976501464843750e+01 1.860633850097656250e+00 1.923624157905578613e+00
1.209116649627685547e+01 1.871806144714355469e+00 1.880529642105102539e+00
1.203473949432373047e+01 1.882562994956970215e+00 1.838089466094970703e+00
1.196718502044677734e+01 1.895439386367797852e+00 1.786179780960083008e+00
1.191634368896484375e+01 1.905128598213195801e+00 1.746107220649719238e+00
1.184965419769287109e+01 1.917836189270019531e+00 1.692538738250732422e+00
1.179992771148681641e+01 1.927309870719909668e+00 1.651598930358886719e+00
1.175948715209960938e+01 1.935013294219970703e+00 1.617691993713378906e+00
1.167744731903076172e+01 1.950638771057128906e+00 1.547886967658996582e+00
1.163786411285400391e+01 1.958176016807556152e+00 1.513193607330322266e+00
1.159766483306884766e+01 1.965829491615295410e+00 1.477457165718078613e+00
1.154337310791015625e+01 1.976164698600769043e+00 1.428495645523071289e+00
1.146319007873535156e+01 1.991425991058349609e+00 1.354779243469238281e+00
1.141428947448730469e+01 2.000730752944946289e+00 1.308535337448120117e+00
1.136998081207275391e+01 2.009160280227661133e+00 1.265912175178527832e+00
1.132607364654541016e+01 2.017512321472167969e+00 1.223018646240234375e+00
1.126766014099121094e+01 2.028621912002563477e+00 1.165079832077026367e+00
1.120877647399902344e+01 2.039818763732910156e+00 1.105487227439880371e+00
1.114758300781250000e+01 2.051452398300170898e+00 1.042294979095458984e+00
1.110983753204345703e+01 2.058626890182495117e+00 1.002494335174560547e+00
1.107049655914306641e+01 2.066103696823120117e+00 9.604766964912414551e-01
1.102952575683593750e+01 2.073889255523681641e+00 9.161317944526672363e-01
1.097410488128662109e+01 2.084419488906860352e+00 8.553119897842407227e-01
1.090548896789550781e+01 2.097454547882080078e+00 7.785950899124145508e-01
1.087545108795166016e+01 2.103159666061401367e+00 7.442308068275451660e-01
1.081373500823974609e+01 2.114880561828613281e+00 6.729138493537902832e-01
1.075655651092529297e+01 2.125738143920898438e+00 6.054683923721313477e-01
1.072329616546630859e+01 2.132052898406982422e+00 5.654852986335754395e-01
1.066129016876220703e+01 2.143824338912963867e+00 4.901210963726043701e-01
1.061690711975097656e+01 2.152249097824096680e+00 4.350605905055999756e-01
1.057485389709472656e+01 2.160230875015258789e+00 3.821220397949218750e-01
1.051044368743896484e+01 2.172455072402954102e+00 2.999111115932464600e-01
1.047135829925537109e+01 2.179872274398803711e+00 2.489581406116485596e-01
1.043718910217285156e+01 2.186356306076049805e+00 2.038402408361434937e-01
1.037456130981445312e+01 2.198240280151367188e+00 1.202149391174316406e-01
1.033116245269775391e+01 2.206475019454956055e+00 6.106755509972572327e-02
1.028367042541503906e+01 2.215486049652099609e+00 -4.580680280923843384e-03
1.025246810913085938e+01 2.224210977554321289e+00 4.692932963371276855e-02
1.022384738922119141e+01 2.232154846191406250e+00 9.215047210454940796e-02
1.018794345855712891e+01 2.242057561874389648e+00 1.466981470584869385e-01
1.014120292663574219e+01 2.254854440689086914e+00 2.143687903881072998e-01
1.011877059936523438e+01 2.260942220687866211e+00 2.449104189872741699e-01
1.005840206146240234e+01 2.277262210845947266e+00 3.247799873352050781e-01
1.003272533416748047e+01 2.284136295318603516e+00 3.562368452548980713e-01
9.983802795410156250e+00 2.297184467315673828e+00 4.142933785915374756e-01
9.946805000305175781e+00 2.306986093521118164e+00 4.556184709072113037e-01
9.904228210449218750e+00 2.318213462829589844e+00 5.010693669319152832e-01
9.854236602783203125e+00 2.331329822540283203e+00 5.517319440841674805e-01
9.814803123474121094e+00 2.341619729995727539e+00 5.893272161483764648e-01
9.784158706665039062e+00 2.349584102630615234e+00 6.171692013740539551e-01
9.746159553527832031e+00 2.359430789947509766e+00 6.504219174385070801e-01
9.674142837524414062e+00 2.378027677536010742e+00 7.105554342269897461e-01
9.626952171325683594e+00 2.390138626098632812e+00 7.465363740921020508e-01
9.607378005981445312e+00 2.395143508911132812e+00 7.605842947959899902e-01
9.555727958679199219e+00 2.408331155776977539e+00 7.967250943183898926e-01
9.509916305541992188e+00 2.419985055923461914e+00 8.266583085060119629e-01
9.437932968139648438e+00 2.438240766525268555e+00 8.708435893058776855e-01
9.418055534362792969e+00 2.443259477615356445e+00 8.818548917770385742e-01
9.371424674987792969e+00 2.455019474029541016e+00 9.069442152976989746e-01
9.322360992431640625e+00 2.467361211776733398e+00 9.315405488014221191e-01
9.252151489257812500e+00 2.484977245330810547e+00 9.640976190567016602e-01
9.196579933166503906e+00 2.498872995376586914e+00 9.869628548622131348e-01
9.166503906250000000e+00 2.506375074386596680e+00 9.981328845024108887e-01
9.126867294311523438e+00 2.516249656677246094e+00 1.012012004852294922e+00
9.058768272399902344e+00 2.533188581466674805e+00 1.033977270126342773e+00
9.023449897766113281e+00 2.541951417922973633e+00 1.043722987174987793e+00
8.978704452514648438e+00 2.553039550781250000e+00 1.055009126663208008e+00
8.894515037536621094e+00 2.573871612548828125e+00 1.073743820190429688e+00
8.843990325927734375e+00 2.586341381072998047e+00 1.082205891609191895e+00
8.788364410400390625e+00 2.600051164627075195e+00 1.089714884757995605e+00
8.757530212402343750e+00 2.607640266418457031e+00 1.092784404754638672e+00
8.713381767272949219e+00 2.618498325347900391e+00 1.096317768096923828e+00
8.642158508300781250e+00 2.635998249053955078e+00 1.100035905838012695e+00
8.614770889282226562e+00 2.642717838287353516e+00 1.100242018699645996e+00
8.560422897338867188e+00 2.656045436859130859e+00 1.099719882011413574e+00
8.508120536804199219e+00 2.668859243392944336e+00 1.097441077232360840e+00
8.427544593811035156e+00 2.688584566116333008e+00 1.091295838356018066e+00
8.384950637817382812e+00 2.699000358581542969e+00 1.085896968841552734e+00
8.357836723327636719e+00 2.705627441406250000e+00 1.081732273101806641e+00
8.307849884033203125e+00 2.717842102050781250e+00 1.073195815086364746e+00
8.225382804870605469e+00 2.737984895706176758e+00 1.056488990783691406e+00
8.175647735595703125e+00 2.750125885009765625e+00 1.043776392936706543e+00
8.129776000976562500e+00 2.761321306228637695e+00 1.030560731887817383e+00
8.098082542419433594e+00 2.769055366516113281e+00 1.020467519760131836e+00
8.035590171813964844e+00 2.784304857254028320e+00 9.992383122444152832e-01
7.979976177215576172e+00 2.797875642776489258e+00 9.779857397079467773e-01
7.916359901428222656e+00 2.813401222229003906e+00 9.512186646461486816e-01
7.896816730499267578e+00 2.818171977996826172e+00 9.421118497848510742e-01
7.833178043365478516e+00 2.833709239959716797e+00 9.115516543388366699e-01
7.797858238220214844e+00 2.842336654663085938e+00 8.929288387298583984e-01
7.737466812133789062e+00 2.857093572616577148e+00 8.594627380371093750e-01
7.698270797729492188e+00 2.866678237915039062e+00 8.358955979347229004e-01
7.625401973724365234e+00 2.884507656097412109e+00 7.897787094116210938e-01
7.599876403808593750e+00 2.890761137008666992e+00 7.720744013786315918e-01
7.546376705169677734e+00 2.903875112533569336e+00 7.337799668312072754e-01
7.499919891357421875e+00 2.915277004241943359e+00 6.983081102371215820e-01
7.436747074127197266e+00 2.930800914764404297e+00 6.473397016525268555e-01
7.395204544067382812e+00 2.941029310226440430e+00 6.112641692161560059e-01
7.375394344329833984e+00 2.945914030075073242e+00 5.932136774063110352e-01
7.330423831939697266e+00 2.957011461257934570e+00 5.512874722480773926e-01
7.269443511962890625e+00 2.972087860107421875e+00 4.914195537567138672e-01
7.230649471282958984e+00 2.981706380844116211e+00 4.505796134471893311e-01
7.193396091461181641e+00 2.990961790084838867e+00 4.095652401447296143e-01
7.134404659271240234e+00 3.005649566650390625e+00 3.417449891567230225e-01
7.115278244018554688e+00 3.010429382324218750e+00 3.181878328323364258e-01
7.047772407531738281e+00 3.027323007583618164e+00 2.331199049949645996e-01
7.038359165191650391e+00 3.029690980911254883e+00 2.202576249837875366e-01
6.996693134307861328e+00 3.040180683135986328e+00 1.626543849706649780e-01
6.953033447265625000e+00 3.051213979721069336e+00 9.907077997922897339e-02
6.910400390625000000e+00 3.062035560607910156e+00 3.340429812669754028e-02
6.882994174957275391e+00 3.069025754928588867e+00 -1.126552000641822815e-02
6.821417331695556641e+00 3.086962938308715820e+00 7.143458724021911621e-02
6.790057659149169922e+00 3.096018552780151367e+00 1.104261949658393860e-01
6.756020545959472656e+00 3.105807781219482422e+00 1.511732488870620728e-01
6.678586483001708984e+00 3.127986192703247070e+00 2.401822805404663086e-01
6.628107547760009766e+00 3.142318010330200195e+00 2.931101620197296143e-01
6.591934204101562500e+00 3.152535915374755859e+00 3.288824260234832764e-01
6.534985542297363281e+00 3.168567419052124023e+00 3.829076290130615234e-01
6.512115955352783203e+00 3.174972772598266602e+00 4.032258093357086182e-01
6.455277442932128906e+00 3.190861701965332031e+00 4.524196088314056396e-01
6.401218891143798828e+00 3.205904483795166016e+00 4.962320625782012939e-01
6.322035312652587891e+00 3.227849245071411133e+00 5.564891099929809570e-01
6.287625789642333984e+00 3.237332344055175781e+00 5.803180336952209473e-01
6.255345344543457031e+00 3.246208667755126953e+00 6.017649769783020020e-01
6.184675693511962891e+00 3.265601873397827148e+00 6.469030976295471191e-01
6.145825862884521484e+00 3.276217460632324219e+00 6.696031093597412109e-01
6.079882621765136719e+00 3.294196367263793945e+00 7.062447071075439453e-01
6.013704299926757812e+00 3.312174320220947266e+00 7.398947477340698242e-01
5.962624549865722656e+00 3.326003313064575195e+00 7.635433673858642578e-01
5.918460845947265625e+00 3.337929964065551758e+00 7.824906110763549805e-01
5.856706619262695312e+00 3.354572296142578125e+00 8.072157502174377441e-01
5.778069019317626953e+00 3.375704765319824219e+00 8.356226086616516113e-01
5.712316036224365234e+00 3.393314599990844727e+00 8.561897873878479004e-01
5.666745185852050781e+00 3.405486345291137695e+00 8.686496019363403320e-01
5.591529846191406250e+00 3.425539731979370117e+00 8.872019052505493164e-01
5.558710575103759766e+00 3.434264659881591797e+00 8.938707113265991211e-01
5.500501632690429688e+00 3.449720621109008789e+00 9.046123623847961426e-01
5.405423164367675781e+00 3.474913835525512695e+00 9.190399050712585449e-01
5.368895053863525391e+00 3.484560966491699219e+00 9.226531386375427246e-01
5.303472995758056641e+00 3.501818180084228516e+00 9.278120994567871094e-01
5.217257976531982422e+00 3.524512529373168945e+00 9.315302371978759766e-01
5.181618213653564453e+00 3.533868789672851562e+00 9.313997030258178711e-01
5.140907764434814453e+00 3.544544696807861328e+00 9.304655790328979492e-01
5.033875465393066406e+00 3.572579622268676758e+00 9.256531000137329102e-01
5.017785549163818359e+00 3.576781034469604492e+00 9.239982962608337402e-01
4.924732208251953125e+00 3.601068735122680664e+00 9.136145114898681641e-01
4.880074977874755859e+00 3.612695217132568359e+00 9.063680768013000488e-01
4.811719894409179688e+00 3.630470514297485352e+00 8.935980796813964844e-01
4.746991157531738281e+00 3.647273302078247070e+00 8.790540695190429688e-01
4.692950725555419922e+00 3.661278963088989258e+00 8.649489283561706543e-01
4.614655971527099609e+00 3.681544065475463867e+00 8.421055674552917480e-01
4.546873092651367188e+00 3.699055910110473633e+00 8.192609548568725586e-01
4.527343750000000000e+00 3.704093456268310547e+00 8.118960857391357422e-01
4.433482170104980469e+00 3.728294372558593750e+00 7.753936648368835449e-01
4.406027317047119141e+00 3.735358476638793945e+00 7.631393074989318848e-01
4.349308967590332031e+00 3.749943494796752930e+00 7.368397116661071777e-01
4.249812602996826172e+00 3.775498390197753906e+00 6.870813965797424316e-01
4.213597774505615234e+00 3.784780740737915039e+00 6.665764451026916504e-01
4.171643733978271484e+00 3.795526742935180664e+00 6.417660713195800781e-01
4.095730781555175781e+00 3.814954996109008789e+00 5.946088433265686035e-01
4.053352355957031250e+00 3.825785160064697266e+00 5.659174919128417969e-01
3.988821268081665039e+00 3.842263936996459961e+00 5.201216340065002441e-01
3.927003145217895508e+00 3.858031988143920898e+00 4.730617403984069824e-01
3.862509727478027344e+00 3.874464988708496094e+00 4.206069707870483398e-01
3.846158742904663086e+00 3.878626823425292969e+00 4.063689112663269043e-01
3.784540414810180664e+00 3.894306898117065430e+00 3.517711162567138672e-01
3.737662792205810547e+00 3.906224489212036133e+00 3.074506223201751709e-01
3.686720609664916992e+00 3.919167041778564453e+00 2.568400204181671143e-01
3.602847576141357422e+00 3.940461874008178711e+00 1.688832789659500122e-01
3.554881572723388672e+00 3.952627897262573242e+00 1.138765066862106323e-01
3.514605283737182617e+00 3.962839126586914062e+00 6.519413739442825317e-02
3.472131967544555664e+00 3.973603963851928711e+00 1.149255037307739258e-02
3.409432649612426758e+00 3.991237401962280273e+00 8.138646185398101807e-02
3.388941049575805664e+00 3.996965169906616211e+00 1.026540398597717285e-01
3.330248117446899414e+00 4.013340950012207031e+00 1.621992588043212891e-01
3.263900518417358398e+00 4.031758308410644531e+00 2.252620458602905273e-01
3.180953502655029297e+00 4.054662227630615234e+00 2.985506653785705566e-01
3.137875795364379883e+00 4.066485404968261719e+00 3.332965373992919922e-01
3.075076580047607422e+00 4.083671569824218750e+00 3.816220760345458984e-01
3.026343107223510742e+00 4.096954822540283203e+00 4.166130721569061279e-01
2.941981554031372070e+00 4.119882106781005859e+00 4.739872515201568604e-01
2.865030765533447266e+00 4.140695571899414062e+00 5.215182900428771973e-01
2.828608512878417969e+00 4.150506973266601562e+00 5.420691967010498047e-01
2.747062444686889648e+00 4.172433853149414062e+00 5.861088037490844727e-01
2.695188283920288086e+00 4.186327934265136719e+00 6.114050149917602539e-01
2.602261066436767578e+00 4.211159229278564453e+00 6.537531614303588867e-01
2.550755500793457031e+00 4.224866390228271484e+00 6.743800640106201172e-01
2.488749980926513672e+00 4.241333484649658203e+00 6.973868608474731445e-01
2.414091348648071289e+00 4.261112213134765625e+00 7.225062847137451172e-01
2.361861944198608398e+00 4.274909496307373047e+00 7.379614114761352539e-01
2.246571779251098633e+00 4.305307865142822266e+00 7.688850760459899902e-01
2.169199228286743164e+00 4.325625896453857422e+00 7.850202322006225586e-01
2.124476909637451172e+00 4.337339878082275391e+00 7.926050424575805664e-01
2.066533803939819336e+00 4.352495193481445312e+00 8.011469841003417969e-01
1.967568993568420410e+00 4.378332614898681641e+00 8.129195570945739746e-01
1.906518578529357910e+00 4.394223690032958984e+00 8.172493577003479004e-01
1.844572305679321289e+00 4.410319328308105469e+00 8.198263049125671387e-01
1.783316612243652344e+00 4.426208019256591797e+00 8.205615282058715820e-01
1.659022927284240723e+00 4.458393096923828125e+00 8.184280395507812500e-01
1.590401649475097656e+00 4.476102828979492188e+00 8.131994605064392090e-01
1.514350771903991699e+00 4.495695590972900391e+00 8.049192428588867188e-01
1.463282227516174316e+00 4.508827209472656250e+00 7.975006699562072754e-01
1.370807051658630371e+00 4.532577037811279297e+00 7.817908525466918945e-01
1.307168722152709961e+00 4.548884868621826172e+00 7.681204080581665039e-01
1.245733380317687988e+00 4.564605236053466797e+00 7.529957294464111328e-01
1.145021080970764160e+00 4.590340614318847656e+00 7.251105308532714844e-01
1.063119649887084961e+00 4.611223220825195312e+00 6.982402801513671875e-01
9.965148568153381348e-01 4.628176212310791016e+00 6.735378503799438477e-01
9.317145347595214844e-01 4.644647598266601562e+00 6.471890807151794434e-01
8.620064854621887207e-01 4.662343502044677734e+00 6.163592934608459473e-01
7.967526316642761230e-01 4.678886413574218750e+00 5.849254727363586426e-01
7.152526974678039551e-01 4.699522495269775391e+00 5.425584912300109863e-01
6.659373044967651367e-01 4.711990833282470703e+00 5.144880414009094238e-01
6.143317222595214844e-01 4.725027084350585938e+00 4.835085570812225342e-01
5.144806504249572754e-01 4.750228881835937500e+00 4.202142953872680664e-01
4.397410750389099121e-01 4.769061565399169922e+00 3.677662611007690430e-01
4.044647812843322754e-01 4.777940273284912109e+00 3.410954773426055908e-01
3.165884315967559814e-01 4.800046443939208984e+00 2.722868323326110840e-01
2.789209187030792236e-01 4.809510231018066406e+00 2.401472777128219604e-01
1.826442778110504150e-01 4.833688259124755859e+00 1.548992991447448730e-01
1.343798190355300903e-01 4.845795154571533203e+00 1.079583019018173218e-01
8.001945167779922485e-02 4.859424591064453125e+00 5.249144509434700012e-02
1.161465048789978027e-02 4.876566886901855469e+00 -2.121886238455772400e-02
-5.871303379535675049e-02 4.895157814025878906e+00 4.682687297463417053e-02
-1.337145566940307617e-01 4.914904594421386719e+00 1.142151653766632080e-01
-2.068013846874237061e-01 4.934072017669677734e+00 1.749573349952697754e-01
-2.307952642440795898e-01 4.940342426300048828e+00 1.934485584497451782e-01
-3.099801540374755859e-01 4.961014747619628906e+00 2.529921233654022217e-01
-4.299241602420806885e-01 4.992220878601074219e+00 3.360673189163208008e-01
-5.168842673301696777e-01 5.014738559722900391e+00 3.890929818153381348e-01
-5.566323399543762207e-01 5.024999141693115234e+00 4.111389815807342529e-01
-6.188540458679199219e-01 5.041039943695068359e+00 4.441578984260559082e-01
-7.224280834197998047e-01 5.067687511444091797e+00 4.953481853008270264e-01
-8.109628558158874512e-01 5.090394020080566406e+00 5.339733362197875977e-01
-9.226137399673461914e-01 5.118957519531250000e+00 5.774348974227905273e-01
-9.601429700851440430e-01 5.128530025482177734e+00 5.899168848991394043e-01
-1.059334635734558105e+00 5.153807163238525391e+00 6.210842728614807129e-01
-1.196328639984130859e+00 5.188634872436523438e+00 6.576161980628967285e-01
-1.233260273933410645e+00 5.197995185852050781e+00 6.651265621185302734e-01
-1.367221951484680176e+00 5.231920719146728516e+00 6.901443004608154297e-01
-1.429561138153076172e+00 5.247665405273437500e+00 6.980922222137451172e-01
-1.543375134468078613e+00 5.276377201080322266e+00 7.095258235931396484e-01
-1.592277169227600098e+00 5.288688659667968750e+00 7.120524048805236816e-01
-1.700464487075805664e+00 5.315903186798095703e+00 7.153937220573425293e-01
-1.803491353988647461e+00 5.341774463653564453e+00 7.138634324073791504e-01
-1.928545713424682617e+00 5.373127937316894531e+00 7.065764665603637695e-01
-1.999753952026367188e+00 5.390949726104736328e+00 6.986693143844604492e-01
-2.054250955581665039e+00 5.404576778411865234e+00 6.909681558609008789e-01
-2.203172206878662109e+00 5.441790103912353516e+00 6.664496064186096191e-01
-2.240442276000976562e+00 5.451087474822998047e+00 6.579141616821289062e-01
-2.397505044937133789e+00 5.490253925323486328e+00 6.193599700927734375e-01
-2.436162948608398438e+00 5.499879360198974609e+00 6.071503162384033203e-01
-2.547425508499145508e+00 5.527574539184570312e+00 5.700185298919677734e-01
-2.607774257659912109e+00 5.542583942413330078e+00 5.467135310173034668e-01
-2.732534885406494141e+00 5.573602676391601562e+00 4.948640465736389160e-01
-2.816430807113647461e+00 5.594448566436767578e+00 4.547333419322967529e-01
-2.897788763046264648e+00 5.614658355712890625e+00 4.122059941291809082e-01
-2.958259820938110352e+00 5.629677772521972656e+00 3.778811097145080566e-01
-3.101190567016601562e+00 5.665177822113037109e+00 2.917729020118713379e-01
-3.179244518280029297e+00 5.684567928314208984e+00 2.379761785268783569e-01
-3.249849796295166016e+00 5.702114105224609375e+00 1.856696903705596924e-01
-3.326179504394531250e+00 5.721092224121093750e+00 1.253396272659301758e-01
-3.412435531616210938e+00 5.742554187774658203e+00 5.224505066871643066e-02
-3.455301761627197266e+00 5.753231525421142578e+00 1.294229552149772644e-02
-3.600779533386230469e+00 5.789831638336181641e+00 1.429224610328674316e-01
-3.646512269973754883e+00 5.801315784454345703e+00 1.781608611345291138e-01
-3.771290063858032227e+00 5.832632541656494141e+00 2.700512409210205078e-01
-3.867441177368164062e+00 5.856733798980712891e+00 3.325161039829254150e-01
-3.972747802734375000e+00 5.883108139038085938e+00 3.945559561252593994e-01
-4.098753929138183594e+00 5.914641857147216797e+00 4.610401690006256104e-01
-4.156788825988769531e+00 5.929153919219970703e+00 4.876963794231414795e-01
-4.306233406066894531e+00 5.966512203216552734e+00 5.519075989723205566e-01
-4.405412673950195312e+00 5.991289138793945312e+00 5.872914195060729980e-01
-4.472143173217773438e+00 6.007954597473144531e+00 6.080548763275146484e-01
-4.618741512298583984e+00 6.044561386108398438e+00 6.493170261383056641e-01
-4.776016235351562500e+00 6.083826065063476562e+00 6.836502552032470703e-01
-4.845571517944335938e+00 6.101191043853759766e+00 6.943138837814331055e-01
-4.981553077697753906e+00 6.135142803192138672e+00 7.113531827926635742e-01
-5.103251934051513672e+00 6.165537357330322266e+00 7.200446128845214844e-01
-5.237599372863769531e+00 6.199105739593505859e+00 7.232584953308105469e-01
-5.385934829711914062e+00 6.236193656921386719e+00 7.190958857536315918e-01
-5.438994884490966797e+00 6.249472618103027344e+00 7.145685553550720215e-01
-5.594003200531005859e+00 6.288282871246337891e+00 6.981496810913085938e-01
-5.708577156066894531e+00 6.317009449005126953e+00 6.790856719017028809e-01
-5.818101406097412109e+00 6.344505786895751953e+00 6.558807492256164551e-01
-5.999975204467773438e+00 6.390231132507324219e+00 6.092852354049682617e-01
-6.032675743103027344e+00 6.398475170135498047e+00 5.984317064285278320e-01
-6.163300991058349609e+00 6.431427478790283203e+00 5.532276630401611328e-01
-6.339385032653808594e+00 6.475961685180664062e+00 4.821409881114959717e-01
-6.411883354187011719e+00 6.494372844696044922e+00 4.469289779663085938e-01
-6.568808078765869141e+00 6.534305572509765625e+00 3.650602102279663086e-01
-6.690521240234375000e+00 6.565430164337158203e+00 2.915781140327453613e-01
-6.749457359313964844e+00 6.580571174621582031e+00 2.519074380397796631e-01
-6.851953506469726562e+00 6.606970787048339844e+00 1.792224049568176270e-01
-6.953323841094970703e+00 6.633208751678466797e+00 1.006207093596458435e-01
-7.060188293457031250e+00 6.661024093627929688e+00 1.013200730085372925e-02
-7.164497852325439453e+00 6.688361167907714844e+00 -8.684317022562026978e-02
-7.356170177459716797e+00 6.736847400665283203e+00 7.161200791597366333e-02
-7.484274864196777344e+00 6.769422531127929688e+00 1.596903502941131592e-01
-7.540128707885742188e+00 6.783669471740722656e+00 1.936746388673782349e-01
-7.788889408111572266e+00 6.847206115722656250e+00 3.371201753616333008e-01
-7.845703601837158203e+00 6.861796855926513672e+00 3.624907433986663818e-01
-8.075361251831054688e+00 6.920849800109863281e+00 4.589089155197143555e-01
-8.173172950744628906e+00 6.946123123168945312e+00 4.899949431419372559e-01
-8.327069282531738281e+00 6.985973834991455078e+00 5.326855182647705078e-01
-8.589708328247070312e+00 7.054216384887695312e+00 5.894565582275390625e-01
-8.722187042236328125e+00 7.088845729827880859e+00 6.049194931983947754e-01
-8.914798736572265625e+00 7.139360427856445312e+00 6.180801987648010254e-01
-9.066061973571777344e+00 7.179231166839599609e+00 6.179396510124206543e-01
-9.191897392272949219e+00 7.212542533874511719e+00 6.110223531723022461e-01
-9.462791442871093750e+00 7.284530639648437500e+00 5.839148759841918945e-01
-9.649767875671386719e+00 7.334659576416015625e+00 5.468667149543762207e-01
-9.715635299682617188e+00 7.352443695068359375e+00 5.291944742202758789e-01
-9.935256004333496094e+00 7.411906242370605469e+00 4.646565318107604980e-01
-1.013044071197509766e+01 7.465270519256591797e+00 3.901644051074981689e-01
-1.030361175537109375e+01 7.513094902038574219e+00 3.095651865005493164e-01
-1.046284866333007812e+01 7.557528972625732422e+00 2.226174175739288330e-01
-1.063559532165527344e+01 7.606265068054199219e+00 1.143044531345367432e-01
-1.082153034210205078e+01 7.659452438354492188e+00 -2.037931978702545166e-02
-1.090009498596191406e+01 7.682329654693603516e+00 -8.669195324182510376e-02
-1.113655853271484375e+01 7.749090194702148438e+00 1.016611531376838684e-01
-1.139128303527832031e+01 7.822113037109375000e+00 2.626215815544128418e-01
-1.161667060852050781e+01 7.887622356414794922e+00 3.728253543376922607e-01
-1.183277511596679688e+01 7.951130867004394531e+00 4.551598429679870605e-01
-1.215179252624511719e+01 8.045840263366699219e+00 5.470166206359863281e-01
-1.243710231781005859e+01 8.131789207458496094e+00 5.933464765548706055e-01
-1.270808029174804688e+01 8.214526176452636719e+00 6.089255809783935547e-01
-1.290955734252929688e+01 8.276882171630859375e+00 6.010094285011291504e-01
-1.326895427703857422e+01 8.389337539672851562e+00 5.610321164131164551e-01
-1.364411735534667969e+01 8.509213447570800781e+00 4.702934622764587402e-01
-1.392202186584472656e+01 8.600322723388671875e+00 3.624924421310424805e-01
-1.416892528533935547e+01 8.683175086975097656e+00 2.367840856313705444e-01
-1.441933059692382812e+01 8.769322395324707031e+00 7.863846421241760254e-02
-1.455927944183349609e+01 8.818976402282714844e+00 -3.006702661514282227e-02
-1.485481166839599609e+01 8.926092147827148438e+00 -2.880992293357849121e-01
-1.523618984222412109e+01 9.064417839050292969e+00 -8.637262880802154541e-02
-1.613987159729003906e+01 9.401390075683593750e+00 2.219495922327041626e-01
-1.652065849304199219e+01 9.551417350769042969e+00 2.188304066658020020e-01
-1.743009185791015625e+01 9.919134140014648438e+00 8.718243241310119629e-02
-1.809015846252441406e+01 1.020536041259765625e+01 -2.374511361122131348e-01
-1.869060134887695312e+01 1.048704433441162109e+01 -7.399790287017822266e-01
-2.171443176269531250e+01 1.216120910644531250e+01 -6.693248152732849121e-01
-2.443787384033203125e+01 1.393205547332763672e+01 -3.657290935516357422e+00
-1.336494750976562500e+03 1.137556030273437500e+03 -8.132609252929687500e+02
-6.046463557632000000e+12 5.950615846912000000e+12 -1.072980452966400000e+13
-1.029495539048021157e+26 2.143256542894510495e+26 4.522472767933469348e+26
-2.149257084274247475e+26 4.474433388081833459e+26 9.441475270735873321e+26
-3.360210569997458803e+26 6.995458404785112279e+26 1.476107427760570193e+27
-5.221079373990723580e+26 1.086951004071849865e+27 2.293568840854952796e+27
-5.669169234285202299e+26 1.180236631574456837e+27 2.490410209942740089e+27
-7.351357341157294246e+26 1.530443124086420920e+27 3.229379103690010064e+27
-8.013771066407048864e+26 1.668347736154516555e+27 3.520371031216532423e+27
-9.910746420445548294e+26 2.063269800383939245e+27 4.353693692735253447e+27
-1.050835378228530946e+27 2.187682758984428893e+27 4.616216833919796149e+27
-1.171375258443304537e+27 2.438628871162264071e+27 5.145736673087685005e+27
-1.286915702079221365e+27 2.679167035185807140e+27 5.653294851779083397e+27
-1.441478904637497443e+27 3.000944660109967075e+27 6.332275524094460268e+27
-1.502211784234158053e+27 3.127381300322318956e+27 6.599069160319043027e+27
-1.675383619492134557e+27 3.487899448984510383e+27 7.359796357636134891e+27
-1.775509447271225620e+27 3.696346476425807599e+27 7.799639342738044723e+27
-1.851240267669575045e+27 3.854006813527083216e+27 8.132317665244193695e+27
-1.953171367610695619e+27 4.066212254392934310e+27 8.580091274558272737e+27
-2.135323520605611702e+27 4.445425956812901484e+27 9.380267940881636901e+27
-2.199991016926218265e+27 4.580054131985601124e+27 9.664346028729332919e+27
-2.378486287375962166e+27 4.951654789339372071e+27 1.044845779457378491e+28
-2.424267416818094531e+27 5.046964246027793865e+27 1.064956921597975449e+28
-2.585727930772506905e+27 5.383101111686834493e+27 1.135884859164922300e+28
-2.709045152775018206e+27 5.639829023753180603e+27 1.190056895977351077e+28
-2.822132253236107959e+27 5.875259653277594972e+27 1.239735010785519027e+28
-2.906704524282010076e+27 6.051326594337475748e+27 1.276886812379551100e+28
-3.074923482543171861e+27 6.401533160636416126e+27 1.350783701754278097e+28
-3.181391005786899088e+27 6.623182744172196152e+27 1.397553901341456992e+28
-3.273601114323032498e+27 6.815150483475709383e+27 1.438060944321567948e+28
-3.398538403177073266e+27 7.075251345802445136e+27 1.492944759822127251e+28
-3.505237322378461107e+27 7.297383201015288225e+27 1.539816608347849915e+28
