2.334699058532714844e+01 -2.160926908254623413e-01 3.227576315402984619e-01
2.316701507568359375e+01 -2.146093845367431641e-01 4.273235797882080078e-01
2.306576538085937500e+01 -2.138305455446243286e-01 4.856461882591247559e-01
2.285232734680175781e+01 -2.122517079114913940e-01 6.079733967781066895e-01
2.265329551696777344e+01 -2.109016925096511841e-01 7.207834720611572266e-01
2.250773620605468750e+01 -2.099934518337249756e-01 8.023812770843505859e-01
2.234858894348144531e+01 -2.090601325035095215e-01 8.908422589302062988e-01
2.219562911987304688e+01 -2.082234323024749756e-01 9.750424623489379883e-01
2.213378715515136719e+01 -2.079074829816818237e-01 1.008754134178161621e+00
2.192437934875488281e+01 -2.068665027618408203e-01 1.122442126274108887e+00
2.178889274597167969e+01 -2.062557935714721680e-01 1.194950461387634277e+00
2.171588516235351562e+01 -2.059468924999237061e-01 1.233641862869262695e+00
2.149030685424804688e+01 -2.050241082906723022e-01 1.352541565895080566e+00
2.141479110717773438e+01 -2.047474384307861328e-01 1.391653418540954590e+00
2.119906997680664062e+01 -2.039845734834671021e-01 1.502694845199584961e+00
2.107283782958984375e+01 -2.035830318927764893e-01 1.566491961479187012e+00
2.094645500183105469e+01 -2.032042145729064941e-01 1.629646062850952148e+00
2.082201194763183594e+01 -2.028524279594421387e-01 1.691102504730224609e+00
2.071513557434082031e+01 -2.025668025016784668e-01 1.743251562118530273e+00
2.055192375183105469e+01 -2.021503448486328125e-01 1.822038292884826660e+00
2.042227935791015625e+01 -2.018415927886962891e-01 1.883561253547668457e+00
2.036887931823730469e+01 -2.017206102609634399e-01 1.908544898033142090e+00
2.022015762329101562e+01 -2.013897746801376343e-01 1.977705836296081543e+00
2.009785842895507812e+01 -2.011309713125228882e-01 2.033601284027099609e+00
1.999416732788085938e+01 -2.009190171957015991e-01 2.080290794372558594e+00
1.979038047790527344e+01 -2.005124539136886597e-01 2.170855998992919922e+00
1.970853805541992188e+01 -2.003554999828338623e-01 2.206255435943603516e+00
1.958966445922851562e+01 -2.001292556524276733e-01 2.257086753845214844e+00
1.949186897277832031e+01 -1.999442875385284424e-01 2.298192262649536133e+00
1.934003639221191406e+01 -1.996568441390991211e-01 2.361080408096313477e+00
1.925225257873535156e+01 -1.994891166687011719e-01 2.396584510803222656e+00
1.911425209045410156e+01 -1.992221772670745850e-01 2.451602220535278320e+00
1.898970603942871094e+01 -1.989750713109970093e-01 2.500101327896118164e+00
1.889816474914550781e+01 -1.987877190113067627e-01 2.534962415695190430e+00
1.879080009460449219e+01 -1.985617727041244507e-01 2.575156927108764648e+00
1.866725921630859375e+01 -1.982921212911605835e-01 2.620455741882324219e+00
1.858355522155761719e+01 -1.981006860733032227e-01 2.650388717651367188e+00
1.844970321655273438e+01 -1.977836191654205322e-01 2.697417020797729492e+00
1.840453529357910156e+01 -1.976701468229293823e-01 2.712824821472167969e+00
1.828614997863769531e+01 -1.973662823438644409e-01 2.752792596817016602e+00
1.812431526184082031e+01 -1.969266086816787720e-01 2.805917501449584961e+00
1.808320999145507812e+01 -1.968055814504623413e-01 2.818871974945068359e+00
1.795708847045898438e+01 -1.964260935783386230e-01 2.858192205429077148e+00
1.785300254821777344e+01 -1.960914880037307739e-01 2.889541864395141602e+00
1.775711059570312500e+01 -1.957655251026153564e-01 2.917568206787109375e+00
1.762102127075195312e+01 -1.952782273292541504e-01 2.956202745437622070e+00
1.753124237060546875e+01 -1.949321776628494263e-01 2.980600833892822266e+00
1.742824172973632812e+01 -1.945151537656784058e-01 3.007749557495117188e+00
1.731663131713867188e+01 -1.940371692180633545e-01 3.036101818084716797e+00
1.722135734558105469e+01 -1.936036795377731323e-01 3.059298753738403320e+00
1.713186836242675781e+01 -1.931749880313873291e-01 3.080265760421752930e+00
1.706154823303222656e+01 -1.928215324878692627e-01 3.096124410629272461e+00
1.698695755004882812e+01 -1.924322545528411865e-01 3.112424612045288086e+00
1.686125755310058594e+01 -1.917497962713241577e-01 3.138948440551757812e+00
1.675152206420898438e+01 -1.911137253046035767e-01 3.160688161849975586e+00
1.665629959106445312e+01 -1.905297636985778809e-01 3.178457498550415039e+00
1.659239959716796875e+01 -1.901185065507888794e-01 3.189731836318969727e+00
1.649497413635253906e+01 -1.894710659980773926e-01 3.206245899200439453e+00
1.643516540527343750e+01 -1.890540421009063721e-01 3.215742826461791992e+00
1.635082435607910156e+01 -1.884485334157943726e-01 3.228572368621826172e+00
1.623042869567871094e+01 -1.875484436750411987e-01 3.245738267898559570e+00
1.617126655578613281e+01 -1.870804280042648315e-01 3.253353357315063477e+00
1.607138442993164062e+01 -1.862684190273284912e-01 3.265517473220825195e+00
1.597737216949462891e+01 -1.854688227176666260e-01 3.275851249694824219e+00
1.586035537719726562e+01 -1.844314038753509521e-01 3.287383317947387695e+00
1.577156734466552734e+01 -1.836037635803222656e-01 3.294852972030639648e+00
1.573607826232910156e+01 -1.832605302333831787e-01 3.297442674636840820e+00
1.565897083282470703e+01 -1.825039833784103394e-01 3.302721500396728516e+00
1.556830024719238281e+01 -1.815865933895111084e-01 3.308031082153320312e+00
1.546487617492675781e+01 -1.805028617382049561e-01 3.312864542007446289e+00
1.536426734924316406e+01 -1.794073134660720825e-01 3.316185474395751953e+00
1.529907321929931641e+01 -1.786715984344482422e-01 3.317450523376464844e+00
1.519014835357666016e+01 -1.774149686098098755e-01 3.318588733673095703e+00
1.512809467315673828e+01 -1.766732484102249146e-01 3.318294286727905273e+00
1.505721282958984375e+01 -1.758097708225250244e-01 3.317334413528442383e+00
1.495840644836425781e+01 -1.745807975530624390e-01 3.314991712570190430e+00
1.486695861816406250e+01 -1.734115481376647949e-01 3.311507701873779297e+00
1.482707118988037109e+01 -1.728893071413040161e-01 3.309447526931762695e+00
1.475182628631591797e+01 -1.718946397304534912e-01 3.305111169815063477e+00
1.467722415924072266e+01 -1.708910763263702393e-01 3.299961566925048828e+00
1.457921218872070312e+01 -1.695510894060134888e-01 3.292073488235473633e+00
1.450607585906982422e+01 -1.685312688350677490e-01 3.285070419311523438e+00
1.444278717041015625e+01 -1.676369607448577881e-01 3.278278112411499023e+00
1.433733177185058594e+01 -1.661309748888015747e-01 3.265891551971435547e+00
1.428717136383056641e+01 -1.654028743505477905e-01 3.259140491485595703e+00
1.418406391143798828e+01 -1.638961136341094971e-01 3.244411468505859375e+00
1.410427474975585938e+01 -1.627149879932403564e-01 3.231641054153442383e+00
1.402828025817871094e+01 -1.615804582834243774e-01 3.218450307846069336e+00
1.399684429168701172e+01 -1.611078381538391113e-01 3.212583541870117188e+00
1.391377544403076172e+01 -1.598557829856872559e-01 3.196627616882324219e+00
1.382783412933349609e+01 -1.585523784160614014e-01 3.178870201110839844e+00
1.373652267456054688e+01 -1.571601778268814087e-01 3.158609390258789062e+00
1.369000053405761719e+01 -1.564477086067199707e-01 3.147520780563354492e+00
1.360335445404052734e+01 -1.551185846328735352e-01 3.126132726669311523e+00
1.354370117187500000e+01 -1.542012393474578857e-01 3.110453844070434570e+00
1.349687767028808594e+01 -1.534804701805114746e-01 3.097625017166137695e+00
1.341003894805908203e+01 -1.521431356668472290e-01 3.073065519332885742e+00
1.331525993347167969e+01 -1.506831198930740356e-01 3.044689893722534180e+00
1.324718666076660156e+01 -1.496352255344390869e-01 3.023058652877807617e+00
1.316958427429199219e+01 -1.484421789646148682e-01 2.997360944747924805e+00
1.311681652069091797e+01 -1.476325988769531250e-01 2.979071617126464844e+00
1.303902339935302734e+01 -1.464412808418273926e-01 2.951281547546386719e+00
1.299016284942626953e+01 -1.456954032182693481e-01 2.933052539825439453e+00
1.292612934112548828e+01 -1.447202265262603760e-01 2.908517837524414062e+00
1.285945320129394531e+01 -1.437083333730697632e-01 2.882081985473632812e+00
1.280224609375000000e+01 -1.428436338901519775e-01 2.858597040176391602e+00
1.272102546691894531e+01 -1.416206359863281250e-01 2.824263811111450195e+00
1.263537788391113281e+01 -1.403385996818542480e-01 2.786559104919433594e+00
1.261169242858886719e+01 -1.399865001440048218e-01 2.775687932968139648e+00
1.251700401306152344e+01 -1.385817974805831909e-01 2.731730699539184570e+00
1.247304534912109375e+01 -1.379352509975433350e-01 2.710392951965332031e+00
1.237916088104248047e+01 -1.365603804588317871e-01 2.663885593414306641e+00
1.234605026245117188e+01 -1.360801756381988525e-01 2.646770000457763672e+00
1.228113555908203125e+01 -1.351421773433685303e-01 2.612715005874633789e+00
1.222397613525390625e+01 -1.343223303556442261e-01 2.581858158111572266e+00
1.214087867736816406e+01 -1.331385821104049683e-01 2.535872220993041992e+00
1.206815338134765625e+01 -1.321133077144622803e-01 2.494172573089599609e+00
1.202389049530029297e+01 -1.314952522516250610e-01 2.468006849288940430e+00
1.197434043884277344e+01 -1.308075785636901855e-01 2.438173770904541016e+00
1.186911201477050781e+01 -1.293573677539825439e-01 2.373517751693725586e+00
1.181176853179931641e+01 -1.285792142152786255e-01 2.336755990982055664e+00
1.177051448822021484e+01 -1.280243396759033203e-01 2.309700012207031250e+00
1.169293594360351562e+01 -1.269877105951309204e-01 2.257988452911376953e+00
1.163425922393798828e+01 -1.262135356664657593e-01 2.217678546905517578e+00
1.158619213104248047e+01 -1.255856156349182129e-01 2.183903932571411133e+00
1.152876091003417969e+01 -1.248416081070899963e-01 2.142804145812988281e+00
1.146415519714355469e+01 -1.240131855010986328e-01 2.095557451248168945e+00
1.140250587463378906e+01 -1.232319772243499756e-01 2.049371242523193359e+00
1.133993911743164062e+01 -1.224482953548431396e-01 2.001415967941284180e+00
1.129369926452636719e+01 -1.218761056661605835e-01 1.965153217315673828e+00
1.122853088378906250e+01 -1.210770457983016968e-01 1.913178801536560059e+00
1.119709205627441406e+01 -1.206966266036033630e-01 1.887508749961853027e+00
1.111502742767333984e+01 -1.197100579738616943e-01 1.819742918014526367e+00
1.108971309661865234e+01 -1.194109767675399780e-01 1.798220038414001465e+00
1.100681495666503906e+01 -1.184369251132011414e-01 1.727105379104614258e+00
1.094890975952148438e+01 -1.177689060568809509e-01 1.675965309143066406e+00
1.088255500793457031e+01 -1.170133873820304871e-01 1.616169452667236328e+00
1.085167026519775391e+01 -1.166671067476272583e-01 1.587691664695739746e+00
1.081053733825683594e+01 -1.162092760205268860e-01 1.549359917640686035e+00
1.074668407440185547e+01 -1.155055016279220581e-01 1.489010453224182129e+00
1.068918418884277344e+01 -1.148815453052520752e-01 1.433471441268920898e+00
1.062069606781005859e+01 -1.141489073634147644e-01 1.366017937660217285e+00
1.059237575531005859e+01 -1.138511821627616882e-01 1.337474703788757324e+00
1.054020404815673828e+01 -1.133067011833190918e-01 1.284390807151794434e+00
1.048555946350097656e+01 -1.127441227436065674e-01 1.227812647819519043e+00
1.043292045593261719e+01 -1.122099980711936951e-01 1.172310709953308105e+00
1.035238075256347656e+01 -1.114042997360229492e-01 1.085897326469421387e+00
1.033231830596923828e+01 -1.112080141901969910e-01 1.063792109489440918e+00
1.027079677581787109e+01 -1.106094494462013245e-01 9.955590963363647461e-01
1.022040367126464844e+01 -1.101276054978370667e-01 9.385296106338500977e-01
1.018107223510742188e+01 -1.097569167613983154e-01 8.932800292968750000e-01
1.013157844543457031e+01 -1.092957332730293274e-01 8.356051445007324219e-01
1.004983520507812500e+01 -1.085450053215026855e-01 7.388042211532592773e-01
1.000336551666259766e+01 -1.081285402178764343e-01 6.822985410690307617e-01
9.950568199157714844e+00 -1.076619476079940796e-01 6.171278357505798340e-01
9.925849914550781250e+00 -1.074469909071922302e-01 5.860922336578369141e-01
9.869232177734375000e+00 -1.069583371281623840e-01 5.144380331039428711e-01
9.831493377685546875e+00 -1.066382825374603271e-01 4.657991826534271240e-01
9.778397560119628906e+00 -1.061932444572448730e-01 3.965332806110382080e-01
9.715629577636718750e+00 -1.056758537888526917e-01 3.132446706295013428e-01
9.680480003356933594e+00 -1.053918376564979553e-01 2.656566202640533447e-01
9.647347450256347656e+00 -1.051270887255668640e-01 2.202928364276885986e-01
9.604714393615722656e+00 -1.047900021076202393e-01 1.612990796566009521e-01
9.549765586853027344e+00 -1.043614223599433899e-01 8.422102779150009155e-02
9.505724906921386719e+00 -1.040239483118057251e-01 2.135051786899566650e-02
9.437825202941894531e+00 -1.035109758377075195e-01 -7.695179432630538940e-02
9.404609680175781250e+00 -1.003266423940658569e-01 -2.250584587454795837e-02
9.361673355102539062e+00 -9.627707302570343018e-02 4.479883983731269836e-02
9.335949897766113281e+00 -9.389793127775192261e-02 8.291408419609069824e-02
9.291553497314453125e+00 -8.983562886714935303e-02 1.465827226638793945e-01
9.256760597229003906e+00 -8.670727163553237915e-02 1.937772929668426514e-01
9.222353935241699219e+00 -8.365245163440704346e-02 2.385008931159973145e-01
9.167430877685546875e+00 -7.883267104625701904e-02 3.069897592067718506e-01
9.133245468139648438e+00 -7.588445395231246948e-02 3.469078242778778076e-01
9.095101356506347656e+00 -7.262713462114334106e-02 3.896952271461486816e-01
9.027612686157226562e+00 -6.692346930503845215e-02 4.620980024337768555e-01
9.012607574462890625e+00 -6.567682325839996338e-02 4.769718348979949951e-01
8.943900108337402344e+00 -5.998833477497100830e-02 5.439069867134094238e-01
8.906462669372558594e+00 -5.693572014570236206e-02 5.775581002235412598e-01
8.852379798889160156e+00 -5.255911871790885925e-02 6.240893602371215820e-01
8.830705642700195312e+00 -5.082320794463157654e-02 6.415809988975524902e-01
8.772251129150390625e+00 -4.615956172347068787e-02 6.875576376914978027e-01
8.708957672119140625e+00 -4.116033017635345459e-02 7.339395880699157715e-01
8.659761428833007812e+00 -3.731345757842063904e-02 7.672678232192993164e-01
8.611799240112304688e+00 -3.358998522162437439e-02 7.977889776229858398e-01
8.564171791076660156e+00 -2.991680428385734558e-02 8.262535929679870605e-01
8.528967857360839844e+00 -2.721838094294071198e-02 8.459827899932861328e-01
8.465225219726562500e+00 -2.235338091850280762e-02 8.799985647201538086e-01
8.439110755920410156e+00 -2.037488482892513275e-02 8.926998376846313477e-01
8.386124610900878906e+00 -1.637161895632743835e-02 9.174740910530090332e-01
8.319480895996093750e+00 -1.136356871575117111e-02 9.461340904235839844e-01
8.267465591430664062e+00 -7.479349151253700256e-03 9.661141037940979004e-01
8.218725204467773438e+00 -3.855900140479207039e-03 9.831357002258300781e-01
8.155506134033203125e+00 8.257769513875246048e-04 1.003187775611877441e+00
8.110130310058593750e+00 4.170434549450874329e-03 1.015728950500488281e+00
8.078367233276367188e+00 6.504599004983901978e-03 1.023594498634338379e+00
7.990769386291503906e+00 1.292911358177661896e-02 1.043543815612792969e+00
7.948570728302001953e+00 1.600810326635837555e-02 1.050866842269897461e+00
7.883776664733886719e+00 2.072566375136375427e-02 1.060446500778198242e+00
7.850158691406250000e+00 2.316598780453205109e-02 1.064102172851562500e+00
7.814853668212890625e+00 2.572526410222053528e-02 1.067230582237243652e+00
7.728567123413085938e+00 3.197187185287475586e-02 1.073059558868408203e+00
7.683202743530273438e+00 3.524617105722427368e-02 1.073800683021545410e+00
7.652854442596435547e+00 3.743391856551170349e-02 1.073482632637023926e+00
7.575232505798339844e+00 4.302551224827766418e-02 1.071277499198913574e+00
7.505924224853515625e+00 4.800999537110328674e-02 1.066130399703979492e+00
7.483147621154785156e+00 4.964633285999298096e-02 1.063503623008728027e+00
7.426171779632568359e+00 5.373879894614219666e-02 1.056160211563110352e+00
7.356670379638671875e+00 5.872880294919013977e-02 1.044837117195129395e+00
7.295756340026855469e+00 6.310138106346130371e-02 1.032363772392272949e+00
7.249954223632812500e+00 6.638973206281661987e-02 1.021284937858581543e+00
7.195410251617431641e+00 7.030711323022842407e-02 1.006550669670104980e+00
7.156906127929687500e+00 7.307429611682891846e-02 9.948381185531616211e-01
7.117356300354003906e+00 7.591840624809265137e-02 9.818432927131652832e-01
7.029670715332031250e+00 8.222904801368713379e-02 9.508094191551208496e-01
6.970882892608642578e+00 8.646869659423828125e-02 9.266381263732910156e-01
6.924276828765869141e+00 8.983612060546875000e-02 9.056305885314941406e-01
6.891973972320556641e+00 9.217420965433120728e-02 8.900312781333923340e-01
6.842467784881591797e+00 9.576246887445449829e-02 8.649981021881103516e-01
6.766650676727294922e+00 1.012706160545349121e-01 8.239660263061523438e-01
6.715101242065429688e+00 1.050309315323829651e-01 7.931724190711975098e-01
6.680182933807373047e+00 1.075864583253860474e-01 7.709236145019531250e-01
6.634452819824218750e+00 1.109415739774703979e-01 7.405142188072204590e-01
6.585266113281250000e+00 1.145629361271858215e-01 7.059662342071533203e-01
6.548897266387939453e+00 1.172517091035842896e-01 6.789056658744812012e-01
6.480501651763916016e+00 1.223253011703491211e-01 6.258300542831420898e-01
6.454252243041992188e+00 1.242858842015266418e-01 6.038199067115783691e-01
6.405864715576171875e+00 1.279106885194778442e-01 5.620266795158386230e-01
6.342400074005126953e+00 1.326925903558731079e-01 5.041629076004028320e-01
6.289999961853027344e+00 1.366739720106124878e-01 4.529007673263549805e-01
6.252710819244384766e+00 1.395291984081268311e-01 4.142318367958068848e-01
6.215498924255371094e+00 1.423956602811813354e-01 3.739969730377197266e-01
6.164653778076171875e+00 1.463374793529510498e-01 3.166672289371490479e-01
6.130448341369628906e+00 1.490143686532974243e-01 2.758107781410217285e-01
6.082171916961669922e+00 1.528186947107315063e-01 2.158266603946685791e-01
6.037426948547363281e+00 1.563820093870162964e-01 1.570073068141937256e-01
6.022003650665283203e+00 1.576234996318817139e-01 1.356196105480194092e-01
5.976235866546630859e+00 1.613223552703857422e-01 7.094055414199829102e-02
5.923140048980712891e+00 1.656672507524490356e-01 -8.467994630336761475e-03
5.887836456298828125e+00 1.698157638311386108e-01 3.421866148710250854e-02
5.835983753204345703e+00 1.758630275726318359e-01 9.436021000146865845e-02
5.781335830688476562e+00 1.821701228618621826e-01 1.540291309356689453e-01
5.738117218017578125e+00 1.871077865362167358e-01 1.983529329299926758e-01
5.675363540649414062e+00 1.942241340875625610e-01 2.596418857574462891e-01
5.642759799957275391e+00 1.978841423988342285e-01 2.893067002296447754e-01
5.577837467193603516e+00 2.051366418600082397e-01 3.462631404399871826e-01
5.536105155944824219e+00 2.097554355859756470e-01 3.802891969680786133e-01
5.478000640869140625e+00 2.161505222320556641e-01 4.254840612411499023e-01
5.441605091094970703e+00 2.201268076896667480e-01 4.519738554954528809e-01
5.355071544647216797e+00 2.295396178960800171e-01 5.123689174652099609e-01
5.321898460388183594e+00 2.331124544143676758e-01 5.332611799240112305e-01
5.266216278076171875e+00 2.390884011983871460e-01 5.669525861740112305e-01
5.218737602233886719e+00 2.441548258066177368e-01 5.937646627426147461e-01
5.141800403594970703e+00 2.523265182971954346e-01 6.346576213836669922e-01
5.087441921234130859e+00 2.580584287643432617e-01 6.607247591018676758e-01
5.043441295623779297e+00 2.626758217811584473e-01 6.802726984024047852e-01
4.953083992004394531e+00 2.721223831176757812e-01 7.179030776023864746e-01
4.925836563110351562e+00 2.749499380588531494e-01 7.277373671531677246e-01
4.861680984497070312e+00 2.815935611724853516e-01 7.498515248298645020e-01
4.785526752471923828e+00 2.894413173198699951e-01 7.732346653938293457e-01
4.729253768920898438e+00 2.952082753181457520e-01 7.880598902702331543e-01
4.671616077423095703e+00 3.010919988155364990e-01 8.014287948608398438e-01
4.595409393310546875e+00 3.088411986827850342e-01 8.166844248771667480e-01
4.535049915313720703e+00 3.149485886096954346e-01 8.262720704078674316e-01
4.477109909057617188e+00 3.207891583442687988e-01 8.336057662963867188e-01
4.397118091583251953e+00 3.288244903087615967e-01 8.412777781486511230e-01
4.348128318786621094e+00 3.337225914001464844e-01 8.439207077026367188e-01
4.260833740234375000e+00 3.424263894557952881e-01 8.464021086692810059e-01
4.206543445587158203e+00 3.478135168552398682e-01 8.454864621162414551e-01
4.178387165069580078e+00 3.505994081497192383e-01 8.442199826240539551e-01
4.106672286987304688e+00 3.576848804950714111e-01 8.399479985237121582e-01
4.030142307281494141e+00 3.652185499668121338e-01 8.325430154800415039e-01
3.970301866531372070e+00 3.710870742797851562e-01 8.243678212165832520e-01
3.928432941436767578e+00 3.751814067363739014e-01 8.173336386680603027e-01
3.841199636459350586e+00 3.836953043937683105e-01 8.007478117942810059e-01
3.774487257003784180e+00 3.901804089546203613e-01 7.849615812301635742e-01
3.719022989273071289e+00 3.955562114715576172e-01 7.698321342468261719e-01
3.636598110198974609e+00 4.035261273384094238e-01 7.448326349258422852e-01
3.589954614639282227e+00 4.080206155776977539e-01 7.285324931144714355e-01
3.516923666000366211e+00 4.150444567203521729e-01 7.010580897331237793e-01
3.465439081192016602e+00 4.199816584587097168e-01 6.794915199279785156e-01
3.388888359069824219e+00 4.273080527782440186e-01 6.450582742691040039e-01
3.362058162689208984e+00 4.298684597015380859e-01 6.317238807678222656e-01
3.272405385971069336e+00 4.384157359600067139e-01 5.856388211250305176e-01
3.231300830841064453e+00 4.423218965530395508e-01 5.621118545532226562e-01
3.160757780075073242e+00 4.490161538124084473e-01 5.197653174400329590e-01
3.108812808990478516e+00 4.539338350296020508e-01 4.860143959522247314e-01
3.072342157363891602e+00 4.573807716369628906e-01 4.609299600124359131e-01
3.000435829162597656e+00 4.641692340373992920e-01 4.094834327697753906e-01
2.933822393417358398e+00 4.704442918300628662e-01 3.580540418624877930e-01
2.868915796279907227e+00 4.765469133853912354e-01 3.043322563171386719e-01
2.844186544418334961e+00 4.788679480552673340e-01 2.824399471282958984e-01
2.784712553024291992e+00 4.844466447830200195e-01 2.284134477376937866e-01
2.731913089752197266e+00 4.893921911716461182e-01 1.774002611637115479e-01
2.673532724380493164e+00 4.948542714118957520e-01 1.178013086318969727e-01
2.609400272369384766e+00 5.008479952812194824e-01 4.818517714738845825e-02
2.578633546829223633e+00 5.037207007408142090e-01 1.242345944046974182e-02
2.533760070800781250e+00 5.090865492820739746e-01 5.996372550725936890e-02
2.460241317749023438e+00 5.178239345550537109e-01 1.340752542018890381e-01
2.423418045043945312e+00 5.221594572067260742e-01 1.683181375265121460e-01
2.349127769470214844e+00 5.308684706687927246e-01 2.347194552421569824e-01
2.279549121856689453e+00 5.389578342437744141e-01 2.921190857887268066e-01
2.216712474822998047e+00 5.462112426757812500e-01 3.402154445648193359e-01
2.137531757354736328e+00 5.552961826324462891e-01 3.968405127525329590e-01
2.073315858840942383e+00 5.626115202903747559e-01 4.389378428459167480e-01
2.034484386444091797e+00 5.670111775398254395e-01 4.626308083534240723e-01
1.966723322868347168e+00 5.746644735336303711e-01 5.021921396255493164e-01
1.862029910087585449e+00 5.864268541336059570e-01 5.586689710617065430e-01
1.825453281402587891e+00 5.905046463012695312e-01 5.760191679000854492e-01
1.769549131393432617e+00 5.967214107513427734e-01 6.013274192810058594e-01
1.670321702957153320e+00 6.077142953872680664e-01 6.430401802062988281e-01
1.622483372688293457e+00 6.129800677299499512e-01 6.604990959167480469e-01
1.529899477958679199e+00 6.231411099433898926e-01 6.919054388999938965e-01
1.444431662559509277e+00 6.324694156646728516e-01 7.167463302612304688e-01
1.408955812454223633e+00 6.363225579261779785e-01 7.255172133445739746e-01
1.318825364112854004e+00 6.460929512977600098e-01 7.462111115455627441e-01
1.248541712760925293e+00 6.536750793457031250e-01 7.592455744743347168e-01
1.136950969696044922e+00 6.656697392463684082e-01 7.761758565902709961e-01
1.078863739967346191e+00 6.718786954879760742e-01 7.819294929504394531e-01
1.041247248649597168e+00 6.758883595466613770e-01 7.846388220787048340e-01
9.567373394966125488e-01 6.848806738853454590e-01 7.892550230026245117e-01
8.850684165954589844e-01 6.924770474433898926e-01 7.903826236724853516e-01
8.176230788230895996e-01 6.996029019355773926e-01 7.892299890518188477e-01
7.231295704841613770e-01 7.095572352409362793e-01 7.847012877464294434e-01
6.463468074798583984e-01 7.176134586334228516e-01 7.777030467987060547e-01
5.755829811096191406e-01 7.250147461891174316e-01 7.687574625015258789e-01
4.801123142242431641e-01 7.349719405174255371e-01 7.535647749900817871e-01
4.245186150074005127e-01 7.407485246658325195e-01 7.422408461570739746e-01
3.050897419452667236e-01 7.531319260597229004e-01 7.147722244262695312e-01
2.423379272222518921e-01 7.596096992492675781e-01 6.967416405677795410e-01
2.039216458797454834e-01 7.635664939880371094e-01 6.845163106918334961e-01
1.204046383500099182e-01 7.721570134162902832e-01 6.563324928283691406e-01
3.953985869884490967e-03 7.841006517410278320e-01 6.120875477790832520e-01
-2.354877814650535583e-02 7.869104743003845215e-01 5.999541878700256348e-01
-9.172776341438293457e-02 7.938699126243591309e-01 5.688524246215820312e-01
-1.708437800407409668e-01 8.019284605979919434e-01 5.297648310661315918e-01
-2.699643373489379883e-01 8.120003342628479004e-01 4.762826263904571533e-01
-3.293487429618835449e-01 8.180170059204101562e-01 4.406951367855072021e-01
-3.739709258079528809e-01 8.225306272506713867e-01 4.122716188430786133e-01
-4.592710137367248535e-01 8.311488032341003418e-01 3.554298281669616699e-01
-5.121567845344543457e-01 8.364803791046142578e-01 3.170936107635498047e-01
-5.899543762207031250e-01 8.443136811256408691e-01 2.577077150344848633e-01
-6.493089199066162109e-01 8.502796888351440430e-01 2.088671028614044189e-01
-7.163099050521850586e-01 8.570063114166259766e-01 1.504849195480346680e-01
-8.075389862060546875e-01 8.661543130874633789e-01 6.567989289760589600e-02
-8.690006732940673828e-01 8.723087310791015625e-01 3.263693302869796753e-03
-9.369742274284362793e-01 8.800427317619323730e-01 6.640711426734924316e-02
-1.007212519645690918e+00 8.880010247230529785e-01 1.272553056478500366e-01
-1.055465579032897949e+00 8.934463262557983398e-01 1.661785542964935303e-01
-1.143232941627502441e+00 9.033251404762268066e-01 2.336167991161346436e-01
-1.222483277320861816e+00 9.122055768966674805e-01 2.893180549144744873e-01
-1.307032942771911621e+00 9.216443896293640137e-01 3.441163897514343262e-01
-1.409505128860473633e+00 9.330412745475769043e-01 4.049328565597534180e-01
-1.495177984237670898e+00 9.425294995307922363e-01 4.504745006561279297e-01
-1.534544467926025391e+00 9.468749165534973145e-01 4.694899320602416992e-01
-1.634971141815185547e+00 9.579444527626037598e-01 5.158514380455017090e-01
-1.702385187149047852e+00 9.653488397598266602e-01 5.434116125106811523e-01
-1.825734734535217285e+00 9.788664579391479492e-01 5.896562933921813965e-01
-1.909983634948730469e+00 9.880631566047668457e-01 6.162104606628417969e-01
-2.020898818969726562e+00 1.000140666961669922e+00 6.468352675437927246e-01
-2.088364601135253906e+00 1.007464289665222168e+00 6.620985865592956543e-01
-2.200153112411499023e+00 1.019577741622924805e+00 6.840892434120178223e-01
-2.258962392807006836e+00 1.025932431221008301e+00 6.928384900093078613e-01
-2.380814075469970703e+00 1.039081096649169922e+00 7.079496383666992188e-01
-2.425861597061157227e+00 1.043928742408752441e+00 7.112559080123901367e-01
-2.528911352157592773e+00 1.055007576942443848e+00 7.169123888015747070e-01
-2.646248340606689453e+00 1.067596197128295898e+00 7.184173464775085449e-01
-2.775015354156494141e+00 1.081380844116210938e+00 7.139387726783752441e-01
-2.870271205902099609e+00 1.091555714607238770e+00 7.056551575660705566e-01
-2.943848371505737305e+00 1.099403619766235352e+00 6.964017152786254883e-01
-3.003426551818847656e+00 1.105751991271972656e+00 6.871091723442077637e-01
-3.140376329421997070e+00 1.120333790779113770e+00 6.623707413673400879e-01
-3.196897983551025391e+00 1.126342535018920898e+00 6.489189267158508301e-01
-3.304265260696411133e+00 1.137750625610351562e+00 6.207678318023681641e-01
-3.395324230194091797e+00 1.147417545318603516e+00 5.926378369331359863e-01
-3.530725002288818359e+00 1.161784052848815918e+00 5.452920198440551758e-01
-3.608616113662719727e+00 1.170044302940368652e+00 5.131768584251403809e-01
-3.654361963272094727e+00 1.174895405769348145e+00 4.925919771194458008e-01
-3.800740718841552734e+00 1.190419077873229980e+00 4.233879745006561279e-01
-3.860205888748168945e+00 1.196728348731994629e+00 3.907823860645294189e-01
-3.970786333084106445e+00 1.208466410636901855e+00 3.265350162982940674e-01
-4.058352470397949219e+00 1.217772245407104492e+00 2.700934112071990967e-01
-4.157863140106201172e+00 1.228361606597900391e+00 2.005916833877563477e-01
-4.197464942932128906e+00 1.232584238052368164e+00 1.703390777111053467e-01
-4.312986373901367188e+00 1.244914531707763672e+00 7.887411862611770630e-02
-4.355589866638183594e+00 1.249477386474609375e+00 4.148237779736518860e-02
-4.477807044982910156e+00 1.262588143348693848e+00 -7.001762092113494873e-02
-4.528352737426757812e+00 1.268170356750488281e+00 -2.930672466754913330e-02
-4.644165515899658203e+00 1.280974030494689941e+00 5.954238027334213257e-02
-4.771284103393554688e+00 1.295058965682983398e+00 1.467083990573883057e-01
-4.809440612792968750e+00 1.299295902252197266e+00 1.698112338781356812e-01
-4.950016498565673828e+00 1.314915180206298828e+00 2.517928779125213623e-01
-5.091225624084472656e+00 1.330638527870178223e+00 3.231307566165924072e-01
-5.198287963867187500e+00 1.342584133148193359e+00 3.695468306541442871e-01
-5.246436119079589844e+00 1.347964644432067871e+00 3.879811763763427734e-01
-5.350132465362548828e+00 1.359560728073120117e+00 4.254125356674194336e-01
-5.497265338897705078e+00 1.376039385795593262e+00 4.717795550823211670e-01
-5.648162841796875000e+00 1.392977237701416016e+00 5.099478960037231445e-01
-5.771547794342041016e+00 1.406860113143920898e+00 5.336419939994812012e-01
-5.875926971435546875e+00 1.418629169464111328e+00 5.486634969711303711e-01
-5.999701023101806641e+00 1.432611703872680664e+00 5.615459680557250977e-01
-6.074660778045654297e+00 1.441100120544433594e+00 5.658633708953857422e-01
-6.230700492858886719e+00 1.458797931671142578e+00 5.705020427703857422e-01
-6.369000434875488281e+00 1.474537730216979980e+00 5.666489005088806152e-01
-6.504908084869384766e+00 1.490057706832885742e+00 5.559408068656921387e-01
-6.570872306823730469e+00 1.497618198394775391e+00 5.474252700805664062e-01
-6.755476474761962891e+00 1.518818259239196777e+00 5.190395116806030273e-01
-6.904625415802001953e+00 1.536046385765075684e+00 4.856915771961212158e-01
-7.012671947479248047e+00 1.548594236373901367e+00 4.552496671676635742e-01
-7.119229793548583984e+00 1.561023831367492676e+00 4.205884933471679688e-01
-7.189497947692871094e+00 1.569259405136108398e+00 3.946192860603332520e-01
-7.377065658569335938e+00 1.591318488121032715e+00 3.196413815021514893e-01
-7.482583522796630859e+00 1.603851079940795898e+00 2.686216235160827637e-01
-7.588144302368164062e+00 1.616471052169799805e+00 2.122335135936737061e-01
-7.725384712219238281e+00 1.632998108863830566e+00 1.315723657608032227e-01
-7.825253009796142578e+00 1.645152568817138672e+00 6.543201953172683716e-02
-7.916282176971435547e+00 1.656330108642578125e+00 -2.260953187942504883e-04
-8.025690078735351562e+00 1.669879555702209473e+00 7.699313014745712280e-02
-8.195850372314453125e+00 1.691152334213256836e+00 1.849146187305450439e-01
-8.301956176757812500e+00 1.704591274261474609e+00 2.416690587997436523e-01
-8.441756248474121094e+00 1.722428083419799805e+00 3.086712658405303955e-01
-8.619346618652343750e+00 1.745293378829956055e+00 3.816922307014465332e-01
-8.797663688659667969e+00 1.768502593040466309e+00 4.407875239849090576e-01
-9.000452041625976562e+00 1.795173406600952148e+00 4.929421246051788330e-01
-9.150366783142089844e+00 1.815119862556457520e+00 5.196127295494079590e-01
-9.355145454406738281e+00 1.842601895332336426e+00 5.445640087127685547e-01
-9.530323028564453125e+00 1.866392612457275391e+00 5.528903007507324219e-01
-9.702222824096679688e+00 1.889986515045166016e+00 5.503413081169128418e-01
-9.856925010681152344e+00 1.911452054977416992e+00 5.386340618133544922e-01
-1.005052280426025391e+01 1.938594102859497070e+00 5.133273601531982422e-01
-1.027157211303710938e+01 1.970013618469238281e+00 4.689912199974060059e-01
-1.040863800048828125e+01 1.989831328392028809e+00 4.302274584770202637e-01
-1.058732509613037109e+01 2.015973567962646484e+00 3.701539039611816406e-01
-1.069658946990966797e+01 2.032227754592895508e+00 3.254671692848205566e-01
-1.089039993286132812e+01 2.061388015747070312e+00 2.370563149452209473e-01
-1.104902935028076172e+01 2.085781335830688477e+00 1.506047695875167847e-01
-1.119849395751953125e+01 2.109241962432861328e+00 5.718857795000076294e-02
-1.136662101745605469e+01 2.136219024658203125e+00 -6.187717616558074951e-02
-1.162170410156250000e+01 2.176299810409545898e+00 9.515409171581268311e-02
-1.187490463256835938e+01 2.217301368713378906e+00 2.155931591987609863e-01
-1.218253707885742188e+01 2.268396139144897461e+00 3.257694244384765625e-01
-1.241846370697021484e+01 2.308675050735473633e+00 3.806619942188262939e-01
-1.275107192993164062e+01 2.366613626480102539e+00 4.287811219692230225e-01
-1.299358749389648438e+01 2.410048484802246094e+00 4.354149103164672852e-01
-1.321616935729980469e+01 2.450758695602416992e+00 4.229410886764526367e-01
-1.357784557342529297e+01 2.518260002136230469e+00 3.749241828918457031e-01
-1.389435863494873047e+01 2.579421758651733398e+00 2.925648689270019531e-01
-1.417203044891357422e+01 2.634969711303710938e+00 1.871029734611511230e-01
-1.448760604858398438e+01 2.700365781784057617e+00 3.065258264541625977e-02
-1.476472473144531250e+01 2.760572671890258789e+00 -1.485033035278320312e-01
-1.506144332885742188e+01 2.829834461212158203e+00 -1.682513952255249023e-02
-1.552570629119873047e+01 2.941807746887207031e+00 1.254050135612487793e-01
-1.644361114501953125e+01 3.173413038253784180e+00 2.373223304748535156e-01
-1.682499122619628906e+01 3.277852773666381836e+00 1.620542556047439575e-01
-1.789926719665527344e+01 3.584534406661987305e+00 -2.015464752912521362e-01
-1.846423530578613281e+01 3.770370483398437500e+00 -6.626248955726623535e-01
-2.164210319519042969e+01 5.034669399261474609e+00 -4.774833619594573975e-01
-2.573896980285644531e+01 7.032388687133789062e+00 -4.424725532531738281e+00
-1.825604736328125000e+03 1.233903076171875000e+03 -1.063439819335937500e+03
-2.655588135731200000e+13 2.155058980454400000e+13 -4.114845007872000000e+13
-1.022144862022785301e+27 1.752723881417426993e+27 3.713554484741479407e+27
-1.870789094021224300e+27 3.207937493822445619e+27 6.796763949574656419e+27
-2.764694404852869643e+27 4.740762461503663917e+27 1.004441093770783735e+28
-3.979198519875388586e+27 6.823334934886332836e+27 1.445682607706595411e+28
-5.882990757505862940e+27 1.008786379289996239e+28 2.137349209223229154e+28
-6.507215590452366275e+27 1.115825426937312765e+28 2.364136373314885139e+28
-7.824500241087111970e+27 1.341706959196716424e+28 2.842718937681529890e+28
-9.287939773183431750e+27 1.592650444558195505e+28 3.374401207491505792e+28
-1.005266209254503133e+28 1.723781353172843957e+28 3.652232667014823916e+28
-1.207337805825602185e+28 2.070283813261783457e+28 4.386379080109787409e+28
-1.311343913599295681e+28 2.248628233617190191e+28 4.764243484366436654e+28
-1.409220861914872666e+28 2.416462791246646387e+28 5.119840513946410660e+28
-1.560373778002753911e+28 2.675652472960512443e+28 5.668994595269707676e+28
-1.640712093319277176e+28 2.813412639643813302e+28 5.960871789423024985e+28
-1.799597176167885035e+28 3.085861073613308318e+28 6.538117340006320372e+28
-1.912844010675257853e+28 3.280051158583660003e+28 6.949554464299634785e+28
-1.955181915140777371e+28 3.352650223589732350e+28 7.103372329852961443e+28
-2.150370190326445627e+28 3.687349364773063315e+28 7.812510270646268013e+28
-2.269274655998620424e+28 3.891240843327498256e+28 8.244501967292920843e+28
-2.344615290866322744e+28 4.020431567672659714e+28 8.518222606792900941e+28
-2.481624129042199043e+28 4.255367883485479703e+28 9.015989312759555338e+28
-2.567714286734857536e+28 4.402991420923226247e+28 9.328763923072867402e+28
-2.738574700688212456e+28 4.695974593306831627e+28 9.949517108299489118e+28
-2.859459254626654495e+28 4.903261453362449843e+28 1.038870285804614557e+29
-3.009009281471087711e+28 5.159702481664961622e+28 1.093203284478611945e+29
-3.104340402015749670e+28 5.323171447599328974e+28 1.127837970289944839e+29
-3.198068515257801527e+28 5.483891524004017905e+28 1.161890293866610249e+29
-3.292551026545491810e+28 5.645905528825013119e+28 1.196216703593941413e+29
-3.470954948718582702e+28 5.951823735241846745e+28 1.261032600281272155e+29
-3.549501598191505224e+28 6.086511766409716757e+28 1.289569388700605134e+29
-3.726208301850652765e+28 6.389519578363157820e+28 1.353768638772602757e+29
-3.782407296416691265e+28 6.485887022232485522e+28 1.374186356945267612e+29
-3.894805521667092408e+28 6.678621909971140926e+28 1.415021793290597323e+29
-4.055576363511472188e+28 6.954304220508105075e+28 1.473431516501926419e+29
-4.203994675228285693e+28 7.208804828422805716e+28 1.527353385949925176e+29
-4.249915911381006697e+28 7.287547928341415615e+28 1.544036940049925688e+29
-4.360428259576473848e+28 7.477048939512601886e+28 1.584187161018591013e+29
-4.569383531710489909e+28 7.835354718507149921e+28 1.660102602334588226e+29
-4.609835795239399577e+28 7.904719670827428992e+28 1.674799173513256507e+29
-4.764855030825968273e+28 8.170538374491623312e+28 1.731119060661256469e+29
