2.351714134216308594e+01 -1.732852607965469360e-01 2.116393148899078369e-01
2.334220123291015625e+01 -1.498432010412216187e-01 3.128275573253631592e-01
2.309244728088378906e+01 -1.164874136447906494e-01 4.561787843704223633e-01
2.302204132080078125e+01 -1.071277335286140442e-01 4.961199760437011719e-01
2.279828262329101562e+01 -7.741727679967880249e-02 6.226189136505126953e-01
2.261372375488281250e+01 -5.300558358430862427e-02 7.257677316665649414e-01
2.243047142028808594e+01 -2.883846312761306763e-02 8.271642923355102539e-01
2.232138824462890625e+01 -1.449281629174947739e-02 8.868912458419799805e-01
2.212287902832031250e+01 1.157296169549226761e-02 9.948756098747253418e-01
2.201233100891113281e+01 2.604882791638374329e-02 1.054270148277282715e+00
2.183785438537597656e+01 4.886366426944732666e-02 1.147336363792419434e+00
2.162542152404785156e+01 7.658211886882781982e-02 1.259310483932495117e+00
2.146635818481445312e+01 9.728640317916870117e-02 1.341881036758422852e+00
2.134379768371582031e+01 1.132135093212127686e-01 1.404738545417785645e+00
2.123600196838378906e+01 1.272056698799133301e-01 1.459488153457641602e+00
2.103633117675781250e+01 1.530994176864624023e-01 1.560008883476257324e+00
2.098338317871093750e+01 1.599547415971755981e-01 1.586212277412414551e+00
2.083051300048828125e+01 1.797396689653396606e-01 1.661507844924926758e+00
2.062504768371582031e+01 2.063046395778656006e-01 1.761296868324279785e+00
2.052673339843750000e+01 2.190008163452148438e-01 1.808103561401367188e+00
2.031544685363769531e+01 2.462740838527679443e-01 1.907694578170776367e+00
2.023550605773925781e+01 2.565842866897583008e-01 1.944535613059997559e+00
2.010133552551269531e+01 2.738852202892303467e-01 2.005819320678710938e+00
1.994153785705566406e+01 2.944847643375396729e-01 2.077685594558715820e+00
1.980064964294433594e+01 3.126431405544281006e-01 2.139834642410278320e+00
1.970102882385253906e+01 3.254821300506591797e-01 2.182999134063720703e+00
1.959912490844726562e+01 3.386162519454956055e-01 2.226575136184692383e+00
1.941444396972656250e+01 3.624225854873657227e-01 2.304455518722534180e+00
1.933421897888183594e+01 3.727677166461944580e-01 2.337402343750000000e+00
1.922388458251953125e+01 3.869992494583129883e-01 2.382172107696533203e+00
1.905518531799316406e+01 4.087679088115692139e-01 2.449462175369262695e+00
1.898596763610839844e+01 4.177064299583435059e-01 2.476323127746582031e+00
1.877958106994628906e+01 4.443684816360473633e-01 2.555475950241088867e+00
1.869274330139160156e+01 4.556007981300354004e-01 2.587573528289794922e+00
1.854119873046875000e+01 4.752151668071746826e-01 2.642675876617431641e+00
1.848478126525878906e+01 4.825261235237121582e-01 2.662583827972412109e+00
1.831000900268554688e+01 5.051859617233276367e-01 2.723542690277099609e+00
1.827099609375000000e+01 5.102525949478149414e-01 2.736647129058837891e+00
1.816646957397460938e+01 5.238327383995056152e-01 2.771449089050292969e+00
1.805407333374023438e+01 5.384519100189208984e-01 2.807974100112915039e+00
1.790340995788574219e+01 5.580740571022033691e-01 2.855615854263305664e+00
1.782649993896484375e+01 5.681093335151672363e-01 2.879011154174804688e+00
1.767887878417968750e+01 5.873905420303344727e-01 2.922990083694458008e+00
1.758628273010253906e+01 5.995092988014221191e-01 2.949438571929931641e+00
1.747780036926269531e+01 6.137266159057617188e-01 2.979570388793945312e+00
1.734539031982421875e+01 6.311086416244506836e-01 3.015103816986083984e+00
1.727958679199218750e+01 6.397652029991149902e-01 3.031991243362426758e+00
1.712383651733398438e+01 6.602772474288940430e-01 3.071038246154785156e+00
1.703535461425781250e+01 6.719614267349243164e-01 3.091953754425048828e+00
1.690494728088378906e+01 6.892094016075134277e-01 3.121694564819335938e+00
1.684778022766113281e+01 6.967887282371520996e-01 3.134017229080200195e+00
1.669625091552734375e+01 7.169010043144226074e-01 3.165835380554199219e+00
1.662858200073242188e+01 7.259092330932617188e-01 3.179026126861572266e+00
1.649726676940917969e+01 7.434141039848327637e-01 3.203722715377807617e+00
1.647315979003906250e+01 7.466363310813903809e-01 3.207930088043212891e+00
1.631963539123535156e+01 7.671678066253662109e-01 3.234337568283081055e+00
1.621553993225097656e+01 7.811345458030700684e-01 3.250545978546142578e+00
1.617788887023925781e+01 7.861978411674499512e-01 3.255982637405395508e+00
1.604142189025878906e+01 8.045644760131835938e-01 3.275121212005615234e+00
1.592942714691162109e+01 8.196833729743957520e-01 3.289120197296142578e+00
1.585333347320556641e+01 8.299817442893981934e-01 3.297657966613769531e+00
1.579686164855957031e+01 8.376376628875732422e-01 3.303494930267333984e+00
1.565677833557128906e+01 8.566533923149108887e-01 3.317044258117675781e+00
1.561116790771484375e+01 8.628647327423095703e-01 3.320692062377929688e+00
1.546381759643554688e+01 8.829520344734191895e-01 3.331659793853759766e+00
1.542917823791503906e+01 8.876901865005493164e-01 3.333607435226440430e+00
1.533184051513671875e+01 9.010149836540222168e-01 3.338656902313232422e+00
1.523214721679687500e+01 9.146921634674072266e-01 3.342595577239990234e+00
1.511756420135498047e+01 9.304473400115966797e-01 3.345646142959594727e+00
1.500510215759277344e+01 9.459501504898071289e-01 3.346943616867065430e+00
1.497757625579833984e+01 9.497538805007934570e-01 3.346845388412475586e+00
1.488854217529296875e+01 9.620642662048339844e-01 3.346194505691528320e+00
1.478621196746826172e+01 9.762393832206726074e-01 3.344195365905761719e+00
1.466815853118896484e+01 9.926267862319946289e-01 3.340202569961547852e+00
1.460808563232421875e+01 1.000985383987426758e+00 3.337161779403686523e+00
1.453318881988525391e+01 1.011418342590332031e+00 3.332720518112182617e+00
1.443284225463867188e+01 1.025415658950805664e+00 3.325671434402465820e+00
1.436933612823486328e+01 1.034289956092834473e+00 3.320264816284179688e+00
1.427687644958496094e+01 1.047224164009094238e+00 3.311509370803833008e+00
1.419887924194335938e+01 1.058151841163635254e+00 3.303023815155029297e+00
1.408601951599121094e+01 1.073982834815979004e+00 3.289383411407470703e+00
1.399699115753173828e+01 1.086491823196411133e+00 3.277043342590332031e+00
1.392694377899169922e+01 1.096345782279968262e+00 3.266336441040039062e+00
1.386727142333984375e+01 1.104747533798217773e+00 3.256537675857543945e+00
1.378331947326660156e+01 1.116576194763183594e+00 3.241930246353149414e+00
1.372806358337402344e+01 1.124369025230407715e+00 3.231545925140380859e+00
1.361001300811767578e+01 1.141027212142944336e+00 3.208265066146850586e+00
1.354127883911132812e+01 1.150737285614013672e+00 3.193327188491821289e+00
1.344462776184082031e+01 1.164399027824401855e+00 3.171171903610229492e+00
1.341075325012207031e+01 1.169190764427185059e+00 3.162831783294677734e+00
1.329962444305419922e+01 1.184913992881774902e+00 3.134802818298339844e+00
1.322806835174560547e+01 1.195045232772827148e+00 3.115325212478637695e+00
1.317771148681640625e+01 1.202177405357360840e+00 3.100960016250610352e+00
1.307822418212890625e+01 1.216271042823791504e+00 3.071654796600341797e+00
1.298820400238037109e+01 1.229028224945068359e+00 3.043463945388793945e+00
1.291443347930908203e+01 1.239485025405883789e+00 3.019099950790405273e+00
1.285246753692626953e+01 1.248269677162170410e+00 2.997753381729125977e+00
1.281849098205566406e+01 1.253086566925048828e+00 2.985638380050659180e+00
1.269738197326660156e+01 1.270256757736206055e+00 2.941644668579101562e+00
1.263748931884765625e+01 1.278748035430908203e+00 2.918441772460937500e+00
1.258553314208984375e+01 1.286113619804382324e+00 2.897683143615722656e+00
1.252100658416748047e+01 1.295260429382324219e+00 2.871216297149658203e+00
1.245388889312744141e+01 1.304773092269897461e+00 2.842791557312011719e+00
1.238688373565673828e+01 1.314268112182617188e+00 2.813473463058471680e+00
1.227706909179687500e+01 1.329826235771179199e+00 2.763865709304809570e+00
1.223626232147216797e+01 1.335605144500732422e+00 2.744467258453369141e+00
1.217862987518310547e+01 1.343765258789062500e+00 2.716557502746582031e+00
1.208909416198730469e+01 1.356438636779785156e+00 2.672062397003173828e+00
1.201601505279541016e+01 1.366777658462524414e+00 2.634285211563110352e+00
1.196506214141845703e+01 1.373983025550842285e+00 2.607102155685424805e+00
1.190419292449951172e+01 1.382587671279907227e+00 2.573918104171752930e+00
1.182915687561035156e+01 1.393190383911132812e+00 2.531953096389770508e+00
1.173626232147216797e+01 1.406309127807617188e+00 2.478364944458007812e+00
1.170161914825439453e+01 1.411197900772094727e+00 2.457612752914428711e+00
1.161076545715332031e+01 1.424015164375305176e+00 2.402429580688476562e+00
1.156671428680419922e+01 1.430224776268005371e+00 2.374695539474487305e+00
1.149905395507812500e+01 1.439758419990539551e+00 2.331359624862670898e+00
1.142419528961181641e+01 1.450299501419067383e+00 2.282144546508789062e+00
1.137498283386230469e+01 1.457224130630493164e+00 2.248854637145996094e+00
1.130742263793945312e+01 1.466725468635559082e+00 2.202299118041992188e+00
1.123507976531982422e+01 1.476892113685607910e+00 2.151175737380981445e+00
1.117307090759277344e+01 1.485599517822265625e+00 2.106171131134033203e+00
1.108953285217285156e+01 1.497321963310241699e+00 2.044154405593872070e+00
1.106090545654296875e+01 1.501335144042968750e+00 2.022252321243286133e+00
1.096025943756103516e+01 1.515439629554748535e+00 1.944458007812500000e+00
1.090122032165527344e+01 1.523703217506408691e+00 1.897167563438415527e+00
1.084284496307373047e+01 1.531867861747741699e+00 1.849431395530700684e+00
1.080444240570068359e+01 1.537235021591186523e+00 1.817384123802185059e+00
1.071958160400390625e+01 1.549089431762695312e+00 1.745620489120483398e+00
1.069042682647705078e+01 1.553157687187194824e+00 1.720236897468566895e+00
1.063376045227050781e+01 1.561061859130859375e+00 1.670408368110656738e+00
1.057844161987304688e+01 1.568772196769714355e+00 1.620821356773376465e+00
1.047782611846923828e+01 1.582785487174987793e+00 1.528935074806213379e+00
1.044904041290283203e+01 1.586789131164550781e+00 1.501747965812683105e+00
1.036304187774658203e+01 1.598745346069335938e+00 1.419746398925781250e+00
1.033526134490966797e+01 1.602602958679199219e+00 1.392494559288024902e+00
1.024923229217529297e+01 1.614544391632080078e+00 1.307329297065734863e+00
1.019288158416748047e+01 1.622356772422790527e+00 1.249954938888549805e+00
1.013586044311523438e+01 1.630255699157714844e+00 1.190825939178466797e+00
1.009913444519042969e+01 1.635339140892028809e+00 1.152033925056457520e+00
1.002724647521972656e+01 1.645284414291381836e+00 1.075197458267211914e+00
9.968501091003417969e+00 1.653403162956237793e+00 1.010943651199340820e+00
9.941186904907226562e+00 1.657174825668334961e+00 9.805025458335876465e-01
9.882657051086425781e+00 1.665253877639770508e+00 9.147017598152160645e-01
9.815668106079101562e+00 1.674492835998535156e+00 8.379778861999511719e-01
9.780009269714355469e+00 1.679406166076660156e+00 7.962610125541687012e-01
9.707373619079589844e+00 1.689409375190734863e+00 7.103243470191955566e-01
9.683220863342285156e+00 1.692732214927673340e+00 6.810874938964843750e-01
9.611656188964843750e+00 1.702574610710144043e+00 5.937994122505187988e-01
9.576198577880859375e+00 1.707446217536926270e+00 5.495706796646118164e-01
9.517190933227539062e+00 1.715549588203430176e+00 4.751455485820770264e-01
9.467109680175781250e+00 1.722421526908874512e+00 4.108045101165771484e-01
9.392252922058105469e+00 1.732686281204223633e+00 3.131199777126312256e-01
9.367713928222656250e+00 1.736047863960266113e+00 2.803432643413543701e-01
9.292484283447265625e+00 1.746350169181823730e+00 1.790903806686401367e-01
9.243135452270507812e+00 1.753101706504821777e+00 1.111013218760490417e-01
9.205242156982421875e+00 1.758282661437988281e+00 5.809050425887107849e-02
9.166370391845703125e+00 1.763594985008239746e+00 3.068018704652786255e-03
9.127457618713378906e+00 1.770981550216674805e+00 6.733988225460052490e-02
9.079743385314941406e+00 1.779935359954833984e+00 1.420732140541076660e-01
9.053542137145996094e+00 1.784788846969604492e+00 1.806001961231231689e-01
8.994324684143066406e+00 1.795686721801757812e+00 2.648072838783264160e-01
8.936794281005859375e+00 1.806127309799194336e+00 3.407145142555236816e-01
8.920761108398437500e+00 1.809001445770263672e+00 3.604251742362976074e-01
8.861415863037109375e+00 1.819605708122253418e+00 4.319949150085449219e-01
8.801729202270507812e+00 1.830150365829467773e+00 4.990265369415283203e-01
8.758920669555664062e+00 1.837633728981018066e+00 5.438146591186523438e-01
8.712052345275878906e+00 1.845769047737121582e+00 5.904424786567687988e-01
8.665184020996093750e+00 1.853844642639160156e+00 6.345689296722412109e-01
8.636466026306152344e+00 1.858758211135864258e+00 6.601522564888000488e-01
8.564679145812988281e+00 1.870990157127380371e+00 7.219723463058471680e-01
8.512682914733886719e+00 1.879762053489685059e+00 7.630417943000793457e-01
8.480082511901855469e+00 1.885224342346191406e+00 7.872080802917480469e-01
8.434851646423339844e+00 1.892771601676940918e+00 8.194127678871154785e-01
8.380925178527832031e+00 1.901719689369201660e+00 8.556814789772033691e-01
8.332208633422851562e+00 1.909751296043395996e+00 8.862357139587402344e-01
8.284794807434082031e+00 1.917524218559265137e+00 9.141005873680114746e-01
8.214670181274414062e+00 1.928959250450134277e+00 9.527012109756469727e-01
8.163487434387207031e+00 1.937241673469543457e+00 9.781465530395507812e-01
8.113820075988769531e+00 1.945235610008239746e+00 1.000976085662841797e+00
8.075387001037597656e+00 1.951389908790588379e+00 1.017279028892517090e+00
7.990207195281982422e+00 1.964977264404296875e+00 1.051125884056091309e+00
7.962435722351074219e+00 1.969370126724243164e+00 1.060545921325683594e+00
7.909779548645019531e+00 1.977677106857299805e+00 1.077435374259948730e+00
7.831595420837402344e+00 1.989949822425842285e+00 1.099811196327209473e+00
7.785639762878417969e+00 1.997111201286315918e+00 1.110650777816772461e+00
7.744659900665283203e+00 2.003470420837402344e+00 1.119127750396728516e+00
7.675029754638671875e+00 2.014235496520996094e+00 1.131749033927917480e+00
7.599675655364990234e+00 2.025813102722167969e+00 1.142164230346679688e+00
7.550010681152343750e+00 2.033392667770385742e+00 1.146743774414062500e+00
7.504621028900146484e+00 2.040289640426635742e+00 1.149564981460571289e+00
7.455468654632568359e+00 2.047728538513183594e+00 1.151275873184204102e+00
7.378479957580566406e+00 2.059330224990844727e+00 1.151682615280151367e+00
7.309826850891113281e+00 2.069606065750122070e+00 1.148876428604125977e+00
7.263799667358398438e+00 2.076453685760498047e+00 1.145099878311157227e+00
7.199258804321289062e+00 2.086016893386840820e+00 1.138017058372497559e+00
7.155612468719482422e+00 2.092447042465209961e+00 1.131525158882141113e+00
7.089909553527832031e+00 2.102088928222656250e+00 1.120007753372192383e+00
7.025215148925781250e+00 2.111526250839233398e+00 1.106061100959777832e+00
6.974323272705078125e+00 2.118906021118164062e+00 1.093046426773071289e+00
6.911941051483154297e+00 2.127909183502197266e+00 1.075094938278198242e+00
6.877361774444580078e+00 2.132870197296142578e+00 1.063766360282897949e+00
6.800488471984863281e+00 2.143862247467041016e+00 1.036855220794677734e+00
6.757607460021972656e+00 2.149947166442871094e+00 1.019668221473693848e+00
6.691563129425048828e+00 2.159278392791748047e+00 9.912794828414916992e-01
6.673161029815673828e+00 2.161860466003417969e+00 9.825286865234375000e-01
6.591727256774902344e+00 2.173264503479003906e+00 9.427420496940612793e-01
6.529685020446777344e+00 2.181875944137573242e+00 9.087811708450317383e-01
6.505050182342529297e+00 2.185271024703979492e+00 8.941460251808166504e-01
6.431323528289794922e+00 2.195402622222900391e+00 8.489368557929992676e-01
6.372195243835449219e+00 2.203455924987792969e+00 8.092081546783447266e-01
6.342689037322998047e+00 2.207444667816162109e+00 7.879241704940795898e-01
6.286596298217773438e+00 2.214998006820678711e+00 7.460244894027709961e-01
6.229382038116455078e+00 2.222643375396728516e+00 7.004121541976928711e-01
6.181581020355224609e+00 2.228978633880615234e+00 6.597302556037902832e-01
6.151292800903320312e+00 2.232963800430297852e+00 6.325185894966125488e-01
6.100341796875000000e+00 2.239635705947875977e+00 5.851469039916992188e-01
6.052447795867919922e+00 2.245854616165161133e+00 5.379918813705444336e-01
5.999365806579589844e+00 2.252689599990844727e+00 4.828329682350158691e-01
5.953917980194091797e+00 2.258483648300170898e+00 4.326874613761901855e-01
5.890835762023925781e+00 2.266452312469482422e+00 3.593774437904357910e-01
5.852877616882324219e+00 2.271181344985961914e+00 3.119375407695770264e-01
5.803229331970214844e+00 2.277310609817504883e+00 2.470387071371078491e-01
5.784531116485595703e+00 2.279589176177978516e+00 2.210932075977325439e-01
5.729295253753662109e+00 2.286284923553466797e+00 1.426523923873901367e-01
5.694357395172119141e+00 2.290450096130371094e+00 8.948230743408203125e-02
5.638726234436035156e+00 2.297004699707031250e+00 8.706822991371154785e-04
5.605380535125732422e+00 2.300852298736572266e+00 -5.637703835964202881e-02
5.551947593688964844e+00 2.308185100555419922e+00 1.462490111589431763e-02
5.535271167755126953e+00 2.310441732406616211e+00 3.540974855422973633e-02
5.459922790527343750e+00 2.320595502853393555e+00 1.275163590908050537e-01
5.416596889495849609e+00 2.326329469680786133e+00 1.760273724794387817e-01
5.353360176086425781e+00 2.334617614746093750e+00 2.434452772140502930e-01
5.314013004302978516e+00 2.339705228805541992e+00 2.825138270854949951e-01
5.259160041809082031e+00 2.346740722656250000e+00 3.346505463123321533e-01
5.225984096527099609e+00 2.350949764251708984e+00 3.643179535865783691e-01
5.144006729125976562e+00 2.361283779144287109e+00 4.349814653396606445e-01
5.105538845062255859e+00 2.366059303283691406e+00 4.652179181575775146e-01
5.060251235961914062e+00 2.371642589569091797e+00 4.993052482604980469e-01
5.000710964202880859e+00 2.378924846649169922e+00 5.418653488159179688e-01
4.901141643524169922e+00 2.390979051589965820e+00 6.082789301872253418e-01
4.870716571807861328e+00 2.394601583480834961e+00 6.262694597244262695e-01
4.786063671112060547e+00 2.404631376266479492e+00 6.744750738143920898e-01
4.720968723297119141e+00 2.412240028381347656e+00 7.076974511146545410e-01
4.660477638244628906e+00 2.419238567352294922e+00 7.359472513198852539e-01
4.601691722869873047e+00 2.425976037979125977e+00 7.611106038093566895e-01
4.538718700408935547e+00 2.433128356933593750e+00 7.857501506805419922e-01
4.506301403045654297e+00 2.436774730682373047e+00 7.971900105476379395e-01
4.450196743011474609e+00 2.443054437637329102e+00 8.159045577049255371e-01
4.362119197845458984e+00 2.452828884124755859e+00 8.423800468444824219e-01
4.305910110473632812e+00 2.458983421325683594e+00 8.564298152923583984e-01
4.261654853820800781e+00 2.463787555694580078e+00 8.660945296287536621e-01
4.167469978332519531e+00 2.473942518234252930e+00 8.843530416488647461e-01
4.108594417572021484e+00 2.480198860168457031e+00 8.927333354949951172e-01
4.028017044067382812e+00 2.488682508468627930e+00 9.016473293304443359e-01
3.976021289825439453e+00 2.494087457656860352e+00 9.051634669303894043e-01
3.912550687789916992e+00 2.500630378723144531e+00 9.077073931694030762e-01
3.854108333587646484e+00 2.506592750549316406e+00 9.080922603607177734e-01
3.787524700164794922e+00 2.513319969177246094e+00 9.064819812774658203e-01
3.696386337280273438e+00 2.522424697875976562e+00 9.010838270187377930e-01
3.673595428466796875e+00 2.524665594100952148e+00 8.986383080482482910e-01
3.592162847518920898e+00 2.532639980316162109e+00 8.889164924621582031e-01
3.516017436981201172e+00 2.539986848831176758e+00 8.765262365341186523e-01
3.462549924850463867e+00 2.545071840286254883e+00 8.656367659568786621e-01
3.405454158782958984e+00 2.550445318222045898e+00 8.523466587066650391e-01
3.340605020523071289e+00 2.556478500366210938e+00 8.352133035659790039e-01
3.279020071029663086e+00 2.562130928039550781e+00 8.167116641998291016e-01
3.209372997283935547e+00 2.568438053131103516e+00 7.933491468429565430e-01
3.118978977203369141e+00 2.576495647430419922e+00 7.593740224838256836e-01
3.074421644210815430e+00 2.580382108688354492e+00 7.402250170707702637e-01
3.025044679641723633e+00 2.584640502929687500e+00 7.176505327224731445e-01
2.955671072006225586e+00 2.590545654296875000e+00 6.837805509567260742e-01
2.907794237136840820e+00 2.594543218612670898e+00 6.582600474357604980e-01
2.807772636413574219e+00 2.602777481079101562e+00 6.017436981201171875e-01
2.771515130996704102e+00 2.605669975280761719e+00 5.787407755851745605e-01
2.684731960296630859e+00 2.612507343292236328e+00 5.213829278945922852e-01
2.655811548233032227e+00 2.614714860916137695e+00 5.003652572631835938e-01
2.575102090835571289e+00 2.620805263519287109e+00 4.398439824581146240e-01
2.544569253921508789e+00 2.623032093048095703e+00 4.149026870727539062e-01
2.496308565139770508e+00 2.626502752304077148e+00 3.741840124130249023e-01
2.442711591720581055e+00 2.630267381668090820e+00 3.266075253486633301e-01
2.363031625747680664e+00 2.635708093643188477e+00 2.517874240875244141e-01
2.322390317916870117e+00 2.638356208801269531e+00 2.103074193000793457e-01
2.264572143554687500e+00 2.642023563385009766e+00 1.486888676881790161e-01
2.198204755783081055e+00 2.646059274673461914e+00 7.343984395265579224e-02
2.171220779418945312e+00 2.647611618041992188e+00 4.055019468069076538e-02
2.111478567123413086e+00 2.652123689651489258e+00 1.047415807843208313e-01
2.027969837188720703e+00 2.658295392990112305e+00 1.886710822582244873e-01
1.984578013420104980e+00 2.661410570144653320e+00 2.284371852874755859e-01
1.906870603561401367e+00 2.666908979415893555e+00 2.963801622390747070e-01
1.866740107536315918e+00 2.669677734375000000e+00 3.286194205284118652e-01
1.801883101463317871e+00 2.674095869064331055e+00 3.785058259963989258e-01
1.749034523963928223e+00 2.677623748779296875e+00 4.163657724857330322e-01
1.644034147262573242e+00 2.684520483016967773e+00 4.873119592666625977e-01
1.577700495719909668e+00 2.688741683959960938e+00 5.270611047744750977e-01
1.504584908485412598e+00 2.693303585052490234e+00 5.675827860832214355e-01
1.467467069625854492e+00 2.695569753646850586e+00 5.863945484161376953e-01
1.374497056007385254e+00 2.701184272766113281e+00 6.313592791557312012e-01
1.326459169387817383e+00 2.704006671905517578e+00 6.518892645835876465e-01
1.252813696861267090e+00 2.708272457122802734e+00 6.813081502914428711e-01
1.159034609794616699e+00 2.713586568832397461e+00 7.148610353469848633e-01
1.124065637588500977e+00 2.715512990951538086e+00 7.255783677101135254e-01
1.048272490501403809e+00 2.719643831253051758e+00 7.473980188369750977e-01
9.688354134559631348e-01 2.723873376846313477e+00 7.671156525611877441e-01
8.663103580474853516e-01 2.729197502136230469e+00 7.883992195129394531e-01
8.161926269531250000e-01 2.731715440750122070e+00 7.962334752082824707e-01
7.418193817138671875e-01 2.735390424728393555e+00 8.060280680656433105e-01
6.276252865791320801e-01 2.740892171859741211e+00 8.169353008270263672e-01
5.889752507209777832e-01 2.742680788040161133e+00 8.185052275657653809e-01
5.212180018424987793e-01 2.745772361755371094e+00 8.200083374977111816e-01
4.222716689109802246e-01 2.750173091888427734e+00 8.190138936042785645e-01
3.351782262325286865e-01 2.753898859024047852e+00 8.140474557876586914e-01
3.035283386707305908e-01 2.755204439163208008e+00 8.109317421913146973e-01
1.939521729946136475e-01 2.759662866592407227e+00 7.984877228736877441e-01
1.533339470624923706e-01 2.761235237121582031e+00 7.917391061782836914e-01
4.772222042083740234e-02 2.765243768692016602e+00 7.721092700958251953e-01
-1.158160716295242310e-02 2.767376184463500977e+00 7.580171227455139160e-01
-8.984532207250595093e-02 2.770099639892578125e+00 7.371016144752502441e-01
-1.743150502443313599e-01 2.772906303405761719e+00 7.111729383468627930e-01
-2.759668529033660889e-01 2.776105403900146484e+00 6.755122542381286621e-01
-3.368579447269439697e-01 2.777887582778930664e+00 6.508404016494750977e-01
-4.231356978416442871e-01 2.780293464660644531e+00 6.129732728004455566e-01
-4.794270992279052734e-01 2.781748533248901367e+00 5.854958891868591309e-01
-5.137410163879394531e-01 2.782587766647338867e+00 5.676017999649047852e-01
-5.997129082679748535e-01 2.784614801406860352e+00 5.209738016128540039e-01
-7.058354020118713379e-01 2.786875486373901367e+00 4.577048122882843018e-01
-7.602268457412719727e-01 2.787871122360229492e+00 4.214501380920410156e-01
-8.465548753738403320e-01 2.789308309555053711e+00 3.605919480323791504e-01
-8.692423105239868164e-01 2.789623022079467773e+00 3.431440889835357666e-01
-9.428492188453674316e-01 2.790586709976196289e+00 2.852250635623931885e-01
-1.011070966720581055e+00 2.791301012039184570e+00 2.274605482816696167e-01
-1.072726011276245117e+00 2.791785001754760742e+00 1.715896427631378174e-01
-1.131181955337524414e+00 2.792094707489013672e+00 1.152477562427520752e-01
-1.201303124427795410e+00 2.792283058166503906e+00 4.355172812938690186e-02
-1.269806385040283203e+00 2.792234182357788086e+00 -3.169847279787063599e-02
-1.321212291717529297e+00 2.792554855346679688e+00 1.668898388743400574e-02
-1.379285335540771484e+00 2.792862892150878906e+00 6.853747367858886719e-02
-1.488499045372009277e+00 2.793331384658813477e+00 1.604304462671279907e-01
-1.548824548721313477e+00 2.793480634689331055e+00 2.058046013116836548e-01
-1.631411194801330566e+00 2.793605089187622070e+00 2.642132639884948730e-01
-1.703402042388916016e+00 2.793621301651000977e+00 3.109547793865203857e-01
-1.810732603073120117e+00 2.793528556823730469e+00 3.755528628826141357e-01
-1.870691895484924316e+00 2.793382167816162109e+00 4.076495766639709473e-01
-1.977207660675048828e+00 2.793029546737670898e+00 4.609417021274566650e-01
-2.033588171005249023e+00 2.792757511138916016e+00 4.857950806617736816e-01
-2.103654146194458008e+00 2.792363882064819336e+00 5.145779848098754883e-01
-2.193665504455566406e+00 2.791769981384277344e+00 5.482916831970214844e-01
-2.291956663131713867e+00 2.790998697280883789e+00 5.806782841682434082e-01
-2.380258798599243164e+00 2.790185928344726562e+00 6.055816411972045898e-01
-2.479942083358764648e+00 2.789146661758422852e+00 6.295762062072753906e-01
-2.536264657974243164e+00 2.788481712341308594e+00 6.405741572380065918e-01
-2.657094478607177734e+00 2.786960124969482422e+00 6.611286997795104980e-01
-2.756177186965942383e+00 2.785545110702514648e+00 6.727195382118225098e-01
-2.839658975601196289e+00 2.784235239028930664e+00 6.789128184318542480e-01
-2.916649580001831055e+00 2.782934427261352539e+00 6.818767786026000977e-01
-3.045163154602050781e+00 2.780617713928222656e+00 6.826180815696716309e-01
-3.093799114227294922e+00 2.779647827148437500e+00 6.802507042884826660e-01
-3.163514375686645508e+00 2.778205394744873047e+00 6.754188537597656250e-01
-3.307169437408447266e+00 2.775077342987060547e+00 6.612032651901245117e-01
-3.354016780853271484e+00 2.773950099945068359e+00 6.536871194839477539e-01
-3.481515645980834961e+00 2.770782709121704102e+00 6.306385397911071777e-01
-3.533443927764892578e+00 2.769380331039428711e+00 6.183452606201171875e-01
-3.612028837203979492e+00 2.767185449600219727e+00 5.979115962982177734e-01
-3.712043046951293945e+00 2.764248847961425781e+00 5.683300495147705078e-01
-3.816521167755126953e+00 2.760983705520629883e+00 5.325614213943481445e-01
-3.885626792907714844e+00 2.758680582046508789e+00 5.054281949996948242e-01
-3.979410171508789062e+00 2.755419254302978516e+00 4.653749465942382812e-01
-4.104870796203613281e+00 2.750799417495727539e+00 4.057338535785675049e-01
-4.189999580383300781e+00 2.747416257858276367e+00 3.594883978366851807e-01
-4.276699066162109375e+00 2.743784666061401367e+00 3.081440329551696777e-01
-4.360369682312011719e+00 2.740085124969482422e+00 2.541934549808502197e-01
-4.413916587829589844e+00 2.737588644027709961e+00 2.167847007513046265e-01
-4.521912574768066406e+00 2.732375621795654297e+00 1.374024748802185059e-01
-4.578181743621826172e+00 2.729460239410400391e+00 9.165922552347183228e-02
-4.650911808013916016e+00 2.725544452667236328e+00 2.932877093553543091e-02
-4.739947319030761719e+00 2.720501422882080078e+00 -5.236989259719848633e-02
-4.792107582092285156e+00 2.717418670654296875e+00 -9.723853319883346558e-03
-4.921926021575927734e+00 2.709689378738403320e+00 9.106875956058502197e-02
-4.987983226776123047e+00 2.705686330795288086e+00 1.360940039157867432e-01
-5.059605598449707031e+00 2.701306343078613281e+00 1.817871779203414917e-01
-5.155130863189697266e+00 2.695407152175903320e+00 2.384500652551651001e-01
-5.257005691528320312e+00 2.689034461975097656e+00 2.931378185749053955e-01
-5.415598869323730469e+00 2.678977727890014648e+00 3.693392574787139893e-01
-5.527270317077636719e+00 2.671747684478759766e+00 4.138675332069396973e-01
-5.579210281372070312e+00 2.668334960937500000e+00 4.317943751811981201e-01
-5.679624080657958984e+00 2.661691188812255859e+00 4.640428721904754639e-01
-5.780581951141357422e+00 2.654921770095825195e+00 4.919009804725646973e-01
-5.941360473632812500e+00 2.643996000289916992e+00 5.291946530342102051e-01
-5.997398376464843750e+00 2.640106201171875000e+00 5.383983254432678223e-01
-6.170910835266113281e+00 2.627970218658447266e+00 5.629103779792785645e-01
-6.259696006774902344e+00 2.621614217758178711e+00 5.692445635795593262e-01
-6.392304420471191406e+00 2.612004041671752930e+00 5.740398168563842773e-01
-6.473962306976318359e+00 2.605976104736328125e+00 5.727325081825256348e-01
-6.598823070526123047e+00 2.596651077270507812e+00 5.667306184768676758e-01
-6.705008983612060547e+00 2.588577032089233398e+00 5.564128160476684570e-01
-6.836412429809570312e+00 2.578427791595458984e+00 5.381156802177429199e-01
-6.948804378509521484e+00 2.569572925567626953e+00 5.165409445762634277e-01
-7.038316726684570312e+00 2.562395811080932617e+00 4.952401816844940186e-01
-7.152880191802978516e+00 2.553076744079589844e+00 4.636864364147186279e-01
-7.288090705871582031e+00 2.541867494583129883e+00 4.198019206523895264e-01
-7.397253990173339844e+00 2.532604694366455078e+00 3.778051733970642090e-01
-7.481662750244140625e+00 2.525299549102783203e+00 3.410387039184570312e-01
-7.532066345214843750e+00 2.520867109298706055e+00 3.170142173767089844e-01
-7.645301818847656250e+00 2.510810375213623047e+00 2.601648271083831787e-01
-7.810644149780273438e+00 2.495786905288696289e+00 1.673705130815505981e-01
-7.848948478698730469e+00 2.492180585861206055e+00 1.423052847385406494e-01
-7.958396434783935547e+00 2.481783390045166016e+00 6.811837852001190186e-02
-8.056402206420898438e+00 2.472223758697509766e+00 -5.188971757888793945e-03
-8.205595016479492188e+00 2.455973386764526367e+00 9.911844134330749512e-02
-8.324047088623046875e+00 2.443078517913818359e+00 1.703202426433563232e-01
-8.420054435729980469e+00 2.432619571685791016e+00 2.213714718818664551e-01
-8.539111137390136719e+00 2.419634819030761719e+00 2.784877121448516846e-01
-8.727705001831054688e+00 2.399027585983276367e+00 3.575517535209655762e-01
-8.881157875061035156e+00 2.382197856903076172e+00 4.082514643669128418e-01
-8.921914100646972656e+00 2.377710342407226562e+00 4.189870953559875488e-01
-9.069486618041992188e+00 2.361442089080810547e+00 4.553337991237640381e-01
-9.267722129821777344e+00 2.339490890502929688e+00 4.921647310256958008e-01
-9.429728507995605469e+00 2.321432590484619141e+00 5.096209645271301270e-01
-9.573013305664062500e+00 2.305363416671752930e+00 5.161957740783691406e-01
-9.710317611694335938e+00 2.289874553680419922e+00 5.150901079177856445e-01
-9.875897407531738281e+00 2.271083593368530273e+00 5.052382349967956543e-01
-9.943840026855468750e+00 2.263313531875610352e+00 4.969688355922698975e-01
-1.007691192626953125e+01 2.248043060302734375e+00 4.773356318473815918e-01
-1.028125286102294922e+01 2.224432706832885742e+00 4.367477297782897949e-01
-1.044908714294433594e+01 2.204821586608886719e+00 3.899087309837341309e-01
-1.056406211853027344e+01 2.191249608993530273e+00 3.498653769493103027e-01
-1.074749183654785156e+01 2.169431924819946289e+00 2.768549621105194092e-01
-1.086670684814453125e+01 2.155067682266235352e+00 2.194345295429229736e-01
-1.099162006378173828e+01 2.139875888824462891e+00 1.519460976123809814e-01
-1.105620002746582031e+01 2.131938457489013672e+00 1.128136515617370605e-01
-1.119158840179443359e+01 2.115199804306030273e+00 2.586156874895095825e-02
-1.138654136657714844e+01 2.090778827667236328e+00 -1.151094213128089905e-01
-1.147760677337646484e+01 2.077763557434082031e+00 -6.097370758652687073e-02
-1.162946128845214844e+01 2.056178331375122070e+00 2.144557610154151917e-02
-1.194005584716796875e+01 2.012380838394165039e+00 1.652887910604476929e-01
-1.213108921051025391e+01 1.985796689987182617e+00 2.262782603502273560e-01
-1.222347164154052734e+01 1.973014712333679199e+00 2.485194802284240723e-01
-1.251530838012695312e+01 1.932729959487915039e+00 3.082288801670074463e-01
-1.260138702392578125e+01 1.920926213264465332e+00 3.164200484752655029e-01
-1.284900951385498047e+01 1.887021303176879883e+00 3.322654962539672852e-01
-1.311650085449218750e+01 1.850541710853576660e+00 3.257760703563690186e-01
-1.335141658782958984e+01 1.818616390228271484e+00 2.978380918502807617e-01
-1.343539237976074219e+01 1.807232379913330078e+00 2.807471752166748047e-01
-1.369787406921386719e+01 1.771676421165466309e+00 2.191509753465652466e-01
-1.388585758209228516e+01 1.746270537376403809e+00 1.562187671661376953e-01
-1.421557426452636719e+01 1.701773405075073242e+00 2.052204310894012451e-02
-1.435917282104492188e+01 1.682442188262939453e+00 -5.973469465970993042e-02
-1.458743667602539062e+01 1.649566054344177246e+00 5.699033290147781372e-02
-1.481424903869628906e+01 1.617766380310058594e+00 1.462297737598419189e-01
-1.527165126800537109e+01 1.555096864700317383e+00 2.792178094387054443e-01
-1.562981891632080078e+01 1.507982969284057617e+00 3.182533383369445801e-01
-1.603532981872558594e+01 1.456143975257873535e+00 3.098265826702117920e-01
-1.624350547790527344e+01 1.430383563041687012e+00 2.755562663078308105e-01
-1.679935455322265625e+01 1.362827777862548828e+00 1.416663229465484619e-01
-1.699619102478027344e+01 1.340164303779602051e+00 5.170688033103942871e-02
-1.729499626159667969e+01 1.306598305702209473e+00 -1.116960495710372925e-01
-1.808445930480957031e+01 1.217873215675354004e+00 1.417727619409561157e-01
-1.907333755493164062e+01 1.123248219490051270e+00 1.574689447879791260e-01
-2.028079795837402344e+01 1.029720783233642578e+00 -2.295025885105133057e-01
-2.095845222473144531e+01 9.973572492599487305e-01 -7.927443981170654297e-01
-2.684024810791015625e+01 1.004006266593933105e+00 -1.371161222457885742e+00
-1.830112304687500000e+03 2.422035064697265625e+02 -3.442852783203125000e+03
-5.016063783731200000e+14 1.486166897459200000e+14 -2.789123072983040000e+14
-6.093928337418393192e+29 3.348663696252223453e+29 5.036798643818444523e+29
-1.170849945347229170e+30 6.433916812404527132e+29 9.677395273195949367e+29
-1.654797760280255508e+30 9.093249872944533141e+29 1.367735604329667677e+30
-1.930935760293350645e+30 1.061065124932112917e+30 1.595971278782080200e+30
-2.358649635148365248e+30 1.296097380342398885e+30 1.949488389268339100e+30
-2.942088418258216723e+30 1.616701636505376958e+30 2.431716507222963628e+30
-3.620251072806697949e+30 1.989357553873409955e+30 2.992236474644560963e+30
-3.954211994771960800e+30 2.172871888828000857e+30 3.268264462408071169e+30
-4.344142253176467234e+30 2.387141749980770280e+30 3.590552601122044968e+30
-4.820939271886473040e+30 2.649145744889568432e+30 3.984638542031476690e+30
-5.223758190685345940e+30 2.870497946840822709e+30 4.317579432836439698e+30
-5.828737311817635974e+30 3.202938946819375067e+30 4.817611099105073966e+30
-6.424976503737022046e+30 3.530577186748053408e+30 5.310419433601510825e+30
-6.967718310286821548e+30 3.828818279752617714e+30 5.759010701782632814e+30
-7.265926460062801356e+30 3.992686058981196373e+30 6.005487706811483025e+30
-7.614453729228600874e+30 4.184204691787455734e+30 6.293554782349625516e+30
-8.285730342308557172e+30 4.553076671340094943e+30 6.848383429243932080e+30
-8.789276355934811167e+30 4.829779239710950112e+30 7.264577903311021237e+30
-9.004677922770467335e+30 4.948144260015053744e+30 7.442613386451118639e+30
-9.775710258781744374e+30 5.371832865237933987e+30 8.079892587631872335e+30
-1.024323814100130991e+31 5.628743504552968255e+30 8.466317263390951249e+30
-1.058329084017161088e+31 5.815605355102072064e+30 8.747379822730246578e+30
-1.109213376227650637e+31 6.095218412383649453e+30 9.167952421653070114e+30
-1.162569438168924258e+31 6.388414355711507009e+30 9.608955262464471076e+30
-1.208730698987343374e+31 6.642074797960507346e+30 9.990491042209028429e+30
-1.231215510306355862e+31 6.765630643502581291e+30 1.017633376829219711e+31
-1.282779581505214717e+31 7.048979281566767885e+30 1.060252484996167963e+31
-1.331854111763741166e+31 7.318647715056195334e+30 1.100813880525550155e+31
-1.401912692828810503e+31 7.703625306609195536e+30 1.158719130326033625e+31
-1.437480499367692508e+31 7.899072948329202442e+30 1.188116821266766486e+31
-1.489035624515486215e+31 8.182372624897694643e+30 1.230728554986215089e+31
-1.545207879153552114e+31 8.491043423179529259e+30 1.277156383947859231e+31
-1.576370480898340371e+31 8.662284743213392445e+30 1.302913152997658713e+31
-1.639401938851735753e+31 9.008648035162081777e+30 1.355010360482967619e+31
-1.675314047464044005e+31 9.205987645789785578e+30 1.384692632561637764e+31
-1.720389572003867222e+31 9.453680830193168105e+30 1.421948704007611598e+31
-1.772598000664580675e+31 9.740570411983005947e+30 1.465100464890682056e+31
