2.333859634399414062e+01 -2.261579483747482300e-01 2.054901123046875000e-01
2.318442344665527344e+01 -2.163161486387252808e-01 2.994755208492279053e-01
2.295520973205566406e+01 -2.017944604158401489e-01 4.381579458713531494e-01
2.279784011840820312e+01 -1.919343173503875732e-01 5.322566628456115723e-01
2.262458801269531250e+01 -1.811575591564178467e-01 6.349703669548034668e-01
2.247685432434082031e+01 -1.720392704010009766e-01 7.216969132423400879e-01
2.240917778015136719e+01 -1.678886860609054565e-01 7.610794901847839355e-01
2.222907447814941406e+01 -1.568740308284759521e-01 8.654507398605346680e-01
2.208110046386718750e+01 -1.478913128376007080e-01 9.502306580543518066e-01
2.191991996765136719e+01 -1.381635963916778564e-01 1.041676044464111328e+00
2.178158760070800781e+01 -1.298655569553375244e-01 1.119288563728332520e+00
2.157704734802246094e+01 -1.176568567752838135e-01 1.232907891273498535e+00
2.144239234924316406e+01 -1.096762418746948242e-01 1.306559205055236816e+00
2.135699653625488281e+01 -1.046369224786758423e-01 1.352770090103149414e+00
2.121780586242675781e+01 -9.644424915313720703e-02 1.427566409111022949e+00
2.107370567321777344e+01 -8.799725770950317383e-02 1.504094123840332031e+00
2.092531394958496094e+01 -7.933333516120910645e-02 1.581906437873840332e+00
2.074898529052734375e+01 -6.907761096954345703e-02 1.673115849494934082e+00
2.064838409423828125e+01 -6.325103342533111572e-02 1.724276900291442871e+00
2.050940322875976562e+01 -5.521896854043006897e-02 1.794244527816772461e+00
2.041805076599121094e+01 -4.995419830083847046e-02 1.839573860168457031e+00
2.024212455749511719e+01 -3.983206301927566528e-02 1.926012992858886719e+00
2.011767578125000000e+01 -3.269300609827041626e-02 1.985964298248291016e+00
1.996593284606933594e+01 -2.400362864136695862e-02 2.058002710342407227e+00
1.988884162902832031e+01 -1.959742978215217590e-02 2.093925952911376953e+00
1.971234321594238281e+01 -9.517464786767959595e-03 2.175368070602416992e+00
1.959001541137695312e+01 -2.542356960475444794e-03 2.230510234832763672e+00
1.947781562805175781e+01 3.850299399346113205e-03 2.280233860015869141e+00
1.938278198242187500e+01 9.262163192033767700e-03 2.321671962738037109e+00
1.929195404052734375e+01 1.443322375416755676e-02 2.360717058181762695e+00
1.915656280517578125e+01 2.214054949581623077e-02 2.418108463287353516e+00
1.897438812255859375e+01 3.251134231686592102e-02 2.493671178817749023e+00
1.886360931396484375e+01 3.882050141692161560e-02 2.538222789764404297e+00
1.881159591674804688e+01 4.178449884057044983e-02 2.558730363845825195e+00
1.868636512756347656e+01 4.892352968454360962e-02 2.607635974884033203e+00
1.860168075561523438e+01 5.375590547919273376e-02 2.639929056167602539e+00
1.846293830871582031e+01 6.167959421873092651e-02 2.691956758499145508e+00
1.830894088745117188e+01 7.048823684453964233e-02 2.748074293136596680e+00
1.821969604492187500e+01 7.560355961322784424e-02 2.779518604278564453e+00
1.808556365966796875e+01 8.330269157886505127e-02 2.825819969177246094e+00
1.797035217285156250e+01 8.993116766214370728e-02 2.864327669143676758e+00
1.792686271667480469e+01 9.243881702423095703e-02 2.878444671630859375e+00
1.779266357421875000e+01 1.001839861273765564e-01 2.921512603759765625e+00
1.767107200622558594e+01 1.072222217917442322e-01 2.959131240844726562e+00
1.757844161987304688e+01 1.125996783375740051e-01 2.986798763275146484e+00
1.750513648986816406e+01 1.168653070926666260e-01 3.008084774017333984e+00
1.734428215026855469e+01 1.262440383434295654e-01 3.053720712661743164e+00
1.726757812500000000e+01 1.307367086410522461e-01 3.074337482452392578e+00
1.722036933898925781e+01 1.335082054138183594e-01 3.086683034896850586e+00
1.707988357543945312e+01 1.417679935693740845e-01 3.122786045074462891e+00
1.700869178771972656e+01 1.459725648164749146e-01 3.140107631683349609e+00
1.686651229858398438e+01 1.543899625539779663e-01 3.173697471618652344e+00
1.682034301757812500e+01 1.571369469165802002e-01 3.183942317962646484e+00
1.670194625854492188e+01 1.641930341720581055e-01 3.209652423858642578e+00
1.660802459716796875e+01 1.698151081800460815e-01 3.228890180587768555e+00
1.646868705749511719e+01 1.781856566667556763e-01 3.256042242050170898e+00
1.637575912475585938e+01 1.837988495826721191e-01 3.272750377655029297e+00
1.628592681884765625e+01 1.892454475164413452e-01 3.287980556488037109e+00
1.619870376586914062e+01 1.945533901453018188e-01 3.301889896392822266e+00
1.609101486206054688e+01 2.011307030916213989e-01 3.317994117736816406e+00
1.605537223815917969e+01 2.033174932003021240e-01 3.322880029678344727e+00
1.591819858551025391e+01 2.117464542388916016e-01 3.341110944747924805e+00
1.583853149414062500e+01 2.166706621646881104e-01 3.350400209426879883e+00
1.574666213989257812e+01 2.223685085773468018e-01 3.360225915908813477e+00
1.567713356018066406e+01 2.266977876424789429e-01 3.366877079010009766e+00
1.557252693176269531e+01 2.332305759191513062e-01 3.375977516174316406e+00
1.551382923126220703e+01 2.369126528501510620e-01 3.380307674407958984e+00
1.540575218200683594e+01 2.437089085578918457e-01 3.387466907501220703e+00
1.528855037689208984e+01 2.511121034622192383e-01 3.393583297729492188e+00
1.522211170196533203e+01 2.553287744522094727e-01 3.396018266677856445e+00
1.513727951049804688e+01 2.607267796993255615e-01 3.398368358612060547e+00
1.508208751678466797e+01 2.642500698566436768e-01 3.399258852005004883e+00
1.495660400390625000e+01 2.722768187522888184e-01 3.400327444076538086e+00
1.486726284027099609e+01 2.780173420906066895e-01 3.399517774581909180e+00
1.483827972412109375e+01 2.798851430416107178e-01 3.398885726928710938e+00
1.473245906829833984e+01 2.867108583450317383e-01 3.396135807037353516e+00
1.463602638244628906e+01 2.929511368274688721e-01 3.392143011093139648e+00
1.454007053375244141e+01 2.991772592067718506e-01 3.386798858642578125e+00
1.448147296905517578e+01 3.029886186122894287e-01 3.382688760757446289e+00
1.440828514099121094e+01 3.077552020549774170e-01 3.376901388168334961e+00
1.435236644744873047e+01 3.114026486873626709e-01 3.371848583221435547e+00
1.423980426788330078e+01 3.187524080276489258e-01 3.360696792602539062e+00
1.417462348937988281e+01 3.230164945125579834e-01 3.353080511093139648e+00
1.405404281616210938e+01 3.309117853641510010e-01 3.337731122970581055e+00
1.400061893463134766e+01 3.344146311283111572e-01 3.329882621765136719e+00
1.394671249389648438e+01 3.379505872726440430e-01 3.321487903594970703e+00
1.382123470306396484e+01 3.461838364601135254e-01 3.300821781158447266e+00
1.376914501190185547e+01 3.496035635471343994e-01 3.291138887405395508e+00
1.368199539184570312e+01 3.553251922130584717e-01 3.274160861968994141e+00
1.359418773651123047e+01 3.610894381999969482e-01 3.255728721618652344e+00
1.353205871582031250e+01 3.651666343212127686e-01 3.241728067398071289e+00
1.344565296173095703e+01 3.708348572254180908e-01 3.221301555633544922e+00
1.340586185455322266e+01 3.734433650970458984e-01 3.211275815963745117e+00
1.335019969940185547e+01 3.770907521247863770e-01 3.196848392486572266e+00
1.322267055511474609e+01 3.854421377182006836e-01 3.162491559982299805e+00
1.317394638061523438e+01 3.886276185512542725e-01 3.148208379745483398e+00
1.308827590942382812e+01 3.942241072654724121e-01 3.122306823730468750e+00
1.302878761291503906e+01 3.981043994426727295e-01 3.103347778320312500e+00
1.294502162933349609e+01 4.035619199275970459e-01 3.075688362121582031e+00
1.291368007659912109e+01 4.056002497673034668e-01 3.064826250076293945e+00
1.284207725524902344e+01 4.102536737918853760e-01 3.039567232131958008e+00
1.272328090667724609e+01 4.179610311985015869e-01 2.995965480804443359e+00
1.268039226531982422e+01 4.207351803779602051e-01 2.979192495346069336e+00
1.261815071105957031e+01 4.247562885284423828e-01 2.954303503036499023e+00
1.251479339599609375e+01 4.314216375350952148e-01 2.911641120910644531e+00
1.244152069091796875e+01 4.361320137977600098e-01 2.879806041717529297e+00
1.239416122436523438e+01 4.391693174839019775e-01 2.858489274978637695e+00
1.232910537719726562e+01 4.433348774909973145e-01 2.828543424606323242e+00
1.224220943450927734e+01 4.488862454891204834e-01 2.787313938140869141e+00
1.221475982666015625e+01 4.506343901157379150e-01 2.773763656616210938e+00
1.212355136871337891e+01 4.564369022846221924e-01 2.728181838989257812e+00
1.204792976379394531e+01 4.612309932708740234e-01 2.688835859298706055e+00
1.198555946350097656e+01 4.651730358600616455e-01 2.655306100845336914e+00
1.191955471038818359e+01 4.693340063095092773e-01 2.618869543075561523e+00
1.185137176513671875e+01 4.736202061176300049e-01 2.580176591873168945e+00
1.181729793548583984e+01 4.757558405399322510e-01 2.560288906097412109e+00
1.173503398895263672e+01 4.809040427207946777e-01 2.511603116989135742e+00
1.169382762908935547e+01 4.834731221199035645e-01 2.486395835876464844e+00
1.163094806671142578e+01 4.873859286308288574e-01 2.447295665740966797e+00
1.153072738647460938e+01 4.936037361621856689e-01 2.383416891098022461e+00
1.146824550628662109e+01 4.974612295627593994e-01 2.342019319534301758e+00
1.143719291687011719e+01 4.993723630905151367e-01 2.320950031280517578e+00
1.135586643218994141e+01 5.043696165084838867e-01 2.265119791030883789e+00
1.132008171081542969e+01 5.065592527389526367e-01 2.239795684814453125e+00
1.124230575561523438e+01 5.113092064857482910e-01 2.184022665023803711e+00
1.119215488433837891e+01 5.143592953681945801e-01 2.147020339965820312e+00
1.112044811248779297e+01 5.187084674835205078e-01 2.093142986297607422e+00
1.105008506774902344e+01 5.229591131210327148e-01 2.038896560668945312e+00
1.097949695587158203e+01 5.272064208984375000e-01 1.983099699020385742e+00
1.093392467498779297e+01 5.299373269081115723e-01 1.946171879768371582e+00
1.085499954223632812e+01 5.346542596817016602e-01 1.881194233894348145e+00
1.083518600463867188e+01 5.358328819274902344e-01 1.864430427551269531e+00
1.075618553161621094e+01 5.405266284942626953e-01 1.797134757041931152e+00
1.068102550506591797e+01 5.449707508087158203e-01 1.731361150741577148e+00
1.065439224243164062e+01 5.465381741523742676e-01 1.707454681396484375e+00
1.057236576080322266e+01 5.513576865196228027e-01 1.633163332939147949e+00
1.053886127471923828e+01 5.533160567283630371e-01 1.601975679397583008e+00
1.044941520690917969e+01 5.585330724716186523e-01 1.517783522605895996e+00
1.040312862396240234e+01 5.612170696258544922e-01 1.472912192344665527e+00
1.035190105438232422e+01 5.641785860061645508e-01 1.422492265701293945e+00
1.028669738769531250e+01 5.679352283477783203e-01 1.357235908508300781e+00
1.024411106109619141e+01 5.703780651092529297e-01 1.313704967498779297e+00
1.020223522186279297e+01 5.727732181549072266e-01 1.270307779312133789e+00
1.014653396606445312e+01 5.759500265121459961e-01 1.211801290512084961e+00
1.008055782318115234e+01 5.796983838081359863e-01 1.141255736351013184e+00
1.002933502197265625e+01 5.825952291488647461e-01 1.085321545600891113e+00
9.959640502929687500e+00 5.865225195884704590e-01 1.007970213890075684e+00
9.922142982482910156e+00 5.886250138282775879e-01 9.654273390769958496e-01
9.870690345764160156e+00 5.915023088455200195e-01 9.063583016395568848e-01
9.820839881896972656e+00 5.942796468734741211e-01 8.481971621513366699e-01
9.782078742980957031e+00 5.964313745498657227e-01 8.022630810737609863e-01
9.730491638183593750e+00 5.992870926856994629e-01 7.403846383094787598e-01
9.656515121459960938e+00 6.033666729927062988e-01 6.502135992050170898e-01
9.613976478576660156e+00 6.056997179985046387e-01 5.971587300300598145e-01
9.559706687927246094e+00 6.086667180061340332e-01 5.285752415657043457e-01
9.493940353393554688e+00 6.122476458549499512e-01 4.440583288669586182e-01
9.449716567993164062e+00 6.146436929702758789e-01 3.860626220703125000e-01
9.416103363037109375e+00 6.164587736129760742e-01 3.413772583007812500e-01
9.350910186767578125e+00 6.199701428413391113e-01 2.538112103939056396e-01
9.294268608093261719e+00 6.230057477951049805e-01 1.761947721242904663e-01
9.277112960815429688e+00 6.239212155342102051e-01 1.522745937108993530e-01
9.200170516967773438e+00 6.280215382575988770e-01 4.442888498306274414e-02
9.173023223876953125e+00 6.294596791267395020e-01 5.471959710121154785e-03
9.122617721557617188e+00 6.354227662086486816e-01 8.864544332027435303e-02
9.084570884704589844e+00 6.398414969444274902e-01 1.473159939050674438e-01
9.042988777160644531e+00 6.446103453636169434e-01 2.083676010370254517e-01
8.995316505432128906e+00 6.500079631805419922e-01 2.747911810874938965e-01
8.961611747741699219e+00 6.537725329399108887e-01 3.190765380859375000e-01
8.933635711669921875e+00 6.568695306777954102e-01 3.543750643730163574e-01
8.873229980468750000e+00 6.635096669197082520e-01 4.281030893325805664e-01
8.840276718139648438e+00 6.670803427696228027e-01 4.655497670173645020e-01
8.772736549377441406e+00 6.743457913398742676e-01 5.394164919853210449e-01
8.750085830688476562e+00 6.767483353614807129e-01 5.623136758804321289e-01
8.706019401550292969e+00 6.814020276069641113e-01 6.057156324386596680e-01
8.667186737060546875e+00 6.854695081710815430e-01 6.420640349388122559e-01
8.586893081665039062e+00 6.938218474388122559e-01 7.139171361923217773e-01
8.535801887512207031e+00 6.990647315979003906e-01 7.555085420608520508e-01
8.519813537597656250e+00 7.006922960281372070e-01 7.677565813064575195e-01
8.456306457519531250e+00 7.071414589881896973e-01 8.154873251914978027e-01
8.405634880065917969e+00 7.122390866279602051e-01 8.507250547409057617e-01
8.339073181152343750e+00 7.188877463340759277e-01 8.941667079925537109e-01
8.306230545043945312e+00 7.221389412879943848e-01 9.138285517692565918e-01
8.254313468933105469e+00 7.272567749023437500e-01 9.435795545578002930e-01
8.202424049377441406e+00 7.323385477066040039e-01 9.712612032890319824e-01
8.145456314086914062e+00 7.378824949264526367e-01 9.994655847549438477e-01
8.083162307739257812e+00 7.439042925834655762e-01 1.027756810188293457e+00
8.015458106994628906e+00 7.504028677940368652e-01 1.055560588836669922e+00
7.980386734008789062e+00 7.537443041801452637e-01 1.068352341651916504e+00
7.932046413421630859e+00 7.583328485488891602e-01 1.084860801696777344e+00
7.893686771392822266e+00 7.619557976722717285e-01 1.096749901771545410e+00
7.832698822021484375e+00 7.676936984062194824e-01 1.114148378372192383e+00
7.743011474609375000e+00 7.760807871818542480e-01 1.136265397071838379e+00
7.717977523803710938e+00 7.784016728401184082e-01 1.141041636466979980e+00
7.665052413940429688e+00 7.832969427108764648e-01 1.150328516960144043e+00
7.610708236694335938e+00 7.882990241050720215e-01 1.158115148544311523e+00
7.536462306976318359e+00 7.950994968414306641e-01 1.166321396827697754e+00
7.489160060882568359e+00 7.994036674499511719e-01 1.169449687004089355e+00
7.424686908721923828e+00 8.052462339401245117e-01 1.171901583671569824e+00
7.351198196411132812e+00 8.118691444396972656e-01 1.171890020370483398e+00
7.335335731506347656e+00 8.132898807525634766e-01 1.171198248863220215e+00
7.276582717895507812e+00 8.185451626777648926e-01 1.168084383010864258e+00
7.200905799865722656e+00 8.252813220024108887e-01 1.161439418792724609e+00
7.163295269012451172e+00 8.286083340644836426e-01 1.156443595886230469e+00
7.085109710693359375e+00 8.355035781860351562e-01 1.144296646118164062e+00
7.022757053375244141e+00 8.409677147865295410e-01 1.131669044494628906e+00
6.971085071563720703e+00 8.454731702804565430e-01 1.119235396385192871e+00
6.933893680572509766e+00 8.487025499343872070e-01 1.109096050262451172e+00
6.855777740478515625e+00 8.554652333259582520e-01 1.085978150367736816e+00
6.815265655517578125e+00 8.589503765106201172e-01 1.071976423263549805e+00
6.748848915100097656e+00 8.646453022956848145e-01 1.047272086143493652e+00
6.686867237091064453e+00 8.699312210083007812e-01 1.021492600440979004e+00
6.654477596282958984e+00 8.726794719696044922e-01 1.006656408309936523e+00
6.600899696350097656e+00 8.772134780883789062e-01 9.809059500694274902e-01
6.556951045989990234e+00 8.809161782264709473e-01 9.581118226051330566e-01
6.509541034698486328e+00 8.848959803581237793e-01 9.320027828216552734e-01
6.431645870208740234e+00 8.914088606834411621e-01 8.863415122032165527e-01
6.379577159881591797e+00 8.957335948944091797e-01 8.526762723922729492e-01
6.338933944702148438e+00 8.990942239761352539e-01 8.246790766716003418e-01
6.277761459350585938e+00 9.041343927383422852e-01 7.804462909698486328e-01
6.248382568359375000e+00 9.065418243408203125e-01 7.576320767402648926e-01
6.208487033843994141e+00 9.098023772239685059e-01 7.255811095237731934e-01
6.158478260040283203e+00 9.138745069503784180e-01 6.835291981697082520e-01
6.090162277221679688e+00 9.194113016128540039e-01 6.227365732192993164e-01
6.062148571014404297e+00 9.216667413711547852e-01 5.958238840103149414e-01
5.986519813537597656e+00 9.277388453483581543e-01 5.208330154418945312e-01
5.945331573486328125e+00 9.310199022293090820e-01 4.763815999031066895e-01
5.894934177398681641e+00 9.350164532661437988e-01 4.193815886974334717e-01
5.857851505279541016e+00 9.379400610923767090e-01 3.749443888664245605e-01
5.836474895477294922e+00 9.396178126335144043e-01 3.481950461864471436e-01
5.785349845886230469e+00 9.436196088790893555e-01 2.825769782066345215e-01
5.742869853973388672e+00 9.469223022460937500e-01 2.246177494525909424e-01
5.695420742034912109e+00 9.505891203880310059e-01 1.564068645238876343e-01
5.644429206848144531e+00 9.545012712478637695e-01 7.856952399015426636e-02
5.612524509429931641e+00 9.569283723831176758e-01 2.649642154574394226e-02
5.590903759002685547e+00 9.585636258125305176e-01 -1.037312299013137817e-02
5.550564289093017578e+00 9.627704620361328125e-01 4.303399473428726196e-02
5.473549365997314453e+00 9.707154035568237305e-01 1.401939690113067627e-01
5.437284946441650391e+00 9.743847250938415527e-01 1.819729954004287720e-01
5.404984474182128906e+00 9.776256084442138672e-01 2.176781743764877319e-01
5.327397823333740234e+00 9.853544235229492188e-01 3.003739118576049805e-01
5.284274578094482422e+00 9.895794987678527832e-01 3.424761593341827393e-01
5.221400260925292969e+00 9.956862926483154297e-01 4.009854793548583984e-01
5.173640251159667969e+00 1.000268816947937012e+00 4.424148797988891602e-01
5.130066394805908203e+00 1.004412651062011719e+00 4.782482087612152100e-01
5.073610782623291016e+00 1.009739398956298828e+00 5.224558115005493164e-01
5.019966602325439453e+00 1.014750957489013672e+00 5.618460774421691895e-01
4.984917163848876953e+00 1.017995715141296387e+00 5.860346555709838867e-01
4.888756275177001953e+00 1.026846647262573242e+00 6.497294902801513672e-01
4.828616142272949219e+00 1.032297134399414062e+00 6.851617097854614258e-01
4.802201747894287109e+00 1.034668922424316406e+00 6.995848417282104492e-01
4.719575405120849609e+00 1.042058110237121582e+00 7.431847453117370605e-01
4.651803016662597656e+00 1.048044443130493164e+00 7.751498818397521973e-01
4.638679504394531250e+00 1.049192190170288086e+00 7.807615995407104492e-01
4.564092636108398438e+00 1.055703043937683105e+00 8.120355606079101562e-01
4.491550445556640625e+00 1.061968088150024414e+00 8.390718698501586914e-01
4.438942432403564453e+00 1.066465258598327637e+00 8.563678264617919922e-01
4.349420547485351562e+00 1.074061751365661621e+00 8.830185532569885254e-01
4.325864315032958984e+00 1.076035976409912109e+00 8.888116478919982910e-01
4.253839015960693359e+00 1.082052588462829590e+00 9.055632948875427246e-01
4.174501895904541016e+00 1.088614344596862793e+00 9.208090901374816895e-01
4.108600616455078125e+00 1.094005465507507324e+00 9.305878281593322754e-01
4.080660820007324219e+00 1.096270322799682617e+00 9.337315559387207031e-01
4.011596679687500000e+00 1.101847171783447266e+00 9.404605031013488770e-01
3.952926635742187500e+00 1.106539249420166016e+00 9.439990520477294922e-01
3.871189355850219727e+00 1.113022446632385254e+00 9.463667869567871094e-01
3.806197404861450195e+00 1.118117928504943848e+00 9.454214572906494141e-01
3.732525110244750977e+00 1.123839974403381348e+00 9.418041110038757324e-01
3.662356138229370117e+00 1.129231452941894531e+00 9.356059432029724121e-01
3.636305332183837891e+00 1.131212234497070312e+00 9.323270916938781738e-01
3.553411006927490234e+00 1.137490153312683105e+00 9.207319617271423340e-01
3.492876291275024414e+00 1.142016530036926270e+00 9.095509648323059082e-01
3.409308433532714844e+00 1.148205518722534180e+00 8.913469910621643066e-01
3.365113496780395508e+00 1.151434302330017090e+00 8.796712756156921387e-01
3.317650079727172852e+00 1.154876112937927246e+00 8.659483194351196289e-01
3.221200227737426758e+00 1.161813497543334961e+00 8.354458212852478027e-01
3.159452915191650391e+00 1.166179299354553223e+00 8.124493360519409180e-01
3.137614727020263672e+00 1.167705655097961426e+00 8.035064935684204102e-01
3.041318416595458984e+00 1.174407958984375000e+00 7.627841234207153320e-01
2.981808185577392578e+00 1.178471565246582031e+00 7.340396046638488770e-01
2.933984518051147461e+00 1.181696534156799316e+00 7.090887427330017090e-01
2.880320072174072266e+00 1.185277581214904785e+00 6.793702840805053711e-01
2.835098028182983398e+00 1.188258409500122070e+00 6.526527404785156250e-01
2.775849342346191406e+00 1.192121744155883789e+00 6.157398223876953125e-01
2.716001272201538086e+00 1.195966720581054688e+00 5.758428573608398438e-01
2.667547941207885742e+00 1.199030518531799316e+00 5.413140654563903809e-01
2.583273410797119141e+00 1.204287052154541016e+00 4.779802858829498291e-01
2.557430744171142578e+00 1.205858588218688965e+00 4.567216038703918457e-01
2.501002311706542969e+00 1.209261417388916016e+00 4.089967012405395508e-01
2.444636106491088867e+00 1.212596058845520020e+00 3.583761453628540039e-01
2.370142698287963867e+00 1.216913104057312012e+00 2.873499393463134766e-01
2.342389345169067383e+00 1.218474149703979492e+00 2.587103545665740967e-01
2.289412260055541992e+00 1.221418023109436035e+00 2.023764252662658691e-01
2.209986686706542969e+00 1.225723743438720703e+00 1.129227280616760254e-01
2.187134504318237305e+00 1.226912140846252441e+00 8.483728766441345215e-02
2.124534130096435547e+00 1.230123877525329590e+00 5.871146917343139648e-03
2.070235967636108398e+00 1.232799768447875977e+00 -6.773862987756729126e-02
2.054406404495239258e+00 1.233973264694213867e+00 -5.062782764434814453e-02
1.980136275291442871e+00 1.239453434944152832e+00 2.827372401952743530e-02
1.919963598251342773e+00 1.243799328804016113e+00 8.718429505825042725e-02
1.851115703582763672e+00 1.248690724372863770e+00 1.503444314002990723e-01
1.781778335571289062e+00 1.253528833389282227e+00 2.094105929136276245e-01
1.765747308731079102e+00 1.254628062248229980e+00 2.220847308635711670e-01
1.687935709953308105e+00 1.259942889213562012e+00 2.825578153133392334e-01
1.622927784919738770e+00 1.264300823211669922e+00 3.289743065834045410e-01
1.532260894775390625e+00 1.270287275314331055e+00 3.892272114753723145e-01
1.478165268898010254e+00 1.273786187171936035e+00 4.216528534889221191e-01
1.403559327125549316e+00 1.278553962707519531e+00 4.636358618736267090e-01
1.379520535469055176e+00 1.280065178871154785e+00 4.759937524795532227e-01
1.318771362304687500e+00 1.283864498138427734e+00 5.063052177429199219e-01
1.200559616088867188e+00 1.291161179542541504e+00 5.608590841293334961e-01
1.166980266571044922e+00 1.293182134628295898e+00 5.740054249763488770e-01
1.080258846282958984e+00 1.298364281654357910e+00 6.063067317008972168e-01
1.038446545600891113e+00 1.300817251205444336e+00 6.198675632476806641e-01
9.463644027709960938e-01 1.306171536445617676e+00 6.476534605026245117e-01
8.539655208587646484e-01 1.311439752578735352e+00 6.710285544395446777e-01
7.964223623275756836e-01 1.314656138420104980e+00 6.828461289405822754e-01
7.392957806587219238e-01 1.317809700965881348e+00 6.929184198379516602e-01
6.407670378684997559e-01 1.323181033134460449e+00 7.074823975563049316e-01
6.144704818725585938e-01 1.324583649635314941e+00 7.100926637649536133e-01
5.226665735244750977e-01 1.329451084136962891e+00 7.180283665657043457e-01
4.443189501762390137e-01 1.333518862724304199e+00 7.213121056556701660e-01
4.041952788829803467e-01 1.335564136505126953e+00 7.214791178703308105e-01
3.314117193222045898e-01 1.339238643646240234e+00 7.203781008720397949e-01
2.240707576274871826e-01 1.344562530517578125e+00 7.150002121925354004e-01
1.495375037193298340e-01 1.348160505294799805e+00 7.074146866798400879e-01
5.827857553958892822e-02 1.352480411529541016e+00 6.948308348655700684e-01
2.480183169245719910e-02 1.354026079177856445e+00 6.887210011482238770e-01
-4.917160794138908386e-02 1.357409119606018066e+00 6.739954352378845215e-01
-1.353097558021545410e-01 1.361264467239379883e+00 6.536710262298583984e-01
-2.151156663894653320e-01 1.364743590354919434e+00 6.313555240631103516e-01
-2.734937667846679688e-01 1.367223858833312988e+00 6.126177906990051270e-01
-3.495921790599822998e-01 1.370393514633178711e+00 5.858386158943176270e-01
-3.965582251548767090e-01 1.372297286987304688e+00 5.673757791519165039e-01
-4.945310056209564209e-01 1.376199007034301758e+00 5.263046622276306152e-01
-5.462088584899902344e-01 1.378178238868713379e+00 5.017523765563964844e-01
-6.239694952964782715e-01 1.381090879440307617e+00 4.624231159687042236e-01
-6.957494020462036133e-01 1.383685350418090820e+00 4.227012395858764648e-01
-7.276405692100524902e-01 1.384797573089599609e+00 4.035893976688385010e-01
-8.238247036933898926e-01 1.388095736503601074e+00 3.439114987850189209e-01
-9.076648950576782227e-01 1.390816926956176758e+00 2.863499224185943604e-01
-9.284581542015075684e-01 1.391456127166748047e+00 2.707917690277099609e-01
-9.921355843544006348e-01 1.393384933471679688e+00 2.221201062202453613e-01
-1.058793187141418457e+00 1.395309448242187500e+00 1.677812635898590088e-01
-1.114975690841674805e+00 1.396842837333679199e+00 1.188066974282264709e-01
-1.210846185684204102e+00 1.399323344230651855e+00 3.036894649267196655e-02
-1.270000219345092773e+00 1.400699257850646973e+00 -2.972479909658432007e-02
-1.314436674118041992e+00 1.402311563491821289e+00 1.002717390656471252e-02
-1.398446798324584961e+00 1.405310750007629395e+00 8.170285820960998535e-02
-1.440629720687866211e+00 1.406772255897521973e+00 1.145965978503227234e-01
-1.521743893623352051e+00 1.409541249275207520e+00 1.750757545232772827e-01
-1.595218181610107422e+00 1.411979675292968750e+00 2.252738326787948608e-01
-1.654701948165893555e+00 1.413904547691345215e+00 2.627785205841064453e-01
-1.745327711105346680e+00 1.416777849197387695e+00 3.162607550621032715e-01
-1.836196422576904297e+00 1.419570803642272949e+00 3.645756244659423828e-01
-1.919369339942932129e+00 1.422048568725585938e+00 4.042106866836547852e-01
-1.957599639892578125e+00 1.423155069351196289e+00 4.205971062183380127e-01
-2.075028896331787109e+00 1.426508307456970215e+00 4.684367179870605469e-01
-2.135957479476928711e+00 1.428177237510681152e+00 4.894044697284698486e-01
-2.214777469635009766e+00 1.430289030075073242e+00 5.140516161918640137e-01
-2.265138387680053711e+00 1.431599617004394531e+00 5.278023481369018555e-01
-2.385305881500244141e+00 1.434667825698852539e+00 5.576388835906982422e-01
-2.441437482833862305e+00 1.436035990715026855e+00 5.683322548866271973e-01
-2.532451391220092773e+00 1.438204765319824219e+00 5.832749009132385254e-01
-2.597073793411254883e+00 1.439687728881835938e+00 5.911647081375122070e-01
-2.686953306198120117e+00 1.441693782806396484e+00 5.994891524314880371e-01
-2.797593116760253906e+00 1.444065928459167480e+00 6.052446961402893066e-01
-2.881620883941650391e+00 1.445775866508483887e+00 6.054545044898986816e-01
-2.955850601196289062e+00 1.447223901748657227e+00 6.028603315353393555e-01
-3.052287340164184570e+00 1.449032425880432129e+00 5.962999463081359863e-01
-3.153060913085937500e+00 1.450822114944458008e+00 5.851016044616699219e-01
-3.181229352951049805e+00 1.451292514801025391e+00 5.806933045387268066e-01
-3.277348995208740234e+00 1.452868342399597168e+00 5.644193291664123535e-01
-3.367614746093750000e+00 1.454253673553466797e+00 5.451632142066955566e-01
-3.470197200775146484e+00 1.455724000930786133e+00 5.189643502235412598e-01
-3.559296131134033203e+00 1.456895232200622559e+00 4.918559789657592773e-01
-3.634541749954223633e+00 1.457803606986999512e+00 4.656792283058166504e-01
-3.725933790206909180e+00 1.458821058273315430e+00 4.304207563400268555e-01
-3.790716648101806641e+00 1.459465622901916504e+00 4.023529589176177979e-01
-3.893736124038696289e+00 1.460400462150573730e+00 3.541258573532104492e-01
-3.927124023437500000e+00 1.460655093193054199e+00 3.365750312805175781e-01
-4.040393352508544922e+00 1.461462855339050293e+00 2.748271822929382324e-01
-4.082100391387939453e+00 1.461687922477722168e+00 2.492406070232391357e-01
-4.170162677764892578e+00 1.462103128433227539e+00 1.928664445877075195e-01
-4.235068798065185547e+00 1.462311983108520508e+00 1.475125104188919067e-01
-4.340456485748291016e+00 1.462527155876159668e+00 6.902865320444107056e-02
-4.390316486358642578e+00 1.462527036666870117e+00 2.792431414127349854e-02
-4.463869094848632812e+00 1.462548136711120605e+00 8.489619195461273193e-02
-4.592281818389892578e+00 1.462543606758117676e+00 1.769880056381225586e-01
-4.625306606292724609e+00 1.462523698806762695e+00 1.976429820060729980e-01
-4.750863075256347656e+00 1.462428092956542969e+00 2.734514772891998291e-01
-4.867558479309082031e+00 1.462270736694335938e+00 3.347576856613159180e-01
-4.950146675109863281e+00 1.462112665176391602e+00 3.726187348365783691e-01
-5.030174255371093750e+00 1.461926460266113281e+00 4.057471156120300293e-01
-5.087292194366455078e+00 1.461770415306091309e+00 4.270335137844085693e-01
-5.235794544219970703e+00 1.461320757865905762e+00 4.781467318534851074e-01
-5.298068046569824219e+00 1.461084604263305664e+00 4.951375126838684082e-01
-5.382400035858154297e+00 1.460736632347106934e+00 5.157304406166076660e-01
-5.548328399658203125e+00 1.459976434707641602e+00 5.499458312988281250e-01
-5.577071666717529297e+00 1.459818720817565918e+00 5.537878870964050293e-01
-5.728916645050048828e+00 1.458960890769958496e+00 5.722216367721557617e-01
-5.801360607147216797e+00 1.458489060401916504e+00 5.763773918151855469e-01
-5.943866729736328125e+00 1.457499742507934570e+00 5.802577137947082520e-01
-6.022631645202636719e+00 1.456885457038879395e+00 5.777651071548461914e-01
-6.153964042663574219e+00 1.455796599388122559e+00 5.693408250808715820e-01
-6.229345321655273438e+00 1.455108404159545898e+00 5.604109168052673340e-01
-6.313230037689208984e+00 1.454300642013549805e+00 5.478336811065673828e-01
-6.468101024627685547e+00 1.452720880508422852e+00 5.191377997398376465e-01
-6.528911113739013672e+00 1.452034473419189453e+00 5.038365125656127930e-01
-6.662573337554931641e+00 1.450465559959411621e+00 4.666250348091125488e-01
-6.762331008911132812e+00 1.449193000793457031e+00 4.328547716140747070e-01
-6.839922904968261719e+00 1.448140740394592285e+00 4.029680788516998291e-01
-6.933809757232666016e+00 1.446805953979492188e+00 3.632766306400299072e-01
-7.015294075012207031e+00 1.445580244064331055e+00 3.249912559986114502e-01
-7.132180690765380859e+00 1.443733930587768555e+00 2.650856971740722656e-01
-7.227845668792724609e+00 1.442113757133483887e+00 2.099066823720932007e-01
-7.295919418334960938e+00 1.440892577171325684e+00 1.668144762516021729e-01
-7.428674697875976562e+00 1.438410043716430664e+00 7.714080810546875000e-02
-7.484214305877685547e+00 1.437283396720886230e+00 3.470876440405845642e-02
-7.600474357604980469e+00 1.434840440750122070e+00 -5.883064493536949158e-02
-7.725983619689941406e+00 1.431283593177795410e+00 2.848788723349571228e-02
-7.836626529693603516e+00 1.428178906440734863e+00 9.631779789924621582e-02
-7.937779903411865234e+00 1.425356745719909668e+00 1.516594141721725464e-01
-8.052931785583496094e+00 1.422154784202575684e+00 2.082299739122390747e-01
-8.166495323181152344e+00 1.419003963470458984e+00 2.572637498378753662e-01
-8.277048110961914062e+00 1.415938496589660645e+00 2.989041209220886230e-01
-8.349658966064453125e+00 1.413923859596252441e+00 3.225582540035247803e-01
-8.466270446777343750e+00 1.410684823989868164e+00 3.567996621131896973e-01
-8.639213562011718750e+00 1.405869841575622559e+00 3.989337980747222900e-01
-8.778210639953613281e+00 1.401981472969055176e+00 4.229076206684112549e-01
-8.879262924194335938e+00 1.399139881134033203e+00 4.347708225250244141e-01
-9.067099571228027344e+00 1.393834233283996582e+00 4.494549632072448730e-01
-9.125381469726562500e+00 1.392173051834106445e+00 4.498290121555328369e-01
-9.257333755493164062e+00 1.388399958610534668e+00 4.477593004703521729e-01
-9.454430580139160156e+00 1.382721185684204102e+00 4.348224699497222900e-01
-9.548613548278808594e+00 1.379974603652954102e+00 4.215855002403259277e-01
-9.630532264709472656e+00 1.377570390701293945e+00 4.070917665958404541e-01
-9.778458595275878906e+00 1.373203873634338379e+00 3.761744499206542969e-01
-9.947256088256835938e+00 1.368167638778686523e+00 3.309352397918701172e-01
-1.005117988586425781e+01 1.365026593208312988e+00 2.958247065544128418e-01
-1.019531822204589844e+01 1.360633134841918945e+00 2.406394928693771362e-01
-1.035099506378173828e+01 1.355829715728759766e+00 1.708891987800598145e-01
-1.044438552856445312e+01 1.352907896041870117e+00 1.220316663384437561e-01
-1.056197261810302734e+01 1.349196672439575195e+00 5.482841283082962036e-02
-1.065270900726318359e+01 1.346299767494201660e+00 -2.900578081607818604e-03
-1.079553890228271484e+01 1.340720891952514648e+00 8.272061496973037720e-02
-1.098255538940429688e+01 1.333645582199096680e+00 1.792350709438323975e-01
-1.111369323730468750e+01 1.328862309455871582e+00 2.341263443231582642e-01
-1.130217075347900391e+01 1.322139859199523926e+00 3.013282120227813721e-01
-1.149302482604980469e+01 1.315531134605407715e+00 3.535349965095520020e-01
-1.160347366333007812e+01 1.311809778213500977e+00 3.750961720943450928e-01
-1.178985023498535156e+01 1.305622696876525879e+00 4.033979177474975586e-01
-1.206091880798339844e+01 1.296841859817504883e+00 4.253016710281372070e-01
-1.220893764495849609e+01 1.292211532592773438e+00 4.224322438240051270e-01
-1.240577125549316406e+01 1.286170959472656250e+00 4.079430401325225830e-01
-1.254956054687500000e+01 1.281873106956481934e+00 3.869416713714599609e-01
-1.275857162475585938e+01 1.275752544403076172e+00 3.451450169086456299e-01
-1.290050601959228516e+01 1.271727561950683594e+00 3.053374588489532471e-01
-1.303423690795898438e+01 1.268026590347290039e+00 2.601801156997680664e-01
-1.325135803222656250e+01 1.262168884277343750e+00 1.746359169483184814e-01
-1.344692611694335938e+01 1.257135987281799316e+00 7.858091592788696289e-02
-1.356235694885253906e+01 1.254316926002502441e+00 1.071427762508392334e-02
-1.378103542327880859e+01 1.249175190925598145e+00 -1.316813379526138306e-01
-1.391205215454101562e+01 1.244615912437438965e+00 -6.680595874786376953e-02
-1.417902946472167969e+01 1.235882282257080078e+00 4.781083017587661743e-02
-1.454314613342285156e+01 1.225353956222534180e+00 1.600573062896728516e-01
-1.471083545684814453e+01 1.221257925033569336e+00 1.874369978904724121e-01
-1.507879924774169922e+01 1.212971568107604980e+00 2.247716188430786133e-01
-1.538227272033691406e+01 1.207370996475219727e+00 2.159706205129623413e-01
-1.555679130554199219e+01 1.204742193222045898e+00 1.923751384019851685e-01
-1.591007709503173828e+01 1.200149059295654297e+00 1.225633546710014343e-01
-1.629024887084960938e+01 1.196895122528076172e+00 -2.360366284847259521e-03
-1.648569297790527344e+01 1.196310281753540039e+00 -9.704581648111343384e-02
-1.675795364379882812e+01 1.196240782737731934e+00 6.549738347530364990e-03
-1.734049987792968750e+01 1.199675440788269043e+00 1.556234359741210938e-01
-1.818797683715820312e+01 1.214308261871337891e+00 1.793759167194366455e-01
-1.861555290222167969e+01 1.228354692459106445e+00 6.286142021417617798e-02
-1.900128555297851562e+01 1.244766354560852051e+00 -1.075180098414421082e-01
-2.145172882080078125e+01 1.420868277549743652e+00 7.274269312620162964e-02
-2.444392395019531250e+01 1.796618223190307617e+00 -2.074834585189819336e+00
-3.043842773437500000e+02 7.614043426513671875e+01 -1.965149536132812500e+02
-1.382277017600000000e+10 5.841869312000000000e+09 -1.095340134400000000e+10
-5.233922694349544489e+20 4.177412702453073183e+20 6.307800044152784159e+20
-8.645821272704040305e+20 6.900591974604959908e+20 1.041973990780435431e+21
-1.346468765142674833e+21 1.074673149931144872e+21 1.622732514134509748e+21
-1.791774281722931184e+21 1.430090195648806650e+21 2.159404245205091615e+21
-2.204016058688893616e+21 1.759117554924960874e+21 2.656228408247676043e+21
-2.798460247254360916e+21 2.233568397968722100e+21 3.372638518971637694e+21
-3.265573882080205472e+21 2.606391293296217424e+21 3.935592694517600354e+21
-3.802332307443614220e+21 3.034800711449463226e+21 4.582481300743797080e+21
-4.063324913048989204e+21 3.243109927138881438e+21 4.897023394768467526e+21
-4.645106386837174223e+21 3.707454129668869849e+21 5.598172495205130830e+21
-4.997552182700678316e+21 3.988755717793872085e+21 6.022931745860392845e+21
-5.667268972488062665e+21 4.523284861341732438e+21 6.830058989778385240e+21
-5.915599144791132078e+21 4.721487436517377835e+21 7.129340636465710760e+21
-6.549438571097022792e+21 5.227381004784556311e+21 7.893228820361319023e+21
-7.028511233258372989e+21 5.609748998047286690e+21 8.470595922089750823e+21
-7.316236080351912395e+21 5.839394298446349337e+21 8.817355641948722954e+21
-7.724257140042098541e+21 6.165052965201230430e+21 9.309092989212192408e+21
-8.135795511041261044e+21 6.493519063373823607e+21 9.805069349624924340e+21
-8.755565129161292906e+21 6.988183187445130461e+21 1.055200148092348269e+22
