2.337111282348632812e+01 -2.279264777898788452e-01 2.194302529096603394e-01
2.322252273559570312e+01 -2.242452055215835571e-01 3.119678497314453125e-01
2.299902343750000000e+01 -2.188197374343872070e-01 4.500531554222106934e-01
2.292993927001953125e+01 -2.171932756900787354e-01 4.922005832195281982e-01
2.274110984802246094e+01 -2.127875089645385742e-01 6.069342494010925293e-01
2.262369346618652344e+01 -2.101153582334518433e-01 6.774568557739257812e-01
2.242464256286621094e+01 -2.056524455547332764e-01 7.961157560348510742e-01
2.236023712158203125e+01 -2.042442858219146729e-01 8.340008854866027832e-01
2.221639633178710938e+01 -2.011234611272811890e-01 9.182327985763549805e-01
2.198701858520507812e+01 -1.962315589189529419e-01 1.051173210144042969e+00
2.188955307006835938e+01 -1.942081004381179810e-01 1.106687188148498535e+00
2.176186752319335938e+01 -1.915851384401321411e-01 1.178851366043090820e+00
2.159621429443359375e+01 -1.882279962301254272e-01 1.271493315696716309e+00
2.145164489746093750e+01 -1.853474229574203491e-01 1.351200103759765625e+00
2.137192344665527344e+01 -1.837809234857559204e-01 1.394583940505981445e+00
2.124187469482421875e+01 -1.812437921762466431e-01 1.464830636978149414e+00
2.103114891052246094e+01 -1.771792918443679810e-01 1.577238082885742188e+00
2.094098281860351562e+01 -1.754703521728515625e-01 1.624318361282348633e+00
2.083438301086425781e+01 -1.734631359577178955e-01 1.679447650909423828e+00
2.066749763488769531e+01 -1.703437417745590210e-01 1.764749646186828613e+00
2.057117843627929688e+01 -1.685625314712524414e-01 1.813050150871276855e+00
2.047623634338378906e+01 -1.668161451816558838e-01 1.860114574432373047e+00
2.035804176330566406e+01 -1.646524518728256226e-01 1.918023586273193359e+00
2.021928977966308594e+01 -1.621261388063430786e-01 1.984985947608947754e+00
2.005636405944824219e+01 -1.591759175062179565e-01 2.062174558639526367e+00
2.001393890380859375e+01 -1.584116816520690918e-01 2.081820726394653320e+00
1.988251495361328125e+01 -1.560464948415756226e-01 2.142306327819824219e+00
1.970483398437500000e+01 -1.528573185205459595e-01 2.222489595413208008e+00
1.966109657287597656e+01 -1.520740389823913574e-01 2.241681814193725586e+00
1.950196266174316406e+01 -1.492243856191635132e-01 2.311011075973510742e+00
1.942739295959472656e+01 -1.478889137506484985e-01 2.342630863189697266e+00
1.928156852722167969e+01 -1.452753692865371704e-01 2.403650283813476562e+00
1.919139862060546875e+01 -1.436558216810226440e-01 2.440376758575439453e+00
1.910704803466796875e+01 -1.421376019716262817e-01 2.474138021469116211e+00
1.895762062072753906e+01 -1.394414752721786499e-01 2.532944679260253906e+00
1.884251213073730469e+01 -1.373539417982101440e-01 2.576848030090332031e+00
1.873719215393066406e+01 -1.354344338178634644e-01 2.616008043289184570e+00
1.863614845275878906e+01 -1.335831433534622192e-01 2.652673482894897461e+00
1.854369354248046875e+01 -1.318795680999755859e-01 2.685412645339965820e+00
1.843911743164062500e+01 -1.299415677785873413e-01 2.721590757369995117e+00
1.832754135131835938e+01 -1.278592199087142944e-01 2.759142160415649414e+00
1.822207641601562500e+01 -1.258747428655624390e-01 2.793558359146118164e+00
1.812469863891601562e+01 -1.240269839763641357e-01 2.824375391006469727e+00
1.803067588806152344e+01 -1.222280189394950867e-01 2.853258371353149414e+00
1.796603202819824219e+01 -1.209805905818939209e-01 2.872527360916137695e+00
1.786354064941406250e+01 -1.189906150102615356e-01 2.902426242828369141e+00
1.776235961914062500e+01 -1.170060932636260986e-01 2.930908203125000000e+00
1.761522293090820312e+01 -1.140897870063781738e-01 2.970812559127807617e+00
1.753203392028808594e+01 -1.124143898487091064e-01 2.992101669311523438e+00
1.745300865173339844e+01 -1.108075305819511414e-01 3.011627197265625000e+00
1.738150024414062500e+01 -1.093398109078407288e-01 3.028686761856079102e+00
1.729860687255859375e+01 -1.076235100626945496e-01 3.047815322875976562e+00
1.714721107482910156e+01 -1.044562980532646179e-01 3.081362009048461914e+00
1.705598068237304688e+01 -1.025104448199272156e-01 3.100016355514526367e+00
1.702178001403808594e+01 -1.017720550298690796e-01 3.106649160385131836e+00
1.688107109069824219e+01 -9.872008860111236572e-02 3.133375167846679688e+00
1.681649780273437500e+01 -9.729226678609848022e-02 3.144562482833862305e+00
1.673596191406250000e+01 -9.549530595541000366e-02 3.157886505126953125e+00
1.661776161193847656e+01 -9.282768517732620239e-02 3.176276445388793945e+00
1.653863906860351562e+01 -9.101153910160064697e-02 3.187421321868896484e+00
1.643969917297363281e+01 -8.871435374021530151e-02 3.200364589691162109e+00
1.640188598632812500e+01 -8.782368898391723633e-02 3.204829216003417969e+00
1.629863929748535156e+01 -8.537840098142623901e-02 3.216509819030761719e+00
1.621291923522949219e+01 -8.331746608018875122e-02 3.225038290023803711e+00
1.612713813781738281e+01 -8.122929930686950684e-02 3.232584714889526367e+00
1.603089332580566406e+01 -7.885732501745223999e-02 3.239924907684326172e+00
1.596178150177001953e+01 -7.713059335947036743e-02 3.244273185729980469e+00
1.586768722534179688e+01 -7.475692033767700195e-02 3.249277353286743164e+00
1.578990554809570312e+01 -7.276924699544906616e-02 3.252368450164794922e+00
1.568358707427978516e+01 -7.002400606870651245e-02 3.255393505096435547e+00
1.561053848266601562e+01 -6.811166554689407349e-02 3.256326675415039062e+00
1.552620220184326172e+01 -6.588381528854370117e-02 3.256480455398559570e+00
1.547415256500244141e+01 -6.449502706527709961e-02 3.255908012390136719e+00
1.538658523559570312e+01 -6.214479729533195496e-02 3.254243612289428711e+00
1.532627391815185547e+01 -6.051060184836387634e-02 3.252274751663208008e+00
1.524154758453369141e+01 -5.820070952177047729e-02 3.248702287673950195e+00
1.515296745300292969e+01 -5.576590448617935181e-02 3.243767976760864258e+00
1.508724212646484375e+01 -5.394500121474266052e-02 3.239162206649780273e+00
1.497611236572265625e+01 -5.084974691271781921e-02 3.230173349380493164e+00
1.487476539611816406e+01 -4.800337925553321838e-02 3.220095872879028320e+00
1.485303497314453125e+01 -4.738909378647804260e-02 3.217560768127441406e+00
1.473285961151123047e+01 -4.398787021636962891e-02 3.203091621398925781e+00
1.469966316223144531e+01 -4.304238036274909973e-02 3.198401212692260742e+00
1.459117889404296875e+01 -3.994835913181304932e-02 3.182438373565673828e+00
1.451817226409912109e+01 -3.785754740238189697e-02 3.170284032821655273e+00
1.442856121063232422e+01 -3.528591245412826538e-02 3.154181003570556641e+00
1.440122699737548828e+01 -3.449993580579757690e-02 3.148819446563720703e+00
1.431594371795654297e+01 -3.204675391316413879e-02 3.131659507751464844e+00
1.425601196289062500e+01 -3.032107837498188019e-02 3.118644475936889648e+00
1.416501712799072266e+01 -2.770018763840198517e-02 3.097850561141967773e+00
1.406397342681884766e+01 -2.478982321918010712e-02 3.072996854782104492e+00
1.399986267089843750e+01 -2.294450439512729645e-02 3.055964708328247070e+00
1.393220806121826172e+01 -2.099895849823951721e-02 3.037133693695068359e+00
1.387224864959716797e+01 -1.927687600255012512e-02 3.019633531570434570e+00
1.378223419189453125e+01 -1.669520139694213867e-02 2.992270708084106445e+00
1.373661899566650391e+01 -1.539013534784317017e-02 2.977563858032226562e+00
1.368378543853759766e+01 -1.388084702193737030e-02 2.960031032562255859e+00
1.357660293579101562e+01 -1.082474179565906525e-02 2.923279285430908203e+00
1.353856754302978516e+01 -9.744789451360702515e-03 2.909373998641967773e+00
1.348258686065673828e+01 -8.158046752214431763e-03 2.888451337814331055e+00
1.341075897216796875e+01 -6.127513479441404343e-03 2.860736131668090820e+00
1.331710052490234375e+01 -3.489479655399918556e-03 2.823126554489135742e+00
1.325029182434082031e+01 -1.617336180061101913e-03 2.794909954071044922e+00
1.320210456848144531e+01 -2.723697107285261154e-04 2.773833274841308594e+00
1.311108684539794922e+01 2.260363195091485977e-03 2.733025312423706055e+00
1.304291057586669922e+01 4.146195948123931885e-03 2.701028823852539062e+00
1.296989345550537109e+01 6.156333256512880325e-03 2.665596723556518555e+00
1.292243003845214844e+01 7.456014864146709442e-03 2.641743898391723633e+00
1.284776496887207031e+01 9.493136778473854065e-03 2.603372573852539062e+00
1.278493595123291016e+01 1.119726244360208511e-02 2.569947481155395508e+00
1.274643230438232422e+01 1.223621331155300140e-02 2.548870086669921875e+00
1.268014144897460938e+01 1.401912048459053040e-02 2.511949300765991211e+00
1.260850620269775391e+01 1.593471691012382507e-02 2.470863580703735352e+00
1.256883335113525391e+01 1.698881201446056366e-02 2.447388887405395508e+00
1.249245071411132812e+01 1.901083067059516907e-02 2.401416301727294922e+00
1.242172527313232422e+01 2.086959406733512878e-02 2.357448339462280273e+00
1.237808513641357422e+01 2.200861275196075439e-02 2.329506874084472656e+00
1.231589126586914062e+01 2.362481132149696350e-02 2.288963556289672852e+00
1.223851299285888672e+01 2.562283538281917572e-02 2.237227678298950195e+00
1.216513633728027344e+01 2.750218473374843597e-02 2.186619043350219727e+00
1.210015296936035156e+01 2.915339730679988861e-02 2.140479087829589844e+00
1.205427742004394531e+01 3.031071089208126068e-02 2.107068777084350586e+00
1.199833202362060547e+01 3.171475231647491455e-02 2.065595626831054688e+00
1.194351863861083984e+01 3.308155760169029236e-02 2.024080991744995117e+00
1.189383697509765625e+01 3.431249409914016724e-02 1.985660910606384277e+00
1.183767223358154297e+01 3.569584712386131287e-02 1.941407322883605957e+00
1.174973773956298828e+01 3.784701228141784668e-02 1.870653867721557617e+00
1.170727729797363281e+01 3.887449949979782104e-02 1.835361838340759277e+00
1.163527011871337891e+01 4.060767218470573425e-02 1.774575352668762207e+00
1.158238029479980469e+01 4.186901450157165527e-02 1.728745579719543457e+00
1.154901409149169922e+01 4.265930131077766418e-02 1.699277639389038086e+00
1.147859859466552734e+01 4.431979358196258545e-02 1.636342763900756836e+00
1.142578029632568359e+01 4.555366933345794678e-02 1.587939739227294922e+00
1.137125587463378906e+01 4.681832343339920044e-02 1.537034153938293457e+00
1.131095886230468750e+01 4.820645973086357117e-02 1.479652881622314453e+00
1.123702716827392578e+01 4.989427328109741211e-02 1.407804489135742188e+00
1.119019889831542969e+01 5.095224454998970032e-02 1.361117839813232422e+00
1.113231563568115234e+01 5.225126817822456360e-02 1.302474260330200195e+00
1.111619472503662109e+01 5.261006206274032593e-02 1.285814881324768066e+00
1.105801105499267578e+01 5.390198156237602234e-02 1.225358009338378906e+00
1.100725650787353516e+01 5.501939356327056885e-02 1.171569347381591797e+00
1.094703388214111328e+01 5.633537843823432922e-02 1.106643080711364746e+00
1.088717937469482422e+01 5.763164907693862915e-02 1.040794134140014648e+00
1.082698249816894531e+01 5.892367288470268250e-02 9.732286930084228516e-01
1.078119850158691406e+01 5.989743769168853760e-02 9.207993149757385254e-01
1.071346950531005859e+01 6.132793053984642029e-02 8.420528173446655273e-01
1.066116523742675781e+01 6.242119148373603821e-02 7.798637747764587402e-01
1.064198303222656250e+01 6.281892210245132446e-02 7.566595077514648438e-01
1.056399250030517578e+01 6.443120539188385010e-02 6.617217659950256348e-01
1.052892303466796875e+01 6.514742225408554077e-02 6.179258823394775391e-01
1.048044967651367188e+01 6.613200157880783081e-02 5.566928982734680176e-01
1.041814041137695312e+01 6.738805025815963745e-02 4.767280220985412598e-01
1.039631080627441406e+01 6.782381981611251831e-02 4.481386840343475342e-01
1.031695461273193359e+01 6.940254569053649902e-02 3.434708118438720703e-01
1.027691078186035156e+01 7.018926739692687988e-02 2.892775535583496094e-01
1.022122669219970703e+01 7.127643376588821411e-02 2.129338383674621582e-01
1.016923618316650391e+01 7.228266447782516479e-02 1.403591930866241455e-01
1.013999652862548828e+01 7.284398376941680908e-02 9.885262697935104370e-02
1.010902690887451172e+01 7.343582808971405029e-02 5.447368696331977844e-02
1.005958843231201172e+01 7.437610626220703125e-02 -1.708188280463218689e-02
1.001718521118164062e+01 7.751235365867614746e-02 5.304650589823722839e-02
9.985355377197265625e+00 7.980281114578247070e-02 1.027387529611587524e-01
9.923711776733398438e+00 8.415426313877105713e-02 1.950344443321228027e-01
9.899869918823242188e+00 8.577920496463775635e-02 2.280015349388122559e-01
9.836521148681640625e+00 9.004308283329010010e-02 3.130418658256530762e-01
9.803471565246582031e+00 9.219780564308166504e-02 3.540682792663574219e-01
9.778702735900878906e+00 9.378796815872192383e-02 3.836185336112976074e-01
9.724994659423828125e+00 9.719789773225784302e-02 4.458339810371398926e-01
9.681138038635253906e+00 9.991817921400070190e-02 4.934900701045989990e-01
9.635379791259765625e+00 1.027058064937591553e-01 5.407047867774963379e-01
9.588240623474121094e+00 1.055264621973037720e-01 5.867908000946044922e-01
9.560642242431640625e+00 1.071487814188003540e-01 6.123123168945312500e-01
9.489789962768554688e+00 1.112721487879753113e-01 6.757366657257080078e-01
9.449880599975585938e+00 1.135370805859565735e-01 7.085493803024291992e-01
9.390330314636230469e+00 1.168712973594665527e-01 7.552064061164855957e-01
9.340732574462890625e+00 1.195942312479019165e-01 7.913145422935485840e-01
9.314507484436035156e+00 1.210113689303398132e-01 8.092510700225830078e-01
9.272293090820312500e+00 1.232739463448524475e-01 8.371716141700744629e-01
9.196480751037597656e+00 1.272848695516586304e-01 8.846237063407897949e-01
9.134888648986816406e+00 1.304698288440704346e-01 9.193866252899169922e-01
9.105484962463378906e+00 1.319631487131118774e-01 9.345785975456237793e-01
9.061923027038574219e+00 1.341569125652313232e-01 9.561225771903991699e-01
9.014556884765625000e+00 1.365129053592681885e-01 9.780239462852478027e-01
8.957258224487304688e+00 1.393254101276397705e-01 1.002558588981628418e+00
8.903283119201660156e+00 1.419332027435302734e-01 1.023489356040954590e+00
8.846655845642089844e+00 1.446292549371719360e-01 1.043344974517822266e+00
8.783984184265136719e+00 1.475680321455001831e-01 1.062929153442382812e+00
8.747003555297851562e+00 1.492734253406524658e-01 1.072955250740051270e+00
8.703093528747558594e+00 1.512787342071533203e-01 1.083806395530700684e+00
8.635748863220214844e+00 1.543189734220504761e-01 1.098550200462341309e+00
8.561226844787597656e+00 1.576242893934249878e-01 1.111683011054992676e+00
8.522620201110839844e+00 1.593035161495208740e-01 1.116688609123229980e+00
8.448323249816894531e+00 1.625026464462280273e-01 1.124548316001892090e+00
8.414085388183593750e+00 1.639483273029327393e-01 1.126607418060302734e+00
8.369581222534179688e+00 1.658105999231338501e-01 1.128353238105773926e+00
8.318843841552734375e+00 1.679087579250335693e-01 1.128967642784118652e+00
8.242696762084960938e+00 1.710151880979537964e-01 1.127539277076721191e+00
8.195232391357421875e+00 1.729118824005126953e-01 1.124450922012329102e+00
8.137957572937011719e+00 1.751708239316940308e-01 1.119067311286926270e+00
8.077032089233398438e+00 1.775355339050292969e-01 1.111205935478210449e+00
8.024127960205078125e+00 1.795534938573837280e-01 1.102395772933959961e+00
7.999542236328125000e+00 1.804769188165664673e-01 1.097494125366210938e+00
7.912819862365722656e+00 1.837104856967926025e-01 1.078870415687561035e+00
7.870647907257080078e+00 1.852419823408126831e-01 1.067506194114685059e+00
7.823064804077148438e+00 1.869472116231918335e-01 1.053394556045532227e+00
7.763491153717041016e+00 1.890495866537094116e-01 1.033882856369018555e+00
7.707228183746337891e+00 1.909960806369781494e-01 1.013239145278930664e+00
7.673925399780273438e+00 1.921259909868240356e-01 9.997546076774597168e-01
7.610138416290283203e+00 1.942645013332366943e-01 9.724632501602172852e-01
7.561371803283691406e+00 1.958611607551574707e-01 9.494159221649169922e-01
7.509003162384033203e+00 1.975436359643936157e-01 9.228233098983764648e-01
7.468226909637451172e+00 1.988262385129928589e-01 9.005358219146728516e-01
7.414386272430419922e+00 2.004909068346023560e-01 8.694364428520202637e-01
7.363832473754882812e+00 2.020173221826553345e-01 8.381069302558898926e-01
7.305336475372314453e+00 2.037425786256790161e-01 7.994613647460937500e-01
7.235397815704345703e+00 2.057467550039291382e-01 7.498180270195007324e-01
7.213449478149414062e+00 2.063527852296829224e-01 7.328862547874450684e-01
7.157016754150390625e+00 2.078917622566223145e-01 6.882089376449584961e-01
7.113450050354003906e+00 2.090406417846679688e-01 6.513823270797729492e-01
7.048573017120361328e+00 2.107043415307998657e-01 5.937212705612182617e-01
7.029671669006347656e+00 2.111676037311553955e-01 5.756342411041259766e-01
6.978552818298339844e+00 2.124027758836746216e-01 5.256451964378356934e-01
6.933141708374023438e+00 2.134560197591781616e-01 4.785723388195037842e-01
6.861416339874267578e+00 2.150541245937347412e-01 4.002508819103240967e-01
6.833029270172119141e+00 2.156426906585693359e-01 3.665892183780670166e-01
6.805336952209472656e+00 2.161983996629714966e-01 3.326349854469299316e-01
6.759255409240722656e+00 2.170918881893157959e-01 2.742401957511901855e-01
6.721931934356689453e+00 2.177710682153701782e-01 2.242502272129058838e-01
6.683438301086425781e+00 2.184315025806427002e-01 1.702702045440673828e-01
6.623547077178955078e+00 2.193901538848876953e-01 8.211573213338851929e-02
6.595112323760986328e+00 2.197895944118499756e-01 3.689336776733398438e-02
6.554415702819824219e+00 2.203191667795181274e-01 -3.037656843662261963e-02
6.519613265991210938e+00 2.216093391180038452e-01 1.445862650871276855e-02
6.464759349822998047e+00 2.235848456621170044e-01 8.224517107009887695e-02
6.428335189819335938e+00 2.248394489288330078e-01 1.244333013892173767e-01
6.377947330474853516e+00 2.265256792306900024e-01 1.803917288780212402e-01
6.314980506896972656e+00 2.285515218973159790e-01 2.463960200548171997e-01
6.284613132476806641e+00 2.294823080301284790e-01 2.760276794433593750e-01
6.214560985565185547e+00 2.315804958343505859e-01 3.420918881893157959e-01
6.152539730072021484e+00 2.333420366048812866e-01 3.961211442947387695e-01
6.130387306213378906e+00 2.339425235986709595e-01 4.141077995300292969e-01
6.043690681457519531e+00 2.362539470195770264e-01 4.827575981616973877e-01
6.024729251861572266e+00 2.367274910211563110e-01 4.963345825672149658e-01
5.957989692687988281e+00 2.383706122636795044e-01 5.430797934532165527e-01
5.890583038330078125e+00 2.399479895830154419e-01 5.866802930831909180e-01
5.836336135864257812e+00 2.411530762910842896e-01 6.189782023429870605e-01
5.800379753112792969e+00 2.419185340404510498e-01 6.389619112014770508e-01
5.710619449615478516e+00 2.437753677368164062e-01 6.865642666816711426e-01
5.644173145294189453e+00 2.450523972511291504e-01 7.177082896232604980e-01
5.622494220733642578e+00 2.454461157321929932e-01 7.269245386123657227e-01
5.529776096343994141e+00 2.470983713865280151e-01 7.650564908981323242e-01
5.486133098602294922e+00 2.478134036064147949e-01 7.804683446884155273e-01
5.407831668853759766e+00 2.490440607070922852e-01 8.060454726219177246e-01
5.383975028991699219e+00 2.493907809257507324e-01 8.127266168594360352e-01
5.293418884277343750e+00 2.506743371486663818e-01 8.368275165557861328e-01
5.268021583557128906e+00 2.510000169277191162e-01 8.422631025314331055e-01
5.166434764862060547e+00 2.522642016410827637e-01 8.625473976135253906e-01
5.115014553070068359e+00 2.528266906738281250e-01 8.698956966400146484e-01
5.068164348602294922e+00 2.533033490180969238e-01 8.752664327621459961e-01
5.015093326568603516e+00 2.538062334060668945e-01 8.799931406974792480e-01
4.921880245208740234e+00 2.546155452728271484e-01 8.856101036071777344e-01
4.870185852050781250e+00 2.549920678138732910e-01 8.861249685287475586e-01
4.819974422454833984e+00 2.553183138370513916e-01 8.852296471595764160e-01
4.753547668457031250e+00 2.556987702846527100e-01 8.822528123855590820e-01
4.672168254852294922e+00 2.560811340808868408e-01 8.756978511810302734e-01
4.634222030639648438e+00 2.562108635902404785e-01 8.709739446640014648e-01
4.584403991699218750e+00 2.563508749008178711e-01 8.637446761131286621e-01
4.481630325317382812e+00 2.565566003322601318e-01 8.460337519645690918e-01
4.445640087127685547e+00 2.565675377845764160e-01 8.377909660339355469e-01
4.385909557342529297e+00 2.565490007400512695e-01 8.229053616523742676e-01
4.331551551818847656e+00 2.564758360385894775e-01 8.075190782546997070e-01
4.236496448516845703e+00 2.562560439109802246e-01 7.776402831077575684e-01
4.208825111389160156e+00 2.561439871788024902e-01 7.673981785774230957e-01
4.128077507019042969e+00 2.557744383811950684e-01 7.361640334129333496e-01
4.056443691253662109e+00 2.553342282772064209e-01 7.049097418785095215e-01
4.037120819091796875e+00 2.551873624324798584e-01 6.956016421318054199e-01
3.940419435501098633e+00 2.544129192829132080e-01 6.478017568588256836e-01
3.901556730270385742e+00 2.540205121040344238e-01 6.260898113250732422e-01
3.832115650177001953e+00 2.532575726509094238e-01 5.854148864746093750e-01
3.788014173507690430e+00 2.527004778385162354e-01 5.573848485946655273e-01
3.716645240783691406e+00 2.517205178737640381e-01 5.096693634986877441e-01
3.680502891540527344e+00 2.511571347713470459e-01 4.835005104541778564e-01
3.635513067245483398e+00 2.504110932350158691e-01 4.495998322963714600e-01
3.540422677993774414e+00 2.487121075391769409e-01 3.743428885936737061e-01
3.526741504669189453e+00 2.484282702207565308e-01 3.623580038547515869e-01
3.439526557922363281e+00 2.465799450874328613e-01 2.848203778266906738e-01
3.415002107620239258e+00 2.459876537322998047e-01 2.609018683433532715e-01
3.354820251464843750e+00 2.444799244403839111e-01 2.006326913833618164e-01
3.287733316421508789e+00 2.426438927650451660e-01 1.289503425359725952e-01
3.263089179992675781e+00 2.419002354145050049e-01 1.006205677986145020e-01
3.189846992492675781e+00 2.396083176136016846e-01 1.407285034656524658e-02
3.157182693481445312e+00 2.384707331657409668e-01 -2.783940359950065613e-02
3.108629703521728516e+00 2.378098666667938232e-01 2.572388574481010437e-02
3.040200710296630859e+00 2.367961555719375610e-01 9.723025560379028320e-02
2.997906923294067383e+00 2.361019849777221680e-01 1.382099241018295288e-01
2.939854383468627930e+00 2.350948005914688110e-01 1.919372230768203735e-01
2.862725973129272461e+00 2.336615175008773804e-01 2.589699923992156982e-01
2.822803020477294922e+00 2.328573912382125854e-01 2.908799350261688232e-01
2.767105817794799805e+00 2.316924035549163818e-01 3.335166573524475098e-01
2.675035476684570312e+00 2.296698987483978271e-01 3.998361825942993164e-01
2.611770629882812500e+00 2.281745672225952148e-01 4.409467875957489014e-01
2.563253402709960938e+00 2.269741445779800415e-01 4.702763855457305908e-01
2.496757268905639648e+00 2.252737432718276978e-01 5.082609653472900391e-01
2.421987771987915039e+00 2.232785522937774658e-01 5.476808547973632812e-01
2.365282773971557617e+00 2.216959893703460693e-01 5.748881101608276367e-01
2.302933692932128906e+00 2.198989838361740112e-01 6.026476025581359863e-01
2.203514814376831055e+00 2.169350832700729370e-01 6.432438492774963379e-01
2.181302547454833984e+00 2.162383794784545898e-01 6.510516405105590820e-01
2.087594032287597656e+00 2.132667601108551025e-01 6.828389763832092285e-01
2.001465797424316406e+00 2.104112356901168823e-01 7.076619863510131836e-01
1.942123651504516602e+00 2.083655297756195068e-01 7.220688462257385254e-01
1.860408067703247070e+00 2.054743170738220215e-01 7.394068241119384766e-01
1.820107221603393555e+00 2.039980888366699219e-01 7.462872266769409180e-01
1.752331852912902832e+00 2.014734596014022827e-01 7.564929723739624023e-01
1.647435426712036133e+00 1.974567174911499023e-01 7.687660455703735352e-01
1.601738452911376953e+00 1.956328302621841431e-01 7.717660665512084961e-01
1.511307477951049805e+00 1.919586956501007080e-01 7.756981253623962402e-01
1.471487522125244141e+00 1.902840584516525269e-01 7.756902575492858887e-01
1.363964796066284180e+00 1.856934577226638794e-01 7.736060023307800293e-01
1.303502321243286133e+00 1.830069571733474731e-01 7.693034410476684570e-01
1.247256159782409668e+00 1.804513782262802124e-01 7.636576294898986816e-01
1.161928653717041016e+00 1.764935404062271118e-01 7.527632117271423340e-01
1.078111410140991211e+00 1.724830418825149536e-01 7.385671138763427734e-01
1.045527100563049316e+00 1.708757579326629639e-01 7.316976189613342285e-01
9.379008412361145020e-01 1.655032187700271606e-01 7.072507739067077637e-01
8.720594048500061035e-01 1.620857119560241699e-01 6.887046694755554199e-01
8.192837238311767578e-01 1.592794358730316162e-01 6.720348000526428223e-01
7.185185551643371582e-01 1.538158506155014038e-01 6.373934149742126465e-01
6.737362742424011230e-01 1.512953788042068481e-01 6.195564866065979004e-01
6.055911779403686523e-01 1.473944634199142456e-01 5.907086133956909180e-01
5.258607268333435059e-01 1.427103132009506226e-01 5.538518428802490234e-01
4.465028047561645508e-01 1.379020810127258301e-01 5.134286284446716309e-01
3.655803501605987549e-01 1.328429281711578369e-01 4.682532250881195068e-01
3.408446907997131348e-01 1.312449723482131958e-01 4.531530439853668213e-01
2.613769173622131348e-01 1.260580122470855713e-01 4.033198058605194092e-01
2.134489268064498901e-01 1.228232383728027344e-01 3.706311583518981934e-01
1.136639863252639771e-01 1.159464567899703979e-01 2.990927100181579590e-01
6.656596064567565918e-02 1.125529110431671143e-01 2.617258131504058838e-01
-8.132457733154296875e-03 1.070503666996955872e-01 1.995609700679779053e-01
-5.007154121994972229e-02 1.038473919034004211e-01 1.619333922863006592e-01
-1.345027685165405273e-01 9.726084768772125244e-02 8.288743346929550171e-02
-1.781435459852218628e-01 9.370253235101699829e-02 3.838032856583595276e-02
-2.535316348075866699e-01 8.740451186895370483e-02 -4.206173494458198547e-02
-2.739955186843872070e-01 8.589885383844375610e-02 -2.309485524892807007e-02
-3.640981614589691162e-01 7.923983037471771240e-02 5.865673720836639404e-02
-4.469867348670959473e-01 7.299839705228805542e-02 1.270779222249984741e-01
-5.083962678909301758e-01 6.829889118671417236e-02 1.735711395740509033e-01
-5.473256707191467285e-01 6.528531014919281006e-02 2.012156248092651367e-01
-6.754226684570312500e-01 5.529851093888282776e-02 2.885462939739227295e-01
-7.102177143096923828e-01 5.252487584948539734e-02 3.091945648193359375e-01
-7.831065058708190918e-01 4.668036475777626038e-02 3.508275151252746582e-01
-8.745597004890441895e-01 3.925857320427894592e-02 3.989356160163879395e-01
-9.565399289131164551e-01 3.250741586089134216e-02 4.376416802406311035e-01
-1.050186634063720703e+00 2.469604834914207458e-02 4.775528907775878906e-01
-1.106821060180664062e+00 1.990391314029693604e-02 4.988428354263305664e-01
-1.191071510314941406e+00 1.271375920623540878e-02 5.280453562736511230e-01
-1.279466152191162109e+00 5.074758082628250122e-03 5.549307465553283691e-01
-1.353101015090942383e+00 -1.371919177472591400e-03 5.741455554962158203e-01
-1.471204280853271484e+00 -1.182349957525730133e-02 6.008228063583374023e-01
-1.551381230354309082e+00 -1.904059015214443207e-02 6.145287752151489258e-01
-1.609295487403869629e+00 -2.431437931954860687e-02 6.223183870315551758e-01
-1.663517594337463379e+00 -2.929347380995750427e-02 6.282016038894653320e-01
-1.810263276100158691e+00 -4.287496954202651978e-02 6.405796408653259277e-01
-1.842895269393920898e+00 -4.595934972167015076e-02 6.412202119827270508e-01
-1.937068939208984375e+00 -5.490335077047348022e-02 6.417225003242492676e-01
-2.016734361648559570e+00 -6.257433444261550903e-02 6.388667821884155273e-01
-2.104663610458374023e+00 -7.114140689373016357e-02 6.326502561569213867e-01
-2.233460664749145508e+00 -8.385627716779708862e-02 6.185724139213562012e-01
-2.303888797760009766e+00 -9.094578772783279419e-02 6.068601608276367188e-01
-2.415229797363281250e+00 -1.022772789001464844e-01 5.848217010498046875e-01
-2.451064586639404297e+00 -1.059890463948249817e-01 5.759103298187255859e-01
-2.553154468536376953e+00 -1.166254580020904541e-01 5.488221049308776855e-01
-2.670520067214965820e+00 -1.290605366230010986e-01 5.120329856872558594e-01
-2.743817090988159180e+00 -1.369829326868057251e-01 4.848734736442565918e-01
-2.820183277130126953e+00 -1.453449279069900513e-01 4.537524878978729248e-01
-2.866800069808959961e+00 -1.505209654569625854e-01 4.329041242599487305e-01
-2.985946178436279297e+00 -1.638666987419128418e-01 3.766419291496276855e-01
-3.039129734039306641e+00 -1.699623167514801025e-01 3.480167090892791748e-01
-3.129932880401611328e+00 -1.804830580949783325e-01 2.963194251060485840e-01
-3.212810277938842773e+00 -1.902706027030944824e-01 2.445580363273620605e-01
-3.289480209350585938e+00 -1.994929015636444092e-01 1.925758868455886841e-01
-3.371768474578857422e+00 -2.095697820186614990e-01 1.324659287929534912e-01
-3.441679000854492188e+00 -2.183063030242919922e-01 7.720060646533966064e-02
-3.479671001434326172e+00 -2.231417596340179443e-01 4.508899524807929993e-02
-3.573197364807128906e+00 -2.351707518100738525e-01 -3.690942749381065369e-02
-3.669572830200195312e+00 -2.476992607116699219e-01 3.976292535662651062e-02
-3.730001688003540039e+00 -2.555917203426361084e-01 8.332461118698120117e-02
-3.818131208419799805e+00 -2.671373188495635986e-01 1.430556476116180420e-01
-3.893931150436401367e+00 -2.771122753620147705e-01 1.899448782205581665e-01
-4.006143569946289062e+00 -2.919372916221618652e-01 2.540185451507568359e-01
-4.141673564910888672e+00 -3.099482953548431396e-01 3.224397897720336914e-01
-4.183763980865478516e+00 -3.155822455883026123e-01 3.405712842941284180e-01
-4.299208164215087891e+00 -3.310710489749908447e-01 3.877945840358734131e-01
-4.414125919342041016e+00 -3.465876281261444092e-01 4.281743168830871582e-01
-4.455882549285888672e+00 -3.522623181343078613e-01 4.405656158924102783e-01
-4.627254486083984375e+00 -3.756079971790313721e-01 4.881293177604675293e-01
-4.687608718872070312e+00 -3.839111924171447754e-01 5.002557635307312012e-01
-4.830049514770507812e+00 -4.035786390304565430e-01 5.251656770706176758e-01
-4.865139961242675781e+00 -4.084655940532684326e-01 5.291866064071655273e-01
-4.978063106536865234e+00 -4.242268800735473633e-01 5.404772162437438965e-01
-5.097696781158447266e+00 -4.410439133644104004e-01 5.468648672103881836e-01
-5.204888343811035156e+00 -4.562290310859680176e-01 5.473531484603881836e-01
-5.352554798126220703e+00 -4.772982001304626465e-01 5.415947437286376953e-01
-5.387537956237792969e+00 -4.823404848575592041e-01 5.381310582160949707e-01
-5.546169281005859375e+00 -5.052625536918640137e-01 5.201526284217834473e-01
-5.608540534973144531e+00 -5.143796801567077637e-01 5.090101361274719238e-01
-5.771416187286376953e+00 -5.383023023605346680e-01 4.756516218185424805e-01
-5.871748924255371094e+00 -5.532289147377014160e-01 4.481345415115356445e-01
-5.952024936676025391e+00 -5.652726888656616211e-01 4.225627481937408447e-01
-6.031106472015380859e+00 -5.772209763526916504e-01 3.944888114929199219e-01
-6.167109489440917969e+00 -5.979178547859191895e-01 3.411881923675537109e-01
-6.229094982147216797e+00 -6.074733138084411621e-01 3.128127157688140869e-01
-6.331000328063964844e+00 -6.232819557189941406e-01 2.629448175430297852e-01
-6.462822437286376953e+00 -6.439529657363891602e-01 1.913330554962158203e-01
-6.586084365844726562e+00 -6.635715365409851074e-01 1.152261495590209961e-01
-6.671820640563964844e+00 -6.774267554283142090e-01 5.582430213689804077e-02
-6.741234302520751953e+00 -6.887745261192321777e-01 3.776498138904571533e-03
-6.843271255493164062e+00 -7.065140604972839355e-01 7.831531763076782227e-02
-6.994143486022949219e+00 -7.327072024345397949e-01 1.777036041021347046e-01
-7.067977428436279297e+00 -7.455100417137145996e-01 2.192985862493515015e-01
-7.173529148101806641e+00 -7.638104557991027832e-01 2.742872238159179688e-01
-7.340700626373291016e+00 -7.927970886230468750e-01 3.518024981021881104e-01
-7.397987842559814453e+00 -8.027369379997253418e-01 3.735436499118804932e-01
-7.509826183319091797e+00 -8.221511840820312500e-01 4.129630923271179199e-01
-7.692305088043212891e+00 -8.538615703582763672e-01 4.679596722126007080e-01
-7.766868591308593750e+00 -8.668460845947265625e-01 4.845291972160339355e-01
-7.927751064300537109e+00 -8.948935866355895996e-01 5.152950882911682129e-01
-8.066795349121093750e+00 -9.191961884498596191e-01 5.328236818313598633e-01
-8.215143203735351562e+00 -9.451913833618164062e-01 5.433977842330932617e-01
-8.399266242980957031e+00 -9.775533080101013184e-01 5.459393858909606934e-01
-8.451820373535156250e+00 -9.868286252021789551e-01 5.429518222808837891e-01
-8.605361938476562500e+00 -1.013963222503662109e+00 5.311191082000732422e-01
-8.715435028076171875e+00 -1.033493399620056152e+00 5.161160826683044434e-01
-8.903333663940429688e+00 -1.066935777664184570e+00 4.824148714542388916e-01
-9.051647186279296875e+00 -1.093482017517089844e+00 4.447016417980194092e-01
-9.159233093261718750e+00 -1.112833976745605469e+00 4.107374548912048340e-01
-9.267037391662597656e+00 -1.132300853729248047e+00 3.717116117477416992e-01
-9.437530517578125000e+00 -1.163216233253479004e+00 3.017820715904235840e-01
-9.557771682739257812e+00 -1.185174345970153809e+00 2.428318560123443604e-01
-9.647012710571289062e+00 -1.201561927795410156e+00 1.936531066894531250e-01
-9.794509887695312500e+00 -1.228768825531005859e+00 1.052868664264678955e-01
-9.917869567871093750e+00 -1.251705765724182129e+00 2.089819312095642090e-02
-1.008598518371582031e+01 -1.283200025558471680e+00 -1.073330640792846680e-01
-1.022485542297363281e+01 -1.311722159385681152e+00 -1.721771061420440674e-02
-1.037222099304199219e+01 -1.341765522956848145e+00 6.608279794454574585e-02
-1.056116962432861328e+01 -1.380033135414123535e+00 1.578165590763092041e-01
-1.071468830108642578e+01 -1.410905361175537109e+00 2.181650996208190918e-01
-1.091841888427734375e+01 -1.451680779457092285e+00 2.842736244201660156e-01
-1.097800159454345703e+01 -1.463541388511657715e+00 2.985470592975616455e-01
-1.122353649139404297e+01 -1.512351632118225098e+00 3.515526652336120605e-01
-1.145828533172607422e+01 -1.558774232864379883e+00 3.800868988037109375e-01
-1.162658214569091797e+01 -1.591917872428894043e+00 3.860184848308563232e-01
-1.175797367095947266e+01 -1.617727518081665039e+00 3.826665878295898438e-01
-1.197853755950927734e+01 -1.660974860191345215e+00 3.666025400161743164e-01
-1.216994953155517578e+01 -1.698398351669311523e+00 3.373832404613494873e-01
-1.235497570037841797e+01 -1.734491109848022461e+00 2.960334718227386475e-01
-1.255915641784667969e+01 -1.774237394332885742e+00 2.359390407800674438e-01
-1.277381992340087891e+01 -1.815930843353271484e+00 1.551457345485687256e-01
-1.300811862945556641e+01 -1.861330866813659668e+00 4.528323560953140259e-02
-1.317028808593750000e+01 -1.892670392990112305e+00 -4.880443215370178223e-02
-1.345167446136474609e+01 -1.949381828308105469e+00 9.789635241031646729e-02
-1.374470615386962891e+01 -2.006966590881347656e+00 2.081054598093032837e-01
-1.393167591094970703e+01 -2.042914152145385742e+00 2.542947530746459961e-01
-1.422063255310058594e+01 -2.097782135009765625e+00 3.040203452110290527e-01
-1.446312808990478516e+01 -2.142994880676269531e+00 3.192419707775115967e-01
-1.500570392608642578e+01 -2.242664813995361328e+00 3.053859174251556396e-01
-1.510630798339843750e+01 -2.260534286499023438e+00 2.832818031311035156e-01
-1.560306549072265625e+01 -2.348170280456542969e+00 1.553306281566619873e-01
-1.582547664642333984e+01 -2.386003494262695312e+00 5.448890477418899536e-02
-1.626743125915527344e+01 -2.459658384323120117e+00 -1.908968687057495117e-01
-1.667313385009765625e+01 -2.523885726928710938e+00 -9.601842612028121948e-02
-1.764762306213378906e+01 -2.670009374618530273e+00 -1.782774925231933594e-02
-1.809965705871582031e+01 -2.729467630386352539e+00 -1.313096731901168823e-01
-2.173033523559570312e+01 -3.029390335083007812e+00 -5.737098455429077148e-01
-7.805254516601562500e+02 2.725269889831542969e+01 -9.990540771484375000e+02
-1.891444326400000000e+12 3.349628518400000000e+11 -7.205440716800000000e+11
-2.362121431309196429e+24 8.425250596075639920e+23 1.410166538861497404e+24
-7.464536094266314224e+24 2.662462094945298493e+24 4.456265282077357291e+24
-1.083317788699324253e+25 3.863993940720507807e+24 6.467315485935117326e+24
-1.469053388215097642e+25 5.239841465154373197e+24 8.770124582209438360e+24
-1.741337361160140703e+25 6.211027952990042884e+24 1.039563725846591646e+25
-2.109037002534295960e+25 7.522544763309855426e+24 1.259077328604274715e+25
-2.432519567779468499e+25 8.676347676406974337e+24 1.452193755884629876e+25
-3.050976408225400074e+25 1.088226928465940208e+25 1.821407298486484383e+25
-3.432057548334925161e+25 1.224151531588768117e+25 2.048909609641738755e+25
-3.749722241083550629e+25 1.337456621836262914e+25 2.238552745597315328e+25
-3.994661337074478955e+25 1.424821900567307339e+25 2.384779394116708180e+25
-4.361779214257409596e+25 1.555766113374534592e+25 2.603945621625053205e+25
-4.971509130666370103e+25 1.773245501429489339e+25 2.967949227239739832e+25
-5.072161022692955215e+25 1.809146208869291487e+25 3.028037651385441325e+25
-5.692363616881162478e+25 2.030360947307021958e+25 3.398293319735309961e+25
-5.926248501485920354e+25 2.113783349784461427e+25 3.537920645562333221e+25
-6.327693002378413415e+25 2.256971127802011551e+25 3.777579591646463109e+25
-6.836771026760788810e+25 2.438549808417164152e+25 4.081494773115448242e+25
-6.992694436886828009e+25 2.494164666540690158e+25 4.174579810722997695e+25
-7.456391626173470536e+25 2.659556790399764469e+25 4.451403181508129295e+25
-8.021322241093621869e+25 2.861057262861620621e+25 4.788662236396149971e+25
-8.326768963489326737e+25 2.970004425113851997e+25 4.971011529744981788e+25
-8.726467480055243189e+25 3.112569625518914424e+25 5.209628465373248008e+25
-9.031332207675422521e+25 3.221309261900316568e+25 5.391630037596290399e+25
