2.336793518066406250e+01 -2.216244190931320190e-01 1.966938972473144531e-01
2.325438499450683594e+01 -2.172981202602386475e-01 2.649826407432556152e-01
2.300286102294921875e+01 -2.077957838773727417e-01 4.154557883739471436e-01
2.291834068298339844e+01 -2.046620994806289673e-01 4.654034376144409180e-01
2.280432128906250000e+01 -2.004595696926116943e-01 5.324909090995788574e-01
2.260780143737792969e+01 -1.932728886604309082e-01 6.474246978759765625e-01
2.244557571411132812e+01 -1.874190717935562134e-01 7.412747740745544434e-01
2.234631538391113281e+01 -1.838746666908264160e-01 7.981568574905395508e-01
2.215216064453125000e+01 -1.769840121269226074e-01 9.087480902671813965e-01
2.197813606262207031e+01 -1.708798557519912720e-01 1.006660699844360352e+00
2.188756370544433594e+01 -1.677341759204864502e-01 1.057028770446777344e+00
2.175182533264160156e+01 -1.630423367023468018e-01 1.132038474082946777e+00
2.161644363403320312e+01 -1.583953648805618286e-01 1.206121325492858887e+00
2.141815185546875000e+01 -1.516336202621459961e-01 1.313530445098876953e+00
2.137801170349121094e+01 -1.502772271633148193e-01 1.334935903549194336e+00
2.120377731323242188e+01 -1.443993449211120605e-01 1.427542448043823242e+00
2.109238052368164062e+01 -1.406676769256591797e-01 1.485884189605712891e+00
2.089856147766113281e+01 -1.342009603977203369e-01 1.586396932601928711e+00
2.085273361206054688e+01 -1.326818168163299561e-01 1.609740495681762695e+00
2.069471549987792969e+01 -1.274505108594894409e-01 1.689874887466430664e+00
2.057072830200195312e+01 -1.233634650707244873e-01 1.751772999763488770e+00
2.040044975280761719e+01 -1.177664771676063538e-01 1.835693717002868652e+00
2.034435462951660156e+01 -1.159288436174392700e-01 1.862832427024841309e+00
2.018252754211425781e+01 -1.106318756937980652e-01 1.940630197525024414e+00
2.011222839355468750e+01 -1.083358153700828552e-01 1.973793029785156250e+00
1.991687965393066406e+01 -1.019592434167861938e-01 2.065163850784301758e+00
1.983422660827636719e+01 -9.926477074623107910e-02 2.102878093719482422e+00
1.971605491638183594e+01 -9.541262686252593994e-02 2.156210422515869141e+00
1.961945343017578125e+01 -9.226297587156295776e-02 2.199105501174926758e+00
1.951476097106933594e+01 -8.884777873754501343e-02 2.244957208633422852e+00
1.941426467895507812e+01 -8.556666225194931030e-02 2.288295507431030273e+00
1.926858711242675781e+01 -8.080492168664932251e-02 2.350158929824829102e+00
1.912827682495117188e+01 -7.620881497859954834e-02 2.408371925354003906e+00
1.907133674621582031e+01 -7.433860003948211670e-02 2.431444406509399414e+00
1.891850662231445312e+01 -6.931222975254058838e-02 2.492758274078369141e+00
1.887456130981445312e+01 -6.786128133535385132e-02 2.509906530380249023e+00
1.870199394226074219e+01 -6.215621903538703918e-02 2.576688289642333984e+00
1.864644050598144531e+01 -6.030959635972976685e-02 2.597470045089721680e+00
1.854003715515136719e+01 -5.676544085144996643e-02 2.636821985244750977e+00
1.843029403686523438e+01 -5.309503152966499329e-02 2.676501512527465820e+00
1.830747222900390625e+01 -4.896826297044754028e-02 2.719841003417968750e+00
1.820653724670410156e+01 -4.555797576904296875e-02 2.754451990127563477e+00
1.812561035156250000e+01 -4.281010106205940247e-02 2.781525850296020508e+00
1.802270317077636719e+01 -3.930121287703514099e-02 2.815250635147094727e+00
1.796298217773437500e+01 -3.725342825055122375e-02 2.834295272827148438e+00
1.784350967407226562e+01 -3.314269706606864929e-02 2.871773242950439453e+00
1.774317741394042969e+01 -2.966596931219100952e-02 2.902185678482055664e+00
1.763068962097167969e+01 -2.574338205158710480e-02 2.935262918472290039e+00
1.753535079956054688e+01 -2.239415422081947327e-02 2.962308645248413086e+00
1.742936134338378906e+01 -1.864634640514850616e-02 2.991425514221191406e+00
1.733500671386718750e+01 -1.528456807136535645e-02 3.016388893127441406e+00
1.727787780761718750e+01 -1.323485746979713440e-02 3.030977487564086914e+00
1.714570426940917969e+01 -8.471798151731491089e-03 3.063982725143432617e+00
1.710904502868652344e+01 -7.137049920856952667e-03 3.072649240493774414e+00
1.696696281433105469e+01 -1.948392949998378754e-03 3.105706214904785156e+00
1.692097663879394531e+01 -2.493007341399788857e-04 3.115726470947265625e+00
1.678599548339843750e+01 4.757574293762445450e-03 3.144482374191284180e+00
1.671153259277343750e+01 7.552064023911952972e-03 3.159265518188476562e+00
1.662956809997558594e+01 1.064857002347707748e-02 3.174869298934936523e+00
1.652402305603027344e+01 1.466561108827590942e-02 3.194000482559204102e+00
1.648247528076171875e+01 1.626233570277690887e-02 3.201035737991333008e+00
1.638278961181640625e+01 2.010823041200637817e-02 3.217440128326416016e+00
1.626980590820312500e+01 2.450834400951862335e-02 3.234725713729858398e+00
1.616881942749023438e+01 2.848394960165023804e-02 3.248825788497924805e+00
1.611581611633300781e+01 3.059102036058902740e-02 3.255580186843872070e+00
1.603976440429687500e+01 3.362999856472015381e-02 3.264778375625610352e+00
1.593876266479492188e+01 3.769614547491073608e-02 3.276042938232421875e+00
1.584898853302001953e+01 4.134625941514968872e-02 3.284914016723632812e+00
1.577986145019531250e+01 4.418177530169487000e-02 3.290950059890747070e+00
1.566818904876708984e+01 4.879355430603027344e-02 3.299697875976562500e+00
1.560985374450683594e+01 5.122904852032661438e-02 3.303407192230224609e+00
1.556049537658691406e+01 5.330137908458709717e-02 3.306159257888793945e+00
1.546799278259277344e+01 5.720349028706550598e-02 3.310698032379150391e+00
1.537361145019531250e+01 6.121998652815818787e-02 3.314130783081054688e+00
1.527880001068115234e+01 6.529040634632110596e-02 3.316329956054687500e+00
1.523011302947998047e+01 6.739876419305801392e-02 3.316803693771362305e+00
1.510452747344970703e+01 7.286058366298675537e-02 3.317145586013793945e+00
1.506762027740478516e+01 7.448335736989974976e-02 3.316568851470947266e+00
1.497711849212646484e+01 7.847473025321960449e-02 3.314658880233764648e+00
1.493182849884033203e+01 8.048687130212783813e-02 3.313088178634643555e+00
1.480248165130615234e+01 8.625366538763046265e-02 3.307712078094482422e+00
1.473264598846435547e+01 8.939784020185470581e-02 3.303416490554809570e+00
1.469308757781982422e+01 9.118754416704177856e-02 3.300549507141113281e+00
1.457382965087890625e+01 9.659714251756668091e-02 3.291157960891723633e+00
1.453621482849121094e+01 9.831652790307998657e-02 3.287474632263183594e+00
1.443990707397460938e+01 1.027283743023872375e-01 3.277453422546386719e+00
1.435900402069091797e+01 1.064546704292297363e-01 3.267750263214111328e+00
1.429060554504394531e+01 1.096180826425552368e-01 3.258620023727416992e+00
1.420777606964111328e+01 1.134611889719963074e-01 3.246602058410644531e+00
1.413883781433105469e+01 1.166712492704391479e-01 3.235617876052856445e+00
1.405969429016113281e+01 1.203663498163223267e-01 3.222057580947875977e+00
1.403463077545166016e+01 1.215397790074348450e-01 3.217413425445556641e+00
1.395674419403076172e+01 1.251892149448394775e-01 3.202633380889892578e+00
1.386745071411132812e+01 1.293828636407852173e-01 3.184439659118652344e+00
1.379200077056884766e+01 1.329345554113388062e-01 3.167839288711547852e+00
1.373347949981689453e+01 1.356938630342483521e-01 3.154147624969482422e+00
1.368961143493652344e+01 1.377644687891006470e-01 3.143404245376586914e+00
1.357835197448730469e+01 1.430194377899169922e-01 3.115236043930053711e+00
1.350352668762207031e+01 1.465588212013244629e-01 3.094700813293457031e+00
1.346575355529785156e+01 1.483466774225234985e-01 3.083785295486450195e+00
1.340786361694335938e+01 1.510872393846511841e-01 3.066627502441406250e+00
1.335156250000000000e+01 1.537531465291976929e-01 3.049295902252197266e+00
1.327280235290527344e+01 1.574827581644058228e-01 3.024164438247680664e+00
1.318174171447753906e+01 1.617945283651351929e-01 2.993658304214477539e+00
1.310456943511962891e+01 1.654473245143890381e-01 2.966362953186035156e+00
1.308179664611816406e+01 1.665246188640594482e-01 2.957942247390747070e+00
1.299236392974853516e+01 1.707544177770614624e-01 2.924444437026977539e+00
1.292002964019775391e+01 1.741721779108047485e-01 2.895977735519409180e+00
1.287709712982177734e+01 1.761986911296844482e-01 2.878412961959838867e+00
1.279786491394042969e+01 1.799359768629074097e-01 2.845256805419921875e+00
1.272658538818359375e+01 1.832934468984603882e-01 2.814185619354248047e+00
1.265709400177001953e+01 1.865620315074920654e-01 2.782788515090942383e+00
1.261345767974853516e+01 1.886113137006759644e-01 2.762387752532958984e+00
1.253591537475585938e+01 1.922491043806076050e-01 2.725362062454223633e+00
1.249587154388427734e+01 1.941239982843399048e-01 2.705524206161499023e+00
1.243822479248046875e+01 1.968200951814651489e-01 2.676426410675048828e+00
1.237781524658203125e+01 1.996407508850097656e-01 2.645112991333007812e+00
1.230808544158935547e+01 2.028906792402267456e-01 2.607964038848876953e+00
1.226282215118408203e+01 2.049956321716308594e-01 2.583087444305419922e+00
1.219014930725097656e+01 2.083701640367507935e-01 2.542343616485595703e+00
1.211217403411865234e+01 2.119818329811096191e-01 2.497227668762207031e+00
1.205257415771484375e+01 2.147346138954162598e-01 2.461578607559204102e+00
1.202046394348144531e+01 2.162143588066101074e-01 2.441885948181152344e+00
1.195101737976074219e+01 2.194106727838516235e-01 2.398723602294921875e+00
1.187892723083496094e+01 2.227194458246231079e-01 2.352621555328369141e+00
1.183224773406982422e+01 2.248555570840835571e-01 2.321885108947753906e+00
1.176952362060546875e+01 2.277201861143112183e-01 2.279804944992065430e+00
1.169809722900390625e+01 2.309733033180236816e-01 2.230681419372558594e+00
1.167301845550537109e+01 2.321118563413619995e-01 2.212944746017456055e+00
1.160358715057373047e+01 2.352603226900100708e-01 2.163360595703125000e+00
1.155291652679443359e+01 2.375506013631820679e-01 2.126195192337036133e+00
1.149706745147705078e+01 2.400688529014587402e-01 2.084433078765869141e+00
1.140363216400146484e+01 2.442704141139984131e-01 2.013077735900878906e+00
1.137386989593505859e+01 2.456025183200836182e-01 1.989542722702026367e+00
1.131186485290527344e+01 2.483735829591751099e-01 1.939968466758728027e+00
1.124771118164062500e+01 2.512315213680267334e-01 1.887495875358581543e+00
1.122302150726318359e+01 2.523277103900909424e-01 1.866824507713317871e+00
1.116010761260986328e+01 2.551173567771911621e-01 1.813678145408630371e+00
1.108040523529052734e+01 2.586394846439361572e-01 1.744810342788696289e+00
1.102556228637695312e+01 2.610525488853454590e-01 1.696057558059692383e+00
1.099299907684326172e+01 2.624809741973876953e-01 1.666544079780578613e+00
1.093989753723144531e+01 2.648060917854309082e-01 1.617861986160278320e+00
1.087100028991699219e+01 2.678138315677642822e-01 1.553514957427978516e+00
1.083792304992675781e+01 2.692522108554840088e-01 1.521873354911804199e+00
1.079323768615722656e+01 2.711916863918304443e-01 1.478636026382446289e+00
1.073552894592285156e+01 2.736899256706237793e-01 1.421932578086853027e+00
1.067871570587158203e+01 2.761411666870117188e-01 1.364994406700134277e+00
1.064121055603027344e+01 2.777540087699890137e-01 1.326671600341796875e+00
1.057292938232421875e+01 2.806838154792785645e-01 1.256008744239807129e+00
1.051195907592773438e+01 2.832893431186676025e-01 1.191440582275390625e+00
1.047086906433105469e+01 2.850389480590820312e-01 1.147025108337402344e+00
1.043856811523437500e+01 2.864109575748443604e-01 1.111626386642456055e+00
1.037439060211181641e+01 2.891317009925842285e-01 1.040531635284423828e+00
1.031453990936279297e+01 2.916592657566070557e-01 9.727988243103027344e-01
1.029105186462402344e+01 2.926476299762725830e-01 9.456853866577148438e-01
1.024234104156494141e+01 2.946944832801818848e-01 8.890173435211181641e-01
1.018188095092773438e+01 2.972276210784912109e-01 8.175422549247741699e-01
1.014058589935302734e+01 2.989515364170074463e-01 7.677433490753173828e-01
1.006467151641845703e+01 3.021128475666046143e-01 6.749479770660400391e-01
1.003078937530517578e+01 3.035174012184143066e-01 6.324905753135681152e-01
9.994796752929687500e+00 3.050064444541931152e-01 5.868873000144958496e-01
9.932350158691406250e+00 3.075844347476959229e-01 5.068325400352478027e-01
9.898192405700683594e+00 3.089893758296966553e-01 4.621447920799255371e-01
9.861008644104003906e+00 3.105157613754272461e-01 4.129552543163299561e-01
9.811250686645507812e+00 3.125539422035217285e-01 3.463322520256042480e-01
9.750854492187500000e+00 3.150207996368408203e-01 2.641505897045135498e-01
9.727024078369140625e+00 3.159907758235931396e-01 2.310847193002700806e-01
9.674029350280761719e+00 3.181449770927429199e-01 1.569815278053283691e-01
9.631650924682617188e+00 3.198625445365905762e-01 9.669870138168334961e-02
9.587543487548828125e+00 3.216460347175598145e-01 3.309131413698196411e-02
9.526502609252929688e+00 3.241083025932312012e-01 -5.619783699512481689e-02
9.486673355102539062e+00 3.292692303657531738e-01 1.013324409723281860e-02
9.453201293945312500e+00 3.335400223731994629e-01 6.292716413736343384e-02
9.417929649353027344e+00 3.379874825477600098e-01 1.161545366048812866e-01
9.371619224548339844e+00 3.437596559524536133e-01 1.829320788383483887e-01
9.359325408935546875e+00 3.452706634998321533e-01 1.996520459651947021e-01
9.316674232482910156e+00 3.504947721958160400e-01 2.567884027957916260e-01
9.268732070922851562e+00 3.562999367713928223e-01 3.177399337291717529e-01
9.229247093200683594e+00 3.610246181488037109e-01 3.651153445243835449e-01
9.186262130737304688e+00 3.661223649978637695e-01 4.143267273902893066e-01
9.151188850402832031e+00 3.702442944049835205e-01 4.524953067302703857e-01
9.110386848449707031e+00 3.750066757202148438e-01 4.951126277446746826e-01
9.054602622985839844e+00 3.814689517021179199e-01 5.506642460823059082e-01
8.995764732360839844e+00 3.882200121879577637e-01 6.055442690849304199e-01
8.970160484313964844e+00 3.911307156085968018e-01 6.278258562088012695e-01
8.937550544738769531e+00 3.948240578174591064e-01 6.553617119789123535e-01
8.867889404296875000e+00 4.026779532432556152e-01 7.119525074958801270e-01
8.836882591247558594e+00 4.061416089534759521e-01 7.351014614105224609e-01
8.791918754577636719e+00 4.111455082893371582e-01 7.674196362495422363e-01
8.741735458374023438e+00 4.167012274265289307e-01 8.015211820602416992e-01
8.678930282592773438e+00 4.236163198947906494e-01 8.415461778640747070e-01
8.627069473266601562e+00 4.292899668216705322e-01 8.719572424888610840e-01
8.587406158447265625e+00 4.336080551147460938e-01 8.936134576797485352e-01
8.548744201660156250e+00 4.378024935722351074e-01 9.135633707046508789e-01
8.499947547912597656e+00 4.430793523788452148e-01 9.373476505279541016e-01
8.457741737365722656e+00 4.476258754730224609e-01 9.564300775527954102e-01
8.375572204589843750e+00 4.564499855041503906e-01 9.911324381828308105e-01
8.337055206298828125e+00 4.605627954006195068e-01 1.005218863487243652e+00
8.311077117919921875e+00 4.633301794528961182e-01 1.014050602912902832e+00
8.234562873840332031e+00 4.714685678482055664e-01 1.038750767707824707e+00
8.192187309265136719e+00 4.759565293788909912e-01 1.050320744514465332e+00
8.119266510009765625e+00 4.836631715297698975e-01 1.068262577056884766e+00
8.073917388916015625e+00 4.884395897388458252e-01 1.077344179153442383e+00
8.048925399780273438e+00 4.910669028759002686e-01 1.081648468971252441e+00
7.974257946014404297e+00 4.989090263843536377e-01 1.093364238739013672e+00
7.931956291198730469e+00 5.033397078514099121e-01 1.098078966140747070e+00
7.892180919647216797e+00 5.075002312660217285e-01 1.101497888565063477e+00
7.818570137023925781e+00 5.151910185813903809e-01 1.106068730354309082e+00
7.772509098052978516e+00 5.199939608573913574e-01 1.106904029846191406e+00
7.741750717163085938e+00 5.231980085372924805e-01 1.106618881225585938e+00
7.663527488708496094e+00 5.313413739204406738e-01 1.104462981224060059e+00
7.611589431762695312e+00 5.367408990859985352e-01 1.100616097450256348e+00
7.579734325408935547e+00 5.400502681732177734e-01 1.097270369529724121e+00
7.518756866455078125e+00 5.463830828666687012e-01 1.089703917503356934e+00
7.456523418426513672e+00 5.528429746627807617e-01 1.079702377319335938e+00
7.422956943511962891e+00 5.563261508941650391e-01 1.073043107986450195e+00
7.341181278228759766e+00 5.648115873336791992e-01 1.055142283439636230e+00
7.323494911193847656e+00 5.666469335556030273e-01 1.050378680229187012e+00
7.268499374389648438e+00 5.723543763160705566e-01 1.034957289695739746e+00
7.216376304626464844e+00 5.777656435966491699e-01 1.018533110618591309e+00
7.148032188415527344e+00 5.848646163940429688e-01 9.947141408920288086e-01
7.093263149261474609e+00 5.905586481094360352e-01 9.731811285018920898e-01
7.051226615905761719e+00 5.949332118034362793e-01 9.551130533218383789e-01
7.005343437194824219e+00 5.997123718261718750e-01 9.340726733207702637e-01
6.934309482574462891e+00 6.071197390556335449e-01 8.992257118225097656e-01
6.914013862609863281e+00 6.092404723167419434e-01 8.882372379302978516e-01
6.856113433837890625e+00 6.152949333190917969e-01 8.560217022895812988e-01
6.816439151763916016e+00 6.194524168968200684e-01 8.322213888168334961e-01
6.768753051757812500e+00 6.244579553604125977e-01 8.021467924118041992e-01
6.707391738891601562e+00 6.309133172035217285e-01 7.611132860183715820e-01
6.665812015533447266e+00 6.353016495704650879e-01 7.311969399452209473e-01
6.615910053253173828e+00 6.405812501907348633e-01 6.935018897056579590e-01
6.548717975616455078e+00 6.477131843566894531e-01 6.397455930709838867e-01
6.527014255523681641e+00 6.500280499458312988e-01 6.210121512413024902e-01
6.459175586700439453e+00 6.572764515876770020e-01 5.610024333000183105e-01
6.418365955352783203e+00 6.616625189781188965e-01 5.220668911933898926e-01
6.386660575866699219e+00 6.650836467742919922e-01 4.904054999351501465e-01
6.335628986358642578e+00 6.706085801124572754e-01 4.375993907451629639e-01
6.296532630920410156e+00 6.748656630516052246e-01 3.947620093822479248e-01
6.265201568603515625e+00 6.782936453819274902e-01 3.588789701461791992e-01
6.198140621185302734e+00 6.856613755226135254e-01 2.792720198631286621e-01
6.168826580047607422e+00 6.889129877090454102e-01 2.416823208332061768e-01
6.119579792022705078e+00 6.944015026092529297e-01 1.762991845607757568e-01
6.082880973815917969e+00 6.985266208648681641e-01 1.246038675308227539e-01
6.067646980285644531e+00 7.002511024475097656e-01 1.021471023559570312e-01
6.026633739471435547e+00 7.049084305763244629e-01 4.050658643245697021e-02
5.992129802703857422e+00 7.088617682456970215e-01 -1.415976881980895996e-02
5.923529148101806641e+00 7.192394733428955078e-01 7.438109815120697021e-02
5.876440048217773438e+00 7.262703776359558105e-01 1.303293406963348389e-01
5.842062473297119141e+00 7.313619256019592285e-01 1.689924001693725586e-01
5.810626983642578125e+00 7.359921336174011230e-01 2.029819190502166748e-01
5.761213779449462891e+00 7.432355284690856934e-01 2.545395493507385254e-01
5.685611248016357422e+00 7.542388439178466797e-01 3.291401267051696777e-01
5.630500316619873047e+00 7.621788382530212402e-01 3.790758848190307617e-01
5.609138488769531250e+00 7.652358412742614746e-01 3.972738981246948242e-01
5.565230369567871094e+00 7.715039849281311035e-01 4.338003993034362793e-01
5.499666213989257812e+00 7.808179259300231934e-01 4.857196211814880371e-01
5.459195613861083984e+00 7.865274548530578613e-01 5.154640674591064453e-01
5.371210098266601562e+00 7.988906502723693848e-01 5.771965384483337402e-01
5.331060886383056641e+00 8.044856786727905273e-01 6.025835275650024414e-01
5.269033432006835938e+00 8.130995631217956543e-01 6.399520635604858398e-01
5.223349571228027344e+00 8.194109797477722168e-01 6.654338240623474121e-01
5.169825077056884766e+00 8.267788290977478027e-01 6.935930848121643066e-01
5.118366241455078125e+00 8.338335752487182617e-01 7.188104391098022461e-01
5.035672187805175781e+00 8.451281189918518066e-01 7.565531730651855469e-01
4.980877399444580078e+00 8.525691032409667969e-01 7.786932587623596191e-01
4.937847614288330078e+00 8.583914041519165039e-01 7.946389317512512207e-01
4.880733966827392578e+00 8.660984039306640625e-01 8.143346309661865234e-01
4.836512565612792969e+00 8.720448017120361328e-01 8.281025886535644531e-01
4.773848533630371094e+00 8.804492354393005371e-01 8.460180759429931641e-01
4.686941623687744141e+00 8.920632600784301758e-01 8.677819967269897461e-01
4.631668567657470703e+00 8.994145989418029785e-01 8.789609670639038086e-01
4.574798583984375000e+00 9.069564342498779297e-01 8.887541890144348145e-01
4.494665145874023438e+00 9.175528287887573242e-01 9.001053571701049805e-01
4.449142932891845703e+00 9.235488176345825195e-01 9.046168923377990723e-01
4.393653869628906250e+00 9.308419227600097656e-01 9.087882041931152344e-01
4.343093872070312500e+00 9.374702572822570801e-01 9.111220240592956543e-01
4.248957157135009766e+00 9.497836232185363770e-01 9.129897952079772949e-01
4.199308872222900391e+00 9.562512040138244629e-01 9.115510582923889160e-01
4.161363124847412109e+00 9.611841440200805664e-01 9.094754457473754883e-01
4.072160243988037109e+00 9.727625250816345215e-01 9.028406143188476562e-01
4.021425724029541016e+00 9.793243408203125000e-01 8.967154026031494141e-01
3.940687894821166992e+00 9.897463321685791016e-01 8.848258256912231445e-01
3.873886108398437500e+00 9.983432888984680176e-01 8.721491098403930664e-01
3.828090667724609375e+00 1.004222631454467773e+00 8.618290424346923828e-01
3.760446786880493164e+00 1.012892842292785645e+00 8.449155688285827637e-01
3.732301950454711914e+00 1.016491889953613281e+00 8.368401527404785156e-01
3.646960496902465820e+00 1.027394652366638184e+00 8.110247254371643066e-01
3.577052831649780273e+00 1.036300420761108398e+00 7.865355014801025391e-01
3.529332399368286133e+00 1.042366147041320801e+00 7.679002881050109863e-01
3.464938640594482422e+00 1.050539135932922363e+00 7.409449219703674316e-01
3.391201019287109375e+00 1.059879779815673828e+00 7.072222828865051270e-01
3.365314245223999023e+00 1.063151836395263672e+00 6.942002773284912109e-01
3.311384439468383789e+00 1.069963455200195312e+00 6.661802530288696289e-01
3.225883245468139648e+00 1.080746531486511230e+00 6.187592148780822754e-01
3.162669658660888672e+00 1.088700056076049805e+00 5.800575613975524902e-01
3.104848623275756836e+00 1.095963239669799805e+00 5.420703291893005371e-01
3.058320522308349609e+00 1.101799368858337402e+00 5.095154047012329102e-01
2.994593620300292969e+00 1.109784007072448730e+00 4.626462161540985107e-01
2.945848464965820312e+00 1.115882515907287598e+00 4.243051707744598389e-01
2.918463706970214844e+00 1.119305014610290527e+00 4.016393125057220459e-01
2.836431980133056641e+00 1.129551291465759277e+00 3.317727446556091309e-01
2.808577537536621094e+00 1.133024692535400391e+00 3.059567809104919434e-01
2.754708766937255859e+00 1.139738798141479492e+00 2.545596957206726074e-01
2.697773933410644531e+00 1.146828889846801758e+00 1.971083134412765503e-01
2.651363134384155273e+00 1.152603745460510254e+00 1.473991274833679199e-01
2.602547883987426758e+00 1.158674716949462891e+00 9.247185289859771729e-02
2.560811996459960938e+00 1.163863062858581543e+00 4.297427088022232056e-02
2.509556531906127930e+00 1.170233249664306641e+00 -2.066446840763092041e-02
2.466844081878662109e+00 1.176717400550842285e+00 2.531366050243377686e-02
2.390990495681762695e+00 1.188171744346618652e+00 1.032167449593544006e-01
2.319940328598022461e+00 1.198807120323181152e+00 1.703912019729614258e-01
2.256577491760253906e+00 1.208221316337585449e+00 2.258982956409454346e-01
2.198339939117431641e+00 1.216821074485778809e+00 2.735861539840698242e-01
2.156701087951660156e+00 1.222937464714050293e+00 3.056327998638153076e-01
2.079005002975463867e+00 1.234309673309326172e+00 3.628350198268890381e-01
2.037996292114257812e+00 1.240274071693420410e+00 3.905905187129974365e-01
1.985743761062622070e+00 1.247849941253662109e+00 4.244078397750854492e-01
1.888699173927307129e+00 1.261865973472595215e+00 4.836759865283966064e-01
1.823873877525329590e+00 1.271165251731872559e+00 5.190854668617248535e-01
1.748491525650024414e+00 1.281933188438415527e+00 5.571986436843872070e-01
1.690458416938781738e+00 1.290184020996093750e+00 5.839084982872009277e-01
1.646897196769714355e+00 1.296355962753295898e+00 6.024945974349975586e-01
1.539258599281311035e+00 1.311568737030029297e+00 6.457788348197937012e-01
1.481589436531066895e+00 1.319670796394348145e+00 6.655749082565307617e-01
1.400487661361694336e+00 1.331030607223510742e+00 6.909542679786682129e-01
1.330918312072753906e+00 1.340735197067260742e+00 7.098271846771240234e-01
1.286327242851257324e+00 1.346934437751770020e+00 7.203708291053771973e-01
1.226781725883483887e+00 1.355195403099060059e+00 7.331445217132568359e-01
1.148229002952575684e+00 1.366063594818115234e+00 7.477242350578308105e-01
1.079903960227966309e+00 1.375483632087707520e+00 7.578386068344116211e-01
9.976907372474670410e-01 1.386785149574279785e+00 7.673612236976623535e-01
9.110695719718933105e-01 1.398651599884033203e+00 7.740764617919921875e-01
8.105432987213134766e-01 1.412374734878540039e+00 7.778537869453430176e-01
7.383754849433898926e-01 1.422187924385070801e+00 7.772445678710937500e-01
6.730557680130004883e-01 1.431045770645141602e+00 7.745421528816223145e-01
6.399013996124267578e-01 1.435530900955200195e+00 7.721821069717407227e-01
5.465479493141174316e-01 1.448144793510437012e+00 7.641212344169616699e-01
4.519342780113220215e-01 1.460886597633361816e+00 7.519029378890991211e-01
4.105057418346405029e-01 1.466447710990905762e+00 7.447413802146911621e-01
2.965260148048400879e-01 1.481726408004760742e+00 7.228325605392456055e-01
2.160546630620956421e-01 1.492472887039184570e+00 7.030388116836547852e-01
1.754122227430343628e-01 1.497886538505554199e+00 6.914661526679992676e-01
8.163344860076904297e-02 1.510362386703491211e+00 6.628946661949157715e-01
4.116169363260269165e-02 1.515731096267700195e+00 6.486744284629821777e-01
-6.267026811838150024e-02 1.529488325119018555e+00 6.100463271141052246e-01
-9.611670672893524170e-02 1.533906340599060059e+00 5.957933664321899414e-01
-1.749210059642791748e-01 1.544306039810180664e+00 5.607914924621582031e-01
-2.771752178668975830e-01 1.557770967483520508e+00 5.109434723854064941e-01
-3.470129370689392090e-01 1.566941857337951660e+00 4.728079438209533691e-01
-4.120619595050811768e-01 1.575468540191650391e+00 4.345526099205017090e-01
-4.713087677955627441e-01 1.583222150802612305e+00 3.972925245761871338e-01
-5.492357611656188965e-01 1.593405961990356445e+00 3.452670574188232422e-01
-6.206485033035278320e-01 1.602721691131591797e+00 2.937832176685333252e-01
-6.957677006721496582e-01 1.612505674362182617e+00 2.357367277145385742e-01
-7.555663585662841797e-01 1.620282173156738281e+00 1.860658228397369385e-01
-8.135260939598083496e-01 1.627811074256896973e+00 1.350717097520828247e-01
-8.701370358467102051e-01 1.635157346725463867e+00 8.240075409412384033e-02
-9.247874021530151367e-01 1.642242908477783203e+00 2.868080139160156250e-02
-9.624556899070739746e-01 1.647122979164123535e+00 -1.038653403520584106e-02
-1.032877087593078613e+00 1.657294273376464844e+00 5.804200470447540283e-02
-1.139385104179382324e+00 1.672611117362976074e+00 1.542289108037948608e-01
-1.211180329322814941e+00 1.682874560356140137e+00 2.123381644487380981e-01
-1.274519681930541992e+00 1.691896319389343262e+00 2.600059211254119873e-01
-1.339954733848571777e+00 1.701188564300537109e+00 3.061881959438323975e-01
-1.391912698745727539e+00 1.708545446395874023e+00 3.404878377914428711e-01
-1.489427685737609863e+00 1.722322463989257812e+00 4.015043675899505615e-01
-1.575857877731323242e+00 1.734485745429992676e+00 4.502812623977661133e-01
-1.662104487419128418e+00 1.746584177017211914e+00 4.945650398731231689e-01
-1.775206327438354492e+00 1.762401938438415527e+00 5.471979975700378418e-01
-1.804509162902832031e+00 1.766484856605529785e+00 5.590825676918029785e-01
-1.918139696121215820e+00 1.782303452491760254e+00 6.034824252128601074e-01
-1.994701743125915527e+00 1.792925715446472168e+00 6.291065812110900879e-01
-2.126338005065917969e+00 1.811149954795837402e+00 6.683938503265380859e-01
-2.206483364105224609e+00 1.822207093238830566e+00 6.874873042106628418e-01
-2.266130208969116211e+00 1.830420017242431641e+00 6.995843052864074707e-01
-2.397106647491455078e+00 1.848429560661315918e+00 7.227574586868286133e-01
-2.453127145767211914e+00 1.856109976768493652e+00 7.295436263084411621e-01
-2.519518613815307617e+00 1.865201711654663086e+00 7.360301017761230469e-01
-2.640186548233032227e+00 1.881704330444335938e+00 7.444950342178344727e-01
-2.708362102508544922e+00 1.891006827354431152e+00 7.458964586257934570e-01
-2.831557989120483398e+00 1.907796740531921387e+00 7.449992299079895020e-01
-2.946835041046142578e+00 1.923475384712219238e+00 7.383785843849182129e-01
-3.028660535812377930e+00 1.934585094451904297e+00 7.298333048820495605e-01
-3.083512067794799805e+00 1.942024350166320801e+00 7.222627997398376465e-01
-3.178158521652221680e+00 1.954851984977722168e+00 7.070527672767639160e-01
-3.253938913345336914e+00 1.965111494064331055e+00 6.918841600418090820e-01
-3.362133026123046875e+00 1.979748010635375977e+00 6.667591333389282227e-01
-3.439761161804199219e+00 1.990239262580871582e+00 6.451199054718017578e-01
-3.560732364654541016e+00 2.006579160690307617e+00 6.072621345520019531e-01
-3.666297197341918945e+00 2.020827770233154297e+00 5.684567689895629883e-01
-3.758824586868286133e+00 2.033312082290649414e+00 5.298576951026916504e-01
-3.798541307449340820e+00 2.038670301437377930e+00 5.114941596984863281e-01
-3.906301021575927734e+00 2.053208589553833008e+00 4.595075547695159912e-01
-3.989418268203735352e+00 2.064424514770507812e+00 4.147519469261169434e-01
-4.062470436096191406e+00 2.074286460876464844e+00 3.720873594284057617e-01
-4.164286613464355469e+00 2.088039159774780273e+00 3.083493113517761230e-01
-4.242894172668457031e+00 2.098668336868286133e+00 2.542904317378997803e-01
-4.345843315124511719e+00 2.112605333328247070e+00 1.782444715499877930e-01
-4.440804958343505859e+00 2.125485897064208984e+00 1.013101190328598022e-01
-4.491466045379638672e+00 2.132373809814453125e+00 5.661535263061523438e-02
-4.584929943084716797e+00 2.145101308822631836e+00 -2.973335236310958862e-02
-4.632318496704101562e+00 2.151685714721679688e+00 1.006625220179557800e-02
-4.780782699584960938e+00 2.172326087951660156e+00 1.291489005088806152e-01
-4.820740699768066406e+00 2.177890300750732422e+00 1.568629145622253418e-01
-4.922785282135009766e+00 2.192105770111083984e+00 2.249630540609359741e-01
-5.017810821533203125e+00 2.205355882644653320e+00 2.823342084884643555e-01
-5.138958454132080078e+00 2.222262859344482422e+00 3.488312959671020508e-01
-5.267081260681152344e+00 2.240162134170532227e+00 4.108102321624755859e-01
-5.415278911590576172e+00 2.260889291763305664e+00 4.730174541473388672e-01
-5.510678291320800781e+00 2.274249792098999023e+00 5.064732432365417480e-01
-5.587170124053955078e+00 2.284972429275512695e+00 5.300828814506530762e-01
-5.720680236816406250e+00 2.303702354431152344e+00 5.669361352920532227e-01
-5.842507839202880859e+00 2.320817708969116211e+00 5.938433408737182617e-01
-5.980087280273437500e+00 2.340173482894897461e+00 6.175439953804016113e-01
-6.091789245605468750e+00 2.355916023254394531e+00 6.308249235153198242e-01
-6.196495056152343750e+00 2.370695829391479492e+00 6.388304829597473145e-01
-6.327692985534667969e+00 2.389244794845581055e+00 6.437078714370727539e-01
-6.457142353057861328e+00 2.407586336135864258e+00 6.422043442726135254e-01
-6.519472599029541016e+00 2.416438817977905273e+00 6.384912133216857910e-01
-6.648488998413085938e+00 2.434785842895507812e+00 6.278182864189147949e-01
-6.818332672119140625e+00 2.459005594253540039e+00 6.056007146835327148e-01
-6.955880165100097656e+00 2.478699445724487305e+00 5.787929296493530273e-01
-7.034404754638671875e+00 2.489984989166259766e+00 5.593149065971374512e-01
-7.210133552551269531e+00 2.515301465988159180e+00 5.102587938308715820e-01
-7.256505966186523438e+00 2.522021055221557617e+00 4.940001666545867920e-01
-7.394255638122558594e+00 2.542016983032226562e+00 4.429962038993835449e-01
-7.507705211639404297e+00 2.558577060699462891e+00 3.941951692104339600e-01
-7.673931598663330078e+00 2.582967281341552734e+00 3.140565752983093262e-01
-7.728630065917968750e+00 2.591062068939208984e+00 2.832655310630798340e-01
-7.856710433959960938e+00 2.610078811645507812e+00 2.075103223323822021e-01
-7.940924644470214844e+00 2.622686147689819336e+00 1.518003642559051514e-01
-8.076357841491699219e+00 2.643087625503540039e+00 5.547077953815460205e-02
-8.207542419433593750e+00 2.663071155548095703e+00 -4.916314035654067993e-02
-8.281644821166992188e+00 2.674248456954956055e+00 4.340495914220809937e-03
-8.472865104675292969e+00 2.703236103057861328e+00 1.329665333032608032e-01
-8.629004478454589844e+00 2.727182626724243164e+00 2.200468778610229492e-01
-8.678771018981933594e+00 2.734879732131958008e+00 2.437225878238677979e-01
-8.913402557373046875e+00 2.771262407302856445e+00 3.496490418910980225e-01
-9.008798599243164062e+00 2.786224842071533203e+00 3.824711143970489502e-01
-9.160099983215332031e+00 2.810062885284423828e+00 4.284489750862121582e-01
-9.380794525146484375e+00 2.845079421997070312e+00 4.820374250411987305e-01
-9.563849449157714844e+00 2.874419450759887695e+00 5.110315084457397461e-01
-9.692585945129394531e+00 2.895231008529663086e+00 5.228008031845092773e-01
-9.816450119018554688e+00 2.915380716323852539e+00 5.284194946289062500e-01
-1.011069297790527344e+01 2.963545083999633789e+00 5.288653969764709473e-01
-1.026067447662353516e+01 2.988470554351806641e+00 5.136181116104125977e-01
-1.037140655517578125e+01 3.007031917572021484e+00 4.964665472507476807e-01
-1.057709884643554688e+01 3.041744947433471680e+00 4.563916921615600586e-01
-1.068522262573242188e+01 3.060235738754272461e+00 4.271320402622222900e-01
-1.089965534210205078e+01 3.097191095352172852e+00 3.602180182933807373e-01
-1.109302902221679688e+01 3.131067752838134766e+00 2.833544015884399414e-01
-1.125727462768554688e+01 3.160330772399902344e+00 2.044473141431808472e-01
-1.137851333618164062e+01 3.182287216186523438e+00 1.369259804487228394e-01
-1.160796737670898438e+01 3.224411249160766602e+00 -4.923328757286071777e-03
-1.170080757141113281e+01 3.241957187652587891e+00 -7.420434057712554932e-02
-1.196482276916503906e+01 3.290340900421142578e+00 1.133362203836441040e-01
-1.214312362670898438e+01 3.323983192443847656e+00 2.109485715627670288e-01
-1.242114639282226562e+01 3.377314567565917969e+00 3.376981019973754883e-01
-1.263833808898925781e+01 3.419945240020751953e+00 4.094086289405822754e-01
-1.300241947174072266e+01 3.492609024047851562e+00 4.976424872875213623e-01
-1.323921012878417969e+01 3.541138410568237305e+00 5.229985117912292480e-01
-1.343339157104492188e+01 3.581640481948852539e+00 5.276260375976562500e-01
-1.372648334503173828e+01 3.643693447113037109e+00 5.149002671241760254e-01
-1.412090110778808594e+01 3.729177713394165039e+00 4.577652812004089355e-01
-1.434324169158935547e+01 3.779047966003417969e+00 3.942798376083374023e-01
-1.471810722351074219e+01 3.865045309066772461e+00 2.551798820495605469e-01
-1.495231914520263672e+01 3.921127796173095703e+00 1.312893331050872803e-01
-1.526574134826660156e+01 3.998710393905639648e+00 -7.068538665771484375e-02
-1.556774616241455078e+01 4.077582836151123047e+00 -3.206349015235900879e-01
-1.592722511291503906e+01 4.172231197357177734e+00 -1.397171467542648315e-01
-1.663759231567382812e+01 4.366283416748046875e+00 9.865634143352508545e-02
-1.727339744567871094e+01 4.550868511199951172e+00 1.408976018428802490e-01
-1.803469276428222656e+01 4.784167766571044922e+00 2.635745704174041748e-02
-1.831881904602050781e+01 4.877969741821289062e+00 -9.455941617488861084e-02
-2.199979972839355469e+01 6.389886856079101562e+00 5.354506969451904297e-01
-2.592701530456542969e+01 8.345081329345703125e+00 -3.165116071701049805e+00
-2.516190528869628906e+01 8.525430679321289062e+00 -7.572196006774902344e+00
3.551867675781250000e+02 -2.967817382812500000e+02 -3.554522705078125000e+02
1.952373145600000000e+11 -2.347273912320000000e+11 -1.910440099840000000e+11
2.695352585585527095e+22 -6.023688350597791089e+22 5.454930555097022097e+22
5.612882152308048344e+22 -1.254390666659250863e+23 1.135950860347004378e+23
1.044229919832029025e+23 -2.333689306141681013e+23 2.113341867317309850e+23
1.266406450609060441e+23 -2.830218911250637274e+23 2.562989000305339248e+23
1.593239881326741128e+23 -3.560640260847303823e+23 3.224443666360334780e+23
2.063318764960239898e+23 -4.611192423908228098e+23 4.175802426332558026e+23
2.433418097154083846e+23 -5.438306237648524290e+23 4.924819859366577732e+23
2.872509152903526990e+23 -6.419605288231476784e+23 5.813464733519771158e+23
3.129181725602343100e+23 -6.993227691905746291e+23 6.332925767211372511e+23
3.596337232645723133e+23 -8.037246392915251639e+23 7.278368238425111685e+23
3.813836234777775005e+23 -8.523322422713140600e+23 7.718549345428363584e+23
4.254096605134468625e+23 -9.507235002231848740e+23 8.609560951257732754e+23
4.511353745064917425e+23 -1.008216381008602588e+24 9.130205170643436883e+23
4.926473220861777989e+23 -1.100989020122960009e+24 9.970335468170744378e+23
5.426955004859729503e+23 -1.212838835201264813e+24 1.098322456797992448e+24
5.604696229481354636e+23 -1.252561160375424891e+24 1.134294256260072415e+24
6.140843279936348771e+23 -1.372381554160641056e+24 1.242801247493363704e+24
6.351326394424897789e+23 -1.419421183894164641e+24 1.285399391245577486e+24
6.643079666349123830e+23 -1.484623362550512189e+24 1.344445113182512547e+24
7.141807568508192178e+23 -1.596081184317250665e+24 1.445379067455199724e+24
