2.332581710815429688e+01 -2.585351169109344482e-01 3.028441965579986572e-01
2.317769622802734375e+01 -2.792414128780364990e-01 3.975754380226135254e-01
2.306066513061523438e+01 -2.956451773643493652e-01 4.716508388519287109e-01
2.294829177856445312e+01 -3.114281594753265381e-01 5.421832799911499023e-01
2.275292587280273438e+01 -3.389203250408172607e-01 6.638033390045166016e-01
2.259922218322753906e+01 -3.606210947036743164e-01 7.580928802490234375e-01
2.246387863159179688e+01 -3.797772526741027832e-01 8.401350975036621094e-01
2.240708732604980469e+01 -3.878324627876281738e-01 8.741918206214904785e-01
2.218394660949707031e+01 -4.195093810558319092e-01 1.007388830184936523e+00
2.212186622619628906e+01 -4.283520877361297607e-01 1.043763399124145508e+00
2.199960136413574219e+01 -4.457827210426330566e-01 1.115021586418151855e+00
2.185651206970214844e+01 -4.662174880504608154e-01 1.197533965110778809e+00
2.172221755981445312e+01 -4.854337871074676514e-01 1.273990154266357422e+00
2.157851219177246094e+01 -5.060332417488098145e-01 1.354800939559936523e+00
2.145566177368164062e+01 -5.236754417419433594e-01 1.422952413558959961e+00
2.136840820312500000e+01 -5.362246036529541016e-01 1.470782995223999023e+00
2.123250007629394531e+01 -5.557914376258850098e-01 1.544642686843872070e+00
2.106296157836914062e+01 -5.802384614944458008e-01 1.635516643524169922e+00
2.099205017089843750e+01 -5.904827713966369629e-01 1.672855138778686523e+00
2.082337379455566406e+01 -6.148687601089477539e-01 1.760996937751770020e+00
2.069646453857421875e+01 -6.332477331161499023e-01 1.826087594032287598e+00
2.057699203491210938e+01 -6.505705714225769043e-01 1.886481761932373047e+00
2.045925140380859375e+01 -6.676605343818664551e-01 1.945169925689697266e+00
2.038651657104492188e+01 -6.782286763191223145e-01 1.980913162231445312e+00
2.025375747680664062e+01 -6.975291967391967773e-01 2.045568943023681641e+00
2.013276481628417969e+01 -7.151375412940979004e-01 2.103512525558471680e+00
1.997284698486328125e+01 -7.384312152862548828e-01 2.178896903991699219e+00
1.991485786437988281e+01 -7.468871474266052246e-01 2.205647945404052734e+00
1.974519920349121094e+01 -7.716354727745056152e-01 2.283286333084106445e+00
1.963809776306152344e+01 -7.872740626335144043e-01 2.331123590469360352e+00
1.953566360473632812e+01 -8.022391200065612793e-01 2.376156091690063477e+00
1.943110275268554688e+01 -8.175218105316162109e-01 2.421412467956542969e+00
1.933732223510742188e+01 -8.312342762947082520e-01 2.461343526840209961e+00
1.926042938232421875e+01 -8.424810171127319336e-01 2.493594169616699219e+00
1.911872291564941406e+01 -8.632122874259948730e-01 2.552281379699707031e+00
1.905025482177734375e+01 -8.732321858406066895e-01 2.579962253570556641e+00
1.890209960937500000e+01 -8.949166536331176758e-01 2.639147281646728516e+00
1.878289031982421875e+01 -9.123677015304565430e-01 2.685510158538818359e+00
1.869606971740722656e+01 -9.250781536102294922e-01 2.718527555465698242e+00
1.861380958557128906e+01 -9.371208548545837402e-01 2.749287843704223633e+00
1.846084976196289062e+01 -9.595122337341308594e-01 2.805553913116455078e+00
1.834472846984863281e+01 -9.765080809593200684e-01 2.846936702728271484e+00
1.825801849365234375e+01 -9.891960620880126953e-01 2.877070188522338867e+00
1.816039466857910156e+01 -1.003477811813354492e+00 2.910343885421752930e+00
1.807113456726074219e+01 -1.016532182693481445e+00 2.940087795257568359e+00
1.794959068298339844e+01 -1.034302115440368652e+00 2.979733943939208984e+00
1.787772178649902344e+01 -1.044803857803344727e+00 3.002478599548339844e+00
1.775635719299316406e+01 -1.062531948089599609e+00 3.040183305740356445e+00
1.767655754089355469e+01 -1.074180841445922852e+00 3.064183235168457031e+00
1.755533027648925781e+01 -1.091868281364440918e+00 3.099841594696044922e+00
1.746910858154296875e+01 -1.104438185691833496e+00 3.124327659606933594e+00
1.739015579223632812e+01 -1.115940928459167480e+00 3.146171808242797852e+00
1.729000091552734375e+01 -1.130523443222045898e+00 3.173204660415649414e+00
1.715859222412109375e+01 -1.149640321731567383e+00 3.207533121109008789e+00
1.710566520690917969e+01 -1.157330751419067383e+00 3.220748186111450195e+00
1.700139999389648438e+01 -1.172473192214965820e+00 3.246291875839233398e+00
1.687428474426269531e+01 -1.190914392471313477e+00 3.276244401931762695e+00
1.683268737792968750e+01 -1.196940779685974121e+00 3.285564899444580078e+00
1.674117660522460938e+01 -1.210191845893859863e+00 3.305718898773193359e+00
1.661935615539550781e+01 -1.227812647819519043e+00 3.331514596939086914e+00
1.648660850524902344e+01 -1.246984720230102539e+00 3.358104467391967773e+00
1.646105766296386719e+01 -1.250668406486511230e+00 3.362898588180541992e+00
1.630829048156738281e+01 -1.272685170173645020e+00 3.391186237335205078e+00
1.624219703674316406e+01 -1.282189965248107910e+00 3.402440071105957031e+00
1.618583106994628906e+01 -1.290287852287292480e+00 3.411669492721557617e+00
1.604434585571289062e+01 -1.310596466064453125e+00 3.434042215347290039e+00
1.601131820678710938e+01 -1.315326690673828125e+00 3.438793659210205078e+00
1.589020633697509766e+01 -1.332662820816040039e+00 3.455809116363525391e+00
1.579533672332763672e+01 -1.346215248107910156e+00 3.467954874038696289e+00
1.570426464080810547e+01 -1.359203815460205078e+00 3.478713035583496094e+00
1.564844036102294922e+01 -1.367152571678161621e+00 3.484770536422729492e+00
1.556020259857177734e+01 -1.379704117774963379e+00 3.493820667266845703e+00
1.543511962890625000e+01 -1.397467970848083496e+00 3.505462884902954102e+00
1.538376235961914062e+01 -1.404744505882263184e+00 3.509542465209960938e+00
1.528779220581054688e+01 -1.418328762054443359e+00 3.516622781753540039e+00
1.520942974090576172e+01 -1.429400205612182617e+00 3.521567106246948242e+00
1.514369869232177734e+01 -1.438673019409179688e+00 3.525134801864624023e+00
1.504577732086181641e+01 -1.452469229698181152e+00 3.529718637466430664e+00
1.498727703094482422e+01 -1.460695505142211914e+00 3.531799554824829102e+00
1.489821052551269531e+01 -1.473205685615539551e+00 3.534363508224487305e+00
1.477232933044433594e+01 -1.490855813026428223e+00 3.536674499511718750e+00
1.468563556671142578e+01 -1.502981066703796387e+00 3.536969900131225586e+00
1.466328239440917969e+01 -1.506102204322814941e+00 3.536812782287597656e+00
1.456396198272705078e+01 -1.519964218139648438e+00 3.535845279693603516e+00
1.444540023803710938e+01 -1.536479949951171875e+00 3.533250331878662109e+00
1.438015079498291016e+01 -1.545548796653747559e+00 3.530862331390380859e+00
1.434598636627197266e+01 -1.550291538238525391e+00 3.529331922531127930e+00
1.426173686981201172e+01 -1.561979889869689941e+00 3.525194168090820312e+00
1.414487266540527344e+01 -1.578168511390686035e+00 3.518199682235717773e+00
1.407128906250000000e+01 -1.588340759277343750e+00 3.512684106826782227e+00
1.398263549804687500e+01 -1.600581288337707520e+00 3.505184888839721680e+00
1.391368770599365234e+01 -1.610087275505065918e+00 3.498543024063110352e+00
1.382652854919433594e+01 -1.622091531753540039e+00 3.489342212677001953e+00
1.377540016174316406e+01 -1.629124283790588379e+00 3.483341693878173828e+00
1.371715641021728516e+01 -1.637129783630371094e+00 3.476099014282226562e+00
1.365037059783935547e+01 -1.646302223205566406e+00 3.467258214950561523e+00
1.358360958099365234e+01 -1.655463337898254395e+00 3.457800626754760742e+00
1.350258731842041016e+01 -1.666572093963623047e+00 3.445563554763793945e+00
1.340132999420166016e+01 -1.680442094802856445e+00 3.429105758666992188e+00
1.333972549438476562e+01 -1.688871264457702637e+00 3.418195486068725586e+00
1.324480533599853516e+01 -1.701850891113281250e+00 3.400533676147460938e+00
1.319947910308837891e+01 -1.708043456077575684e+00 3.391465902328491211e+00
1.312611770629882812e+01 -1.718062639236450195e+00 3.376294612884521484e+00
1.303995895385742188e+01 -1.729822874069213867e+00 3.357527256011962891e+00
1.295095634460449219e+01 -1.741964101791381836e+00 3.336974143981933594e+00
1.290006923675537109e+01 -1.748902082443237305e+00 3.324524879455566406e+00
1.285015869140625000e+01 -1.755705237388610840e+00 3.311918735504150391e+00
1.277138614654541016e+01 -1.766440033912658691e+00 3.291405439376831055e+00
1.267257881164550781e+01 -1.779900789260864258e+00 3.264440298080444336e+00
1.261037635803222656e+01 -1.788372159004211426e+00 3.246476173400878906e+00
1.258393001556396484e+01 -1.791973471641540527e+00 3.238570213317871094e+00
1.250359916687011719e+01 -1.802911996841430664e+00 3.214207887649536133e+00
1.241673564910888672e+01 -1.814738869667053223e+00 3.186709642410278320e+00
1.234211349487304688e+01 -1.824898719787597656e+00 3.161999464035034180e+00
1.230813884735107422e+01 -1.829524517059326172e+00 3.150318384170532227e+00
1.222026538848876953e+01 -1.841489434242248535e+00 3.119594097137451172e+00
1.215141677856445312e+01 -1.850865244865417480e+00 3.094474077224731445e+00
1.210868549346923828e+01 -1.856685280799865723e+00 3.078367233276367188e+00
1.202622795104980469e+01 -1.867917656898498535e+00 3.046662569046020508e+00
1.198371696472167969e+01 -1.873710155487060547e+00 3.029690265655517578e+00
1.188250255584716797e+01 -1.887503623962402344e+00 2.988503694534301758e+00
1.185006999969482422e+01 -1.891925454139709473e+00 2.974705696105957031e+00
1.178216361999511719e+01 -1.901185393333435059e+00 2.945408582687377930e+00
1.168519783020019531e+01 -1.914412975311279297e+00 2.902346134185791016e+00
1.164093112945556641e+01 -1.920455098152160645e+00 2.881875514984130859e+00
1.156363677978515625e+01 -1.931008577346801758e+00 2.845476150512695312e+00
1.150279521942138672e+01 -1.939320206642150879e+00 2.815914869308471680e+00
1.146546363830566406e+01 -1.944422364234924316e+00 2.797332286834716797e+00
1.140231037139892578e+01 -1.953056216239929199e+00 2.765430688858032227e+00
1.131616878509521484e+01 -1.964838981628417969e+00 2.720833539962768555e+00
1.127537441253662109e+01 -1.970423102378845215e+00 2.699004650115966797e+00
1.120419979095458984e+01 -1.980169415473937988e+00 2.660327196121215820e+00
1.112490653991699219e+01 -1.991034865379333496e+00 2.616075038909912109e+00
1.109091663360595703e+01 -1.995696067810058594e+00 2.596543073654174805e+00
1.102737998962402344e+01 -2.004411935806274414e+00 2.559577703475952148e+00
1.096887588500976562e+01 -2.012442827224731445e+00 2.524749279022216797e+00
1.088870239257812500e+01 -2.023455142974853516e+00 2.476012468338012695e+00
1.084960651397705078e+01 -2.028829813003540039e+00 2.451564311981201172e+00
1.078775978088378906e+01 -2.037335872650146484e+00 2.412356615066528320e+00
1.072106742858886719e+01 -2.046514987945556641e+00 2.369161128997802734e+00
1.066488265991210938e+01 -2.054253816604614258e+00 2.331928968429565430e+00
1.061783313751220703e+01 -2.060738801956176758e+00 2.300149679183959961e+00
1.054476356506347656e+01 -2.070815801620483398e+00 2.250007390975952148e+00
1.049911022186279297e+01 -2.077117443084716797e+00 2.217904806137084961e+00
1.043732070922851562e+01 -2.085651159286499023e+00 2.173794507980346680e+00
1.038423633575439453e+01 -2.092988491058349609e+00 2.135121107101440430e+00
1.030942344665527344e+01 -2.103335857391357422e+00 2.079667091369628906e+00
1.026432132720947266e+01 -2.109579801559448242e+00 2.045418262481689453e+00
1.018856048583984375e+01 -2.120074510574340820e+00 1.987050294876098633e+00
1.015501880645751953e+01 -2.124725341796875000e+00 1.960578799247741699e+00
1.008227539062500000e+01 -2.134816408157348633e+00 1.902558207511901855e+00
1.004131317138671875e+01 -2.140504121780395508e+00 1.869131922721862793e+00
9.972775459289550781e+00 -2.150026082992553711e+00 1.812484860420227051e+00
9.928433418273925781e+00 -2.156192064285278320e+00 1.775049328804016113e+00
9.897864341735839844e+00 -2.160445451736450195e+00 1.748886942863464355e+00
9.845174789428710938e+00 -2.167779445648193359e+00 1.703369021415710449e+00
9.762921333312988281e+00 -2.179236650466918945e+00 1.631159782409667969e+00
9.713213920593261719e+00 -2.186168193817138672e+00 1.586421608924865723e+00
9.670186996459960938e+00 -2.192172050476074219e+00 1.547112941741943359e+00
9.618468284606933594e+00 -2.199393033981323242e+00 1.499250411987304688e+00
9.556434631347656250e+00 -2.208059787750244141e+00 1.440951108932495117e+00
9.508799552917480469e+00 -2.214720487594604492e+00 1.395352363586425781e+00
9.471624374389648438e+00 -2.219921827316284180e+00 1.359263420104980469e+00
9.392358779907226562e+00 -2.231017589569091797e+00 1.281467914581298828e+00
9.348239898681640625e+00 -2.237199783325195312e+00 1.237152576446533203e+00
9.299448966979980469e+00 -2.244040489196777344e+00 1.187511205673217773e+00
9.255868911743164062e+00 -2.250154495239257812e+00 1.142539978027343750e+00
9.186591148376464844e+00 -2.259878873825073242e+00 1.070146560668945312e+00
9.173907279968261719e+00 -2.261660814285278320e+00 1.056625485420227051e+00
9.096508979797363281e+00 -2.272536277770996094e+00 9.738195538520812988e-01
9.035719871520996094e+00 -2.281085968017578125e+00 9.073303341865539551e-01
9.001895904541015625e+00 -2.285846710205078125e+00 8.696898221969604492e-01
8.952771186828613281e+00 -2.292763471603393555e+00 8.144969344139099121e-01
8.896179199218750000e+00 -2.300736427307128906e+00 7.500257492065429688e-01
8.877501487731933594e+00 -2.303369522094726562e+00 7.284063696861267090e-01
8.825604438781738281e+00 -2.310687065124511719e+00 6.680192947387695312e-01
8.749485015869140625e+00 -2.321426153182983398e+00 5.781490802764892578e-01
8.709002494812011719e+00 -2.327142238616943359e+00 5.293268561363220215e-01
8.649190902709960938e+00 -2.335591077804565430e+00 4.563774168491363525e-01
8.623715400695800781e+00 -2.339191913604736328e+00 4.247859120368957520e-01
8.575243949890136719e+00 -2.346044540405273438e+00 3.642531037330627441e-01
8.520406723022460938e+00 -2.353800773620605469e+00 2.948472499847412109e-01
8.491903305053710938e+00 -2.357834339141845703e+00 2.582212984561920166e-01
8.441658020019531250e+00 -2.364946365356445312e+00 1.931506395339965820e-01
8.374624252319335938e+00 -2.374438762664794922e+00 1.051312610507011414e-01
8.331068992614746094e+00 -2.380609512329101562e+00 4.688138142228126526e-02
8.294073104858398438e+00 -2.385852575302124023e+00 -3.189019858837127686e-03
8.260686874389648438e+00 -2.386924266815185547e+00 4.848759621381759644e-02
8.210658073425292969e+00 -2.388585805892944336e+00 1.227331385016441345e-01
8.184168815612792969e+00 -2.389505147933959961e+00 1.596974730491638184e-01
8.132735252380371094e+00 -2.391326189041137695e+00 2.292481064796447754e-01
8.086705207824707031e+00 -2.393013000488281250e+00 2.878476381301879883e-01
8.043764114379882812e+00 -2.394628286361694336e+00 3.397114872932434082e-01
8.000130653381347656e+00 -2.396304607391357422e+00 3.899299800395965576e-01
7.955852508544921875e+00 -2.398037672042846680e+00 4.384829103946685791e-01
7.901762962341308594e+00 -2.400190114974975586e+00 4.949785768985748291e-01
7.862774848937988281e+00 -2.401769161224365234e+00 5.333607196807861328e-01
7.806045532226562500e+00 -2.404091596603393555e+00 5.868934392929077148e-01
7.760170459747314453e+00 -2.405995845794677734e+00 6.275835633277893066e-01
7.717567920684814453e+00 -2.407780647277832031e+00 6.635232567787170410e-01
7.650839805603027344e+00 -2.410596847534179688e+00 7.172399759292602539e-01
7.630333900451660156e+00 -2.411470651626586914e+00 7.325603961944580078e-01
7.570651054382324219e+00 -2.414019823074340820e+00 7.761374711990356445e-01
7.510346889495849609e+00 -2.416610717773437500e+00 8.172566294670104980e-01
7.441528320312500000e+00 -2.419579744338989258e+00 8.609701991081237793e-01
7.424391269683837891e+00 -2.420321226119995117e+00 8.709809780120849609e-01
7.350741863250732422e+00 -2.423508644104003906e+00 9.131012558937072754e-01
7.315384387969970703e+00 -2.425039529800415039e+00 9.314914345741271973e-01
7.269075870513916016e+00 -2.427043199539184570e+00 9.544667005538940430e-01
7.179476737976074219e+00 -2.430913925170898438e+00 9.961571693420410156e-01
7.125310897827148438e+00 -2.433243513107299805e+00 1.018210768699645996e+00
7.097287178039550781e+00 -2.434443473815917969e+00 1.028668403625488281e+00
7.017932891845703125e+00 -2.437831878662109375e+00 1.056910276412963867e+00
6.984571933746337891e+00 -2.439244031906127930e+00 1.067172527313232422e+00
6.944461345672607422e+00 -2.440934181213378906e+00 1.078713774681091309e+00
6.882221698760986328e+00 -2.443541049957275391e+00 1.095148801803588867e+00
6.808940887451171875e+00 -2.446579217910766602e+00 1.111835002899169922e+00
6.773595333099365234e+00 -2.448024749755859375e+00 1.118389964103698730e+00
6.702562332153320312e+00 -2.450907945632934570e+00 1.130132675170898438e+00
6.664985179901123047e+00 -2.452408552169799805e+00 1.134831309318542480e+00
6.609016418457031250e+00 -2.454622030258178711e+00 1.140645623207092285e+00
6.533731460571289062e+00 -2.457554101943969727e+00 1.146100997924804688e+00
6.470468997955322266e+00 -2.459962368011474609e+00 1.148016691207885742e+00
6.421130657196044922e+00 -2.461800575256347656e+00 1.147763013839721680e+00
6.396635055541992188e+00 -2.462696313858032227e+00 1.146959185600280762e+00
6.304493904113769531e+00 -2.466032743453979492e+00 1.142666578292846680e+00
6.283267021179199219e+00 -2.466771602630615234e+00 1.140571951866149902e+00
6.204587459564208984e+00 -2.469482421875000000e+00 1.131857275962829590e+00
6.150685310363769531e+00 -2.471266269683837891e+00 1.123454570770263672e+00
6.108894348144531250e+00 -2.472606897354125977e+00 1.115630865097045898e+00
6.050664424896240234e+00 -2.474426269531250000e+00 1.103299498558044434e+00
6.017408847808837891e+00 -2.475424528121948242e+00 1.095104336738586426e+00
5.927435874938964844e+00 -2.478058815002441406e+00 1.071125507354736328e+00
5.913055419921875000e+00 -2.478449583053588867e+00 1.066497802734375000e+00
5.825549602508544922e+00 -2.480795383453369141e+00 1.037546038627624512e+00
5.801180839538574219e+00 -2.481392621994018555e+00 1.028120279312133789e+00
5.743940353393554688e+00 -2.482755184173583984e+00 1.005061864852905273e+00
5.678138256072998047e+00 -2.484209299087524414e+00 9.760317206382751465e-01
5.622971057891845703e+00 -2.485312223434448242e+00 9.491839408874511719e-01
5.580513954162597656e+00 -2.486079931259155273e+00 9.268432259559631348e-01
5.553803920745849609e+00 -2.486521005630493164e+00 9.119493365287780762e-01
5.495784759521484375e+00 -2.487418889999389648e+00 8.784205913543701172e-01
5.437492370605468750e+00 -2.488183736801147461e+00 8.420981168746948242e-01
5.375584602355957031e+00 -2.488837480545043945e+00 8.005828857421875000e-01
5.350506305694580078e+00 -2.489028453826904297e+00 7.824367284774780273e-01
5.307855129241943359e+00 -2.489298105239868164e+00 7.506183385848999023e-01
5.262835979461669922e+00 -2.489479541778564453e+00 7.152634859085083008e-01
5.197009086608886719e+00 -2.489574670791625977e+00 6.607146859169006348e-01
5.176964759826660156e+00 -2.489521741867065430e+00 6.427615880966186523e-01
5.116648197174072266e+00 -2.489280223846435547e+00 5.874333381652832031e-01
5.066978931427001953e+00 -2.488867044448852539e+00 5.385039448738098145e-01
5.025028228759765625e+00 -2.488352775573730469e+00 4.946543276309967041e-01
5.007714748382568359e+00 -2.488077402114868164e+00 4.756157696247100830e-01
4.945623874664306641e+00 -2.486989974975585938e+00 4.058703780174255371e-01
4.902359485626220703e+00 -2.485966444015502930e+00 3.534097969532012939e-01
4.868231296539306641e+00 -2.484993696212768555e+00 3.096888363361358643e-01
4.833159446716308594e+00 -2.483846902847290039e+00 2.627133131027221680e-01
4.801932334899902344e+00 -2.482679128646850586e+00 2.188804894685745239e-01
4.758948326110839844e+00 -2.480875730514526367e+00 1.558980345726013184e-01
4.729584693908691406e+00 -2.479441165924072266e+00 1.101743206381797791e-01
4.700334548950195312e+00 -2.477858066558837891e+00 6.260627508163452148e-02
4.665142059326171875e+00 -2.475751161575317383e+00 2.753838896751403809e-03
4.609203815460205078e+00 -2.469059705734252930e+00 7.043233513832092285e-02
4.562325000762939453e+00 -2.463554143905639648e+00 1.237388476729393005e-01
4.506133556365966797e+00 -2.457046747207641602e+00 1.844670027494430542e-01
4.440294742584228516e+00 -2.449538946151733398e+00 2.514603435993194580e-01
4.417439937591552734e+00 -2.446975469589233398e+00 2.731438279151916504e-01
4.331517696380615234e+00 -2.437387466430664062e+00 3.527373671531677246e-01
4.317735671997070312e+00 -2.435877799987792969e+00 3.643916249275207520e-01
4.237474918365478516e+00 -2.427109241485595703e+00 4.312912225723266602e-01
4.165946006774902344e+00 -2.419409751892089844e+00 4.860220849514007568e-01
4.146573066711425781e+00 -2.417348623275756836e+00 4.997442662715911865e-01
4.047726154327392578e+00 -2.406861782073974609e+00 5.683068633079528809e-01
3.992203712463378906e+00 -2.401052236557006836e+00 6.027790307998657227e-01
3.935809850692749023e+00 -2.395190238952636719e+00 6.356262564659118652e-01
3.891527175903320312e+00 -2.390614986419677734e+00 6.597509384155273438e-01
3.846319675445556641e+00 -2.385964155197143555e+00 6.830829977989196777e-01
3.791738748550415039e+00 -2.380371332168579102e+00 7.096927762031555176e-01
3.731960058212280273e+00 -2.374272823333740234e+00 7.368223071098327637e-01
3.644946098327636719e+00 -2.365433454513549805e+00 7.731831073760986328e-01
3.577464580535888672e+00 -2.358614444732666016e+00 7.979470491409301758e-01
3.539235830307006836e+00 -2.354763746261596680e+00 8.105134367942810059e-01
3.463576316833496094e+00 -2.347153186798095703e+00 8.337769508361816406e-01
3.399059772491455078e+00 -2.340678453445434570e+00 8.509381413459777832e-01
3.317910909652709961e+00 -2.332544803619384766e+00 8.697072863578796387e-01
3.293707370758056641e+00 -2.330120801925659180e+00 8.742640614509582520e-01
3.197064638137817383e+00 -2.320441722869873047e+00 8.912351727485656738e-01
3.135432004928588867e+00 -2.314265966415405273e+00 8.989564180374145508e-01
3.076980829238891602e+00 -2.308402061462402344e+00 9.044231176376342773e-01
3.035804748535156250e+00 -2.304264545440673828e+00 9.070395231246948242e-01
2.982769966125488281e+00 -2.298927545547485352e+00 9.092919230461120605e-01
2.883290767669677734e+00 -2.288894414901733398e+00 9.108172059059143066e-01
2.831810235977172852e+00 -2.283676385879516602e+00 9.089793562889099121e-01
2.766010999679565430e+00 -2.276984691619873047e+00 9.048859477043151855e-01
2.692659854888916016e+00 -2.269489288330078125e+00 8.978220224380493164e-01
2.666374683380126953e+00 -2.266786813735961914e+00 8.942821621894836426e-01
2.600959300994873047e+00 -2.260044813156127930e+00 8.845649361610412598e-01
2.529039859771728516e+00 -2.252583980560302734e+00 8.713762760162353516e-01
2.471349000930786133e+00 -2.246551513671875000e+00 8.585519790649414062e-01
2.381923437118530273e+00 -2.237133741378784180e+00 8.358301520347595215e-01
2.352227210998535156e+00 -2.233968496322631836e+00 8.267884254455566406e-01
2.264873743057250977e+00 -2.224615573883056641e+00 7.986935973167419434e-01
2.223239183425903320e+00 -2.220095634460449219e+00 7.831591367721557617e-01
2.185090303421020508e+00 -2.215923309326171875e+00 7.679586410522460938e-01
2.100209474563598633e+00 -2.206573486328125000e+00 7.321270108222961426e-01
2.039599180221557617e+00 -2.199784278869628906e+00 7.032526731491088867e-01
2.009445190429687500e+00 -2.196361303329467773e+00 6.876660585403442383e-01
1.941858887672424316e+00 -2.188634634017944336e+00 6.513239145278930664e-01
1.898585796356201172e+00 -2.183604478836059570e+00 6.259759068489074707e-01
1.842702746391296387e+00 -2.177032947540283203e+00 5.914450883865356445e-01
1.766968011856079102e+00 -2.167984724044799805e+00 5.413821935653686523e-01
1.722409963607788086e+00 -2.162536859512329102e+00 5.091810226440429688e-01
1.689725399017333984e+00 -2.158480405807495117e+00 4.843007922172546387e-01
1.601437211036682129e+00 -2.147394895553588867e+00 4.144931733608245850e-01
1.561425089836120605e+00 -2.142201662063598633e+00 3.794925212860107422e-01
1.537417292594909668e+00 -2.139032840728759766e+00 3.574970364570617676e-01
1.463214635848999023e+00 -2.129133462905883789e+00 2.875860333442687988e-01
1.412001132965087891e+00 -2.122060775756835938e+00 2.349906563758850098e-01
1.382106184959411621e+00 -2.117820978164672852e+00 2.023625373840332031e-01
1.324680566787719727e+00 -2.109539270401000977e+00 1.373698413372039795e-01
1.297354459762573242e+00 -2.105461835861206055e+00 1.041793972253799438e-01
1.260365366935729980e+00 -2.099843502044677734e+00 5.766265466809272766e-02
1.190396428108215332e+00 -2.088942766189575195e+00 -3.465128317475318909e-02
1.176479458808898926e+00 -2.085865974426269531e+00 -2.089424245059490204e-02
1.089910030364990234e+00 -2.066766738891601562e+00 6.344025582075119019e-02
1.048353791236877441e+00 -2.057710886001586914e+00 1.003694906830787659e-01
9.592656493186950684e-01 -2.038398265838623047e+00 1.761795580387115479e-01
9.248427748680114746e-01 -2.031013488769531250e+00 2.028407305479049683e-01
8.559881448745727539e-01 -2.016294717788696289e+00 2.542768716812133789e-01
7.548579573631286621e-01 -1.994822025299072266e+00 3.244682550430297852e-01
6.809583902359008789e-01 -1.979270935058593750e+00 3.703604936599731445e-01
6.126918196678161621e-01 -1.964986562728881836e+00 4.093516170978546143e-01
5.774241089820861816e-01 -1.957641839981079102e+00 4.279451370239257812e-01
5.166886448860168457e-01 -1.945021271705627441e+00 4.586344957351684570e-01
4.039065837860107422e-01 -1.921669960021972656e+00 5.114611983299255371e-01
3.646073043346405029e-01 -1.913582324981689453e+00 5.272736549377441406e-01
2.848637998104095459e-01 -1.897200226783752441e+00 5.576014518737792969e-01
2.149527668952941895e-01 -1.882885575294494629e+00 5.811213254928588867e-01
1.039449498057365417e-01 -1.860212802886962891e+00 6.143108606338500977e-01
3.384900838136672974e-02 -1.845945000648498535e+00 6.311990022659301758e-01
-1.478643342852592468e-02 -1.836061716079711914e+00 6.411795020103454590e-01
-1.082570105791091919e-01 -1.817085027694702148e+00 6.580747961997985840e-01
-1.792388409376144409e-01 -1.802695512771606445e+00 6.675986051559448242e-01
-2.367990463972091675e-01 -1.791035294532775879e+00 6.733085513114929199e-01
-2.884921431541442871e-01 -1.780567049980163574e+00 6.769788265228271484e-01
-4.020040631294250488e-01 -1.757582545280456543e+00 6.821715831756591797e-01
-4.698302745819091797e-01 -1.743847012519836426e+00 6.815103888511657715e-01
-5.125885009765625000e-01 -1.735183119773864746e+00 6.796731948852539062e-01
-6.049107909202575684e-01 -1.716465950012207031e+00 6.737653017044067383e-01
-6.954842209815979004e-01 -1.698076725006103516e+00 6.638259887695312500e-01
-7.661274671554565430e-01 -1.683705091476440430e+00 6.528598070144653320e-01
-8.494426012039184570e-01 -1.666720867156982422e+00 6.369212269783020020e-01
-8.916854262351989746e-01 -1.658084750175476074e+00 6.270086765289306641e-01
-9.828750491142272949e-01 -1.639409542083740234e+00 6.035661101341247559e-01
-1.007078051567077637e+00 -1.634432435035705566e+00 5.961486697196960449e-01
-1.112015485763549805e+00 -1.612825393676757812e+00 5.625786185264587402e-01
-1.160635113716125488e+00 -1.602755308151245117e+00 5.441275238990783691e-01
-1.221908688545227051e+00 -1.590022921562194824e+00 5.191148519515991211e-01
-1.320239782333374023e+00 -1.569498896598815918e+00 4.753159880638122559e-01
-1.366727590560913086e+00 -1.559718251228332520e+00 4.517126381397247314e-01
-1.444408297538757324e+00 -1.543303251266479492e+00 4.098635911941528320e-01
-1.519272804260253906e+00 -1.527357697486877441e+00 3.654932379722595215e-01
-1.567164540290832520e+00 -1.517068743705749512e+00 3.344672620296478271e-01
-1.623953461647033691e+00 -1.504792451858520508e+00 2.955581545829772949e-01
-1.693200230598449707e+00 -1.489703536033630371e+00 2.449006885290145874e-01
-1.769953846931457520e+00 -1.472798943519592285e+00 1.841352730989456177e-01
-1.787502169609069824e+00 -1.468881964683532715e+00 1.689766794443130493e-01
-1.850950956344604492e+00 -1.454670906066894531e+00 1.130483299493789673e-01
-1.935601711273193359e+00 -1.435462951660156250e+00 3.279219567775726318e-02
-1.991286635398864746e+00 -1.422576665878295898e+00 -2.546152099967002869e-02
-2.041181564331054688e+00 -1.407315015792846680e+00 1.852149888873100281e-02
-2.085433959960937500e+00 -1.393851280212402344e+00 5.557218566536903381e-02
-2.215409994125366211e+00 -1.354481101036071777e+00 1.595477461814880371e-01
-2.283949613571166992e+00 -1.333969116210937500e+00 2.073476761579513550e-01
-2.359755516052246094e+00 -1.311406612396240234e+00 2.565080523490905762e-01
-2.473216533660888672e+00 -1.277824878692626953e+00 3.242736458778381348e-01
-2.501971960067749023e+00 -1.269378781318664551e+00 3.393695950508117676e-01
-2.602490901947021484e+00 -1.239905118942260742e+00 3.904004991054534912e-01
-2.709293127059936523e+00 -1.208770275115966797e+00 4.383273422718048096e-01
-2.753757715225219727e+00 -1.195879459381103516e+00 4.556360244750976562e-01
-2.903347015380859375e+00 -1.152601003646850586e+00 5.103081464767456055e-01
-2.985726356506347656e+00 -1.128923416137695312e+00 5.339930653572082520e-01
-3.037976980209350586e+00 -1.113951444625854492e+00 5.468676686286926270e-01
-3.133671045303344727e+00 -1.086579561233520508e+00 5.679996013641357422e-01
-3.224265098571777344e+00 -1.060745000839233398e+00 5.838163495063781738e-01
-3.355485439300537109e+00 -1.023420214653015137e+00 6.010755300521850586e-01
-3.407199621200561523e+00 -1.008758187294006348e+00 6.046883463859558105e-01
-3.495092630386352539e+00 -9.838644862174987793e-01 6.087126731872558594e-01
-3.619101285934448242e+00 -9.487980008125305176e-01 6.093171834945678711e-01
-3.697790145874023438e+00 -9.265882968902587891e-01 6.051447987556457520e-01
-3.771931171417236328e+00 -9.056794643402099609e-01 5.984707474708557129e-01
-3.876800060272216797e+00 -8.761215209960937500e-01 5.853396058082580566e-01
-3.989696264266967773e+00 -8.443167209625244141e-01 5.654974579811096191e-01
-4.044512748718261719e+00 -8.288747072219848633e-01 5.528080463409423828e-01
-4.100547313690185547e+00 -8.130857944488525391e-01 5.382819771766662598e-01
-4.237188816070556641e+00 -7.745690941810607910e-01 4.989126026630401611e-01
-4.339723110198974609e+00 -7.456276416778564453e-01 4.619094729423522949e-01
-4.360059738159179688e+00 -7.398772835731506348e-01 4.533981084823608398e-01
-4.479829788208007812e+00 -7.059954404830932617e-01 4.018509387969970703e-01
-4.546873092651367188e+00 -6.869727969169616699e-01 3.681592643260955811e-01
-4.636868476867675781e+00 -6.613804697990417480e-01 3.190611898899078369e-01
-4.698602676391601562e+00 -6.437626481056213379e-01 2.816181778907775879e-01
-4.801921844482421875e+00 -6.141900420188903809e-01 2.143493294715881348e-01
-4.836817741394042969e+00 -6.041446924209594727e-01 1.888447403907775879e-01
-4.909471511840820312e+00 -5.831809043884277344e-01 1.336281597614288330e-01
-5.005787849426269531e+00 -5.552403330802917480e-01 5.427604913711547852e-02
-5.061864852905273438e+00 -5.388360023498535156e-01 2.852227538824081421e-03
-5.213016510009765625e+00 -4.810586273670196533e-01 1.262371093034744263e-01
-5.257274150848388672e+00 -4.644032418727874756e-01 1.571165770292282104e-01
-5.414387226104736328e+00 -4.055132865905761719e-01 2.618520855903625488e-01
-5.542543411254882812e+00 -3.581167459487915039e-01 3.339119553565979004e-01
-5.596957683563232422e+00 -3.381845653057098389e-01 3.603230118751525879e-01
-5.764116764068603516e+00 -2.771801650524139404e-01 4.363280534744262695e-01
-5.824326038360595703e+00 -2.554439902305603027e-01 4.582520127296447754e-01
-5.962693691253662109e+00 -2.056660950183868408e-01 5.043910145759582520e-01
-6.028223514556884766e+00 -1.822725832462310791e-01 5.217438936233520508e-01
-6.170875072479248047e+00 -1.315178573131561279e-01 5.550487041473388672e-01
-6.269280433654785156e+00 -9.675022959709167480e-02 5.714319944381713867e-01
-6.385715961456298828e+00 -5.579510331153869629e-02 5.855677127838134766e-01
-6.595676898956298828e+00 1.768967509269714355e-02 5.999860167503356934e-01
-6.692049503326416016e+00 5.113550648093223572e-02 5.974906682968139648e-01
-6.769362449645996094e+00 7.787482440471649170e-02 5.921347141265869141e-01
-6.918385028839111328e+00 1.292817145586013794e-01 5.765840411186218262e-01
-7.019714355468750000e+00 1.640685498714447021e-01 5.590471625328063965e-01
-7.169691085815429688e+00 2.154037356376647949e-01 5.259045958518981934e-01
-7.221967220306396484e+00 2.332236319780349731e-01 5.105198025703430176e-01
-7.356693267822265625e+00 2.790913879871368408e-01 4.672972857952117920e-01
-7.421586036682128906e+00 3.011152744293212891e-01 4.418872296810150146e-01
-7.590989589691162109e+00 3.585346341133117676e-01 3.694839775562286377e-01
-7.682289600372314453e+00 3.893831670284271240e-01 3.214169144630432129e-01
-7.787202358245849609e+00 4.247872233390808105e-01 2.600559294223785400e-01
-7.893452644348144531e+00 4.606034159660339355e-01 1.902379095554351807e-01
-7.962177753448486328e+00 4.837549030780792236e-01 1.395672261714935303e-01
-8.037949562072753906e+00 5.092789530754089355e-01 7.939071953296661377e-02
-8.129436492919921875e+00 5.401045083999633789e-01 5.173012614250183105e-04
-8.252770423889160156e+00 5.816951394081115723e-01 -1.170181334018707275e-01
-8.432852745056152344e+00 6.602484583854675293e-01 1.672504842281341553e-02
-8.520193099975585938e+00 6.974753737449645996e-01 7.067147642374038696e-02
-8.642133712768554688e+00 7.489312887191772461e-01 1.394346803426742554e-01
-8.788434982299804688e+00 8.098513484001159668e-01 2.115915119647979736e-01
-9.003389358520507812e+00 8.980273604393005371e-01 3.006015121936798096e-01
-9.198818206787109375e+00 9.765552282333374023e-01 3.603903055191040039e-01
-9.349658966064453125e+00 1.036115288734436035e+00 3.927468061447143555e-01
-9.474701881408691406e+00 1.084856867790222168e+00 4.111303687095642090e-01
-9.680906295776367188e+00 1.164403438568115234e+00 4.301664233207702637e-01
-9.839319229125976562e+00 1.224483132362365723e+00 4.306176602840423584e-01
-9.960293769836425781e+00 1.269776344299316406e+00 4.226709604263305664e-01
-1.014719772338867188e+01 1.339069128036499023e+00 4.005132615566253662e-01
-1.036542415618896484e+01 1.418731808662414551e+00 3.563806414604187012e-01
-1.050475215911865234e+01 1.468651413917541504e+00 3.139318823814392090e-01
-1.067690372467041016e+01 1.529571890830993652e+00 2.495074868202209473e-01
-1.081818103790283203e+01 1.578764915466308594e+00 1.836240142583847046e-01
-1.088646030426025391e+01 1.602205157279968262e+00 1.461386680603027344e-01
-1.109212303161621094e+01 1.672300815582275391e+00 2.436316758394241333e-02
-1.119583320617675781e+01 1.706812739372253418e+00 -5.188577622175216675e-02
-1.151072406768798828e+01 1.845123887062072754e+00 1.581563055515289307e-01
-1.161153697967529297e+01 1.887156486511230469e+00 2.055012136697769165e-01
-1.190444755554199219e+01 2.007477521896362305e+00 3.274634182453155518e-01
-1.218365859985351562e+01 2.117430925369262695e+00 4.029896855354309082e-01
-1.237134170532226562e+01 2.188533067703247070e+00 4.300272762775421143e-01
-1.273584175109863281e+01 2.323091268539428711e+00 4.530818462371826172e-01
-1.309497547149658203e+01 2.448888540267944336e+00 4.195891618728637695e-01
-1.332099819183349609e+01 2.523687124252319336e+00 3.626222014427185059e-01
-1.344399070739746094e+01 2.562771797180175781e+00 3.184100687503814697e-01
-1.369540977478027344e+01 2.640732526779174805e+00 2.122324109077453613e-01
-1.403894710540771484e+01 2.741297960281372070e+00 1.848167181015014648e-02
-1.409173488616943359e+01 2.755210638046264648e+00 -2.390436083078384399e-02
-1.478982162475585938e+01 3.043179035186767578e+00 5.055316090583801270e-01
-1.560310363769531250e+01 3.309224128723144531e+00 7.653973698616027832e-01
-1.612323760986328125e+01 3.440983295440673828e+00 7.515445351600646973e-01
-1.683540153503417969e+01 3.587977647781372070e+00 5.873118638992309570e-01
-1.733765220642089844e+01 3.652457237243652344e+00 3.070521056652069092e-01
-1.768124580383300781e+01 3.668088436126708984e+00 2.406239509582519531e-04
-1.794454574584960938e+01 3.654483556747436523e+00 -3.362774848937988281e-01
-2.215459060668945312e+01 5.568337440490722656e-01 -7.695817947387695312e-02
-1.970540618896484375e+01 -6.508938312530517578e+00 -4.840228557586669922e+00
4.602361875000000000e+05 5.423538125000000000e+05 -2.999404750000000000e+06
-1.043934174569395097e+26 -1.554443297357008880e+26 7.086386095673241401e+26
-2.119526466850649790e+26 -3.156026142389738096e+26 1.438767233258662139e+27
-2.749951693202184675e+26 -4.094744423747551233e+26 1.866709559675835285e+27
-3.955693604789691581e+26 -5.890123596930332359e+26 2.685185986416129682e+27
-4.501306604848413534e+26 -6.702554361554885483e+26 3.055556467301113087e+27
-5.624581240249757467e+26 -8.375137617722678341e+26 3.818052781161849993e+27
-6.312850659862986341e+26 -9.399987805444337591e+26 4.285260699440368700e+27
-7.780846242597607201e+26 -1.158586868646764653e+27 5.281759126964451907e+27
-8.304572180812872771e+26 -1.236570921940229552e+27 5.637272452598517049e+27
-9.685410587148030741e+26 -1.442181061503919123e+27 6.574606711641967906e+27
-1.050539344879636056e+27 -1.564278437214324159e+27 7.131223784836467965e+27
-1.107953802791388907e+27 -1.649769946410907371e+27 7.520961871259320502e+27
-1.221375600976952046e+27 -1.818657709825205569e+27 8.290886467597611360e+27
-1.301575993677385000e+27 -1.938078094035633874e+27 8.835299174912945180e+27
-1.420665074364249482e+27 -2.115404431206914949e+27 9.643693939508123243e+27
-1.504031223495636174e+27 -2.239538770184915288e+27 1.020959695609537610e+28
-1.593807247257755461e+27 -2.373217454546652949e+27 1.081901008656835879e+28
-1.691361008617161054e+27 -2.518477299985770646e+27 1.148121927431982412e+28
-1.761086897310683955e+27 -2.622300888294901231e+27 1.195452908039002077e+28
-1.852738881158123209e+27 -2.758772852431256288e+27 1.257667725267568218e+28
-1.940326235629385005e+27 -2.889192513624003535e+27 1.317123381819355697e+28
-2.018455132757316671e+27 -3.005528307077402424e+27 1.370158508901033606e+28
-2.135668105784908596e+27 -3.180061364474066104e+27 1.449724481179283541e+28
