2.334396362304687500e+01 -2.081815004348754883e-01 2.332191765308380127e-01
2.318013572692871094e+01 -1.830264627933502197e-01 3.424287140369415283e-01
2.309362220764160156e+01 -1.697857528924942017e-01 3.996194303035736084e-01
2.283917236328125000e+01 -1.309069395065307617e-01 5.670564174652099609e-01
2.278426742553710938e+01 -1.225581914186477661e-01 6.026799082756042480e-01
2.262957191467285156e+01 -9.905753284692764282e-02 7.027323246002197266e-01
2.249228858947753906e+01 -7.825804501771926880e-02 7.907074689865112305e-01
2.231168174743652344e+01 -5.095725134015083313e-02 9.054615497589111328e-01
2.213640975952148438e+01 -2.453966066241264343e-02 1.015526771545410156e+00
2.205929946899414062e+01 -1.294803153723478317e-02 1.063373923301696777e+00
2.193635940551757812e+01 5.512603558599948883e-03 1.139241695404052734e+00
2.177248573303222656e+01 3.007805719971656799e-02 1.239467859268188477e+00
2.157870292663574219e+01 5.906407907605171204e-02 1.356521964073181152e+00
2.154927253723144531e+01 6.345558166503906250e-02 1.374025821685791016e+00
2.136755180358886719e+01 9.056303650140762329e-02 1.481845378875732422e+00
2.122228813171386719e+01 1.121878772974014282e-01 1.566711187362670898e+00
2.108173370361328125e+01 1.330809742212295532e-01 1.647768497467041016e+00
2.096266746520996094e+01 1.507567167282104492e-01 1.715541124343872070e+00
2.090528106689453125e+01 1.592672616243362427e-01 1.747831225395202637e+00
2.074398612976074219e+01 1.831766813993453979e-01 1.838070988655090332e+00
2.065971183776855469e+01 1.956537514925003052e-01 1.884445667266845703e+00
2.048707771301269531e+01 2.211986482143402100e-01 1.978593349456787109e+00
2.041979408264160156e+01 2.311441004276275635e-01 2.014591693878173828e+00
2.030443954467773438e+01 2.481895983219146729e-01 2.075833797454833984e+00
2.016353607177734375e+01 2.689989209175109863e-01 2.149624347686767578e+00
1.998975563049316406e+01 2.946493327617645264e-01 2.239065885543823242e+00
1.989679908752441406e+01 3.083625435829162598e-01 2.285844087600708008e+00
1.984756469726562500e+01 3.156241774559020996e-01 2.310309648513793945e+00
1.971002769470214844e+01 3.359084427356719971e-01 2.378190755844116211e+00
1.962268638610839844e+01 3.487876653671264648e-01 2.420459270477294922e+00
1.948811721801757812e+01 3.686304688453674316e-01 2.484745025634765625e+00
1.934511756896972656e+01 3.897169232368469238e-01 2.551656723022460938e+00
1.923108291625976562e+01 4.065344631671905518e-01 2.603795528411865234e+00
1.912070655822753906e+01 4.228161871433258057e-01 2.653298377990722656e+00
1.900614738464355469e+01 4.397197961807250977e-01 2.703688621520996094e+00
1.894699287414550781e+01 4.484513998031616211e-01 2.729167222976684570e+00
1.880161094665527344e+01 4.699158966541290283e-01 2.791087627410888672e+00
1.870985603332519531e+01 4.834715127944946289e-01 2.829065799713134766e+00
1.862326431274414062e+01 4.962704479694366455e-01 2.864235877990722656e+00
1.848822402954101562e+01 5.162401795387268066e-01 2.918079376220703125e+00
1.838857650756835938e+01 5.309887528419494629e-01 2.956633567810058594e+00
1.829317283630371094e+01 5.451191663742065430e-01 2.992695569992065430e+00
1.824931335449218750e+01 5.516201257705688477e-01 3.008893728256225586e+00
1.815061950683593750e+01 5.662539005279541016e-01 3.044943809509277344e+00
1.799924659729003906e+01 5.887170433998107910e-01 3.098841190338134766e+00
1.794165229797363281e+01 5.972755551338195801e-01 3.118516683578491211e+00
1.781529617309570312e+01 6.160629391670227051e-01 3.160975456237792969e+00
1.772884368896484375e+01 6.289337873458862305e-01 3.188946723937988281e+00
1.762900161743164062e+01 6.438119411468505859e-01 3.220381259918212891e+00
1.759050941467285156e+01 6.495544910430908203e-01 3.232107400894165039e+00
1.746736907958984375e+01 6.679335236549377441e-01 3.269128799438476562e+00
1.734373855590820312e+01 6.864130496978759766e-01 3.304699420928955078e+00
1.727922439575195312e+01 6.960712075233459473e-01 3.322405576705932617e+00
1.717389678955078125e+01 7.118529081344604492e-01 3.350572586059570312e+00
1.707912445068359375e+01 7.260729670524597168e-01 3.374812126159667969e+00
1.703507232666015625e+01 7.326914668083190918e-01 3.385609388351440430e+00
1.694353675842285156e+01 7.464524507522583008e-01 3.407585144042968750e+00
1.681497573852539062e+01 7.658051252365112305e-01 3.437093734741210938e+00
1.677427101135253906e+01 7.719441056251525879e-01 3.445822238922119141e+00
1.666702651977539062e+01 7.881284356117248535e-01 3.468298912048339844e+00
1.654074478149414062e+01 8.072168231010437012e-01 3.493131399154663086e+00
1.647861862182617188e+01 8.166257739067077637e-01 3.504382371902465820e+00
1.637054252624511719e+01 8.330098390579223633e-01 3.523114919662475586e+00
1.632659721374511719e+01 8.396833539009094238e-01 3.530129432678222656e+00
1.622038841247558594e+01 8.558231592178344727e-01 3.546481847763061523e+00
1.616022109985351562e+01 8.649817705154418945e-01 3.554913759231567383e+00
1.608875656127929688e+01 8.758704066276550293e-01 3.564360857009887695e+00
1.594809055328369141e+01 8.973270058631896973e-01 3.581613779067993164e+00
1.591949653625488281e+01 9.016983509063720703e-01 3.584574460983276367e+00
1.583715248107910156e+01 9.142924547195434570e-01 3.592775583267211914e+00
1.571384620666503906e+01 9.331755042076110840e-01 3.603643655776977539e+00
1.563613891601562500e+01 9.450981616973876953e-01 3.609136581420898438e+00
1.554519367218017578e+01 9.590680599212646484e-01 3.614547729492187500e+00
1.552329349517822266e+01 9.624365568161010742e-01 3.615560054779052734e+00
1.544280815124511719e+01 9.748199582099914551e-01 3.619020223617553711e+00
1.534200000762939453e+01 9.903476834297180176e-01 3.622148036956787109e+00
1.525515079498291016e+01 1.003743648529052734e+00 3.623521804809570312e+00
1.521195125579833984e+01 1.010414361953735352e+00 3.623630046844482422e+00
1.512738037109375000e+01 1.023480534553527832e+00 3.623275995254516602e+00
1.501736831665039062e+01 1.040494561195373535e+00 3.621358633041381836e+00
1.494349956512451172e+01 1.051933050155639648e+00 3.618778467178344727e+00
1.490286254882812500e+01 1.058230400085449219e+00 3.616874217987060547e+00
1.477691555023193359e+01 1.077755451202392578e+00 3.610137462615966797e+00
1.474264240264892578e+01 1.083074808120727539e+00 3.607590913772583008e+00
1.463072013854980469e+01 1.100450634956359863e+00 3.598632335662841797e+00
1.455491256713867188e+01 1.112229585647583008e+00 3.591126680374145508e+00
1.450696849822998047e+01 1.119682788848876953e+00 3.585754394531250000e+00
1.443851852416992188e+01 1.130326509475708008e+00 3.577513694763183594e+00
1.437368774414062500e+01 1.140410780906677246e+00 3.568930149078369141e+00
1.427094268798828125e+01 1.156396865844726562e+00 3.554145097732543945e+00
1.423425006866455078e+01 1.162107944488525391e+00 3.548187017440795898e+00
1.413855648040771484e+01 1.177003145217895508e+00 3.532010078430175781e+00
1.407079315185546875e+01 1.187552571296691895e+00 3.519362688064575195e+00
1.401820945739746094e+01 1.195739269256591797e+00 3.508884429931640625e+00
1.390688800811767578e+01 1.213070273399353027e+00 3.485600709915161133e+00
1.384492111206054688e+01 1.222716569900512695e+00 3.471324682235717773e+00
1.382133674621582031e+01 1.226387381553649902e+00 3.465608596801757812e+00
1.373010826110839844e+01 1.240585923194885254e+00 3.443079233169555664e+00
1.366500377655029297e+01 1.250715613365173340e+00 3.425833702087402344e+00
1.356829929351806641e+01 1.265757918357849121e+00 3.398964166641235352e+00
1.353404617309570312e+01 1.271083474159240723e+00 3.388778448104858398e+00
1.342705631256103516e+01 1.287714123725891113e+00 3.356216192245483398e+00
1.340281009674072266e+01 1.291480422019958496e+00 3.348301410675048828e+00
1.333375549316406250e+01 1.302204847335815430e+00 3.325410842895507812e+00
1.324505805969238281e+01 1.315972566604614258e+00 3.294720649719238281e+00
1.320576381683349609e+01 1.322067141532897949e+00 3.280381917953491211e+00
1.310201072692871094e+01 1.338153600692749023e+00 3.241643428802490234e+00
1.307740974426269531e+01 1.341963887214660645e+00 3.231901884078979492e+00
1.296724128723144531e+01 1.359022855758666992e+00 3.187679052352905273e+00
1.290853500366210938e+01 1.368101954460144043e+00 3.162671804428100586e+00
1.284635829925537109e+01 1.377710938453674316e+00 3.135360479354858398e+00
1.280470561981201172e+01 1.384142994880676270e+00 3.116472244262695312e+00
1.273593425750732422e+01 1.394757032394409180e+00 3.084625482559204102e+00
1.267581176757812500e+01 1.404027581214904785e+00 3.055820703506469727e+00
1.258657741546630859e+01 1.417775154113769531e+00 3.011804819107055664e+00
1.257169055938720703e+01 1.420065641403198242e+00 3.004144668579101562e+00
1.249241256713867188e+01 1.432260394096374512e+00 2.963066577911376953e+00
1.240190410614013672e+01 1.446165442466735840e+00 2.914425849914550781e+00
1.237001037597656250e+01 1.451058149337768555e+00 2.896573543548583984e+00
1.230763530731201172e+01 1.460621714591979980e+00 2.861162662506103516e+00
1.223576450347900391e+01 1.471629500389099121e+00 2.819232463836669922e+00
1.216229629516601562e+01 1.482867717742919922e+00 2.775024414062500000e+00
1.213176536560058594e+01 1.487531781196594238e+00 2.756073474884033203e+00
1.204105758666992188e+01 1.501380562782287598e+00 2.699048280715942383e+00
1.201334476470947266e+01 1.505604386329650879e+00 2.680962800979614258e+00
1.192931175231933594e+01 1.518405199050903320e+00 2.625500917434692383e+00
1.189602947235107422e+01 1.523466706275939941e+00 2.602780342102050781e+00
1.184718704223632812e+01 1.530889749526977539e+00 2.568993330001831055e+00
1.175495052337646484e+01 1.544893503189086914e+00 2.503949880599975586e+00
1.171408748626708984e+01 1.551085710525512695e+00 2.474082469940185547e+00
1.165955734252929688e+01 1.559341788291931152e+00 2.433596134185791016e+00
1.160083484649658203e+01 1.568222045898437500e+00 2.389084100723266602e+00
1.153603458404541016e+01 1.578008890151977539e+00 2.338866472244262695e+00
1.149546337127685547e+01 1.584127545356750488e+00 2.306657552719116211e+00
1.144060420989990234e+01 1.592393517494201660e+00 2.262447834014892578e+00
1.137398433685302734e+01 1.602419018745422363e+00 2.207669973373413086e+00
1.133846855163574219e+01 1.607755422592163086e+00 2.177752971649169922e+00
1.125667190551757812e+01 1.620035648345947266e+00 2.107962608337402344e+00
1.119421195983886719e+01 1.629394650459289551e+00 2.053090810775756836e+00
1.114410018920898438e+01 1.636892199516296387e+00 2.008084297180175781e+00
1.110126686096191406e+01 1.643292903900146484e+00 1.968932390213012695e+00
1.104344463348388672e+01 1.651924490928649902e+00 1.915284037590026855e+00
1.101304912567138672e+01 1.656455397605895996e+00 1.886512160301208496e+00
1.092224216461181641e+01 1.669981122016906738e+00 1.799650669097900391e+00
1.088448238372802734e+01 1.675592660903930664e+00 1.762391328811645508e+00
1.084217166900634766e+01 1.681874394416809082e+00 1.720102548599243164e+00
1.079095363616943359e+01 1.689470410346984863e+00 1.668173193931579590e+00
1.072392368316650391e+01 1.699398279190063477e+00 1.599031925201416016e+00
1.067554855346679688e+01 1.706550717353820801e+00 1.548001646995544434e+00
1.064057922363281250e+01 1.711714506149291992e+00 1.510514259338378906e+00
1.058057022094726562e+01 1.720567584037780762e+00 1.445435762405395508e+00
1.051921272277832031e+01 1.729605317115783691e+00 1.377563953399658203e+00
1.048416519165039062e+01 1.734759211540222168e+00 1.338007211685180664e+00
1.042569446563720703e+01 1.743349552154541016e+00 1.271253705024719238e+00
1.038611030578613281e+01 1.749155879020690918e+00 1.225193858146667480e+00
1.034392356872558594e+01 1.755337476730346680e+00 1.175471186637878418e+00
1.028233623504638672e+01 1.764351487159729004e+00 1.101884603500366211e+00
1.022015476226806641e+01 1.773437023162841797e+00 1.026100039482116699e+00
1.019177436828613281e+01 1.777576684951782227e+00 9.908139705657958984e-01
1.012274074554443359e+01 1.787638545036315918e+00 9.041981697082519531e-01
1.007818222045898438e+01 1.794120669364929199e+00 8.470457196235656738e-01
1.003681373596191406e+01 1.800131320953369141e+00 7.932278513908386230e-01
9.972039222717285156e+00 1.809531927108764648e+00 7.078458070755004883e-01
9.928479194641113281e+00 1.815842390060424805e+00 6.492378115653991699e-01
9.893813133239746094e+00 1.820858240127563477e+00 6.019500494003295898e-01
9.847651481628417969e+00 1.827531099319458008e+00 5.382878184318542480e-01
9.811877250671386719e+00 1.832695722579956055e+00 4.882289171218872070e-01
9.742525100708007812e+00 1.842698097229003906e+00 3.900861442089080811e-01
9.698009490966796875e+00 1.849105954170227051e+00 3.257037401199340820e-01
9.658432960510253906e+00 1.854795813560485840e+00 2.676596641540527344e-01
9.635568618774414062e+00 1.858079433441162109e+00 2.337082326412200928e-01
9.570302963256835938e+00 1.867446422576904297e+00 1.360984444618225098e-01
9.541940689086914062e+00 1.871509552001953125e+00 9.280580282211303711e-02
9.500100135803222656e+00 1.877498984336853027e+00 2.837060391902923584e-02
9.436305046081542969e+00 1.886620759963989258e+00 -7.116785645484924316e-02
9.393711090087890625e+00 1.895494222640991211e+00 3.368258476257324219e-04
9.381618499755859375e+00 1.897990584373474121e+00 1.949913240969181061e-02
9.342007637023925781e+00 1.906147837638854980e+00 8.128209412097930908e-02
9.301506042480468750e+00 1.914425611495971680e+00 1.412875205278396606e-01
9.238392829895019531e+00 1.927232742309570312e+00 2.301199883222579956e-01
9.206260681152343750e+00 1.933686375617980957e+00 2.719345986843109131e-01
9.165485382080078125e+00 1.941837191581726074e+00 3.229845166206359863e-01
9.129233360290527344e+00 1.949042558670043945e+00 3.662169575691223145e-01
9.085461616516113281e+00 1.957701086997985840e+00 4.162318408489227295e-01
9.050684928894042969e+00 1.964542627334594727e+00 4.539778232574462891e-01
9.011578559875488281e+00 1.972204566001892090e+00 4.947368204593658447e-01
8.944967269897460938e+00 1.985197901725769043e+00 5.610693097114562988e-01
8.910840034484863281e+00 1.991807699203491211e+00 5.924934148788452148e-01
8.872922897338867188e+00 1.999126672744750977e+00 6.260370016098022461e-01
8.812792778015136719e+00 2.010691165924072266e+00 6.769009232521057129e-01
8.781724929809570312e+00 2.016633272171020508e+00 7.013502120971679688e-01
8.723918914794921875e+00 2.027659416198730469e+00 7.451612353324890137e-01
8.687458038330078125e+00 2.034579992294311523e+00 7.708850502967834473e-01
8.617288589477539062e+00 2.047858953475952148e+00 8.181658983230590820e-01
8.585524559020996094e+00 2.053836822509765625e+00 8.376938104629516602e-01
8.531602859497070312e+00 2.063960313796997070e+00 8.694612979888916016e-01
8.469582557678222656e+00 2.075558185577392578e+00 9.033640623092651367e-01
8.423294067382812500e+00 2.084175825119018555e+00 9.264782667160034180e-01
8.383331298828125000e+00 2.091592311859130859e+00 9.450672268867492676e-01
8.345945358276367188e+00 2.098511934280395508e+00 9.613779783248901367e-01
8.260439872741699219e+00 2.114298582077026367e+00 9.964144825935363770e-01
8.246522903442382812e+00 2.116853952407836914e+00 1.001291275024414062e+00
8.165146827697753906e+00 2.131782770156860352e+00 1.029040455818176270e+00
8.104501724243164062e+00 2.142852306365966797e+00 1.046421051025390625e+00
8.078933715820312500e+00 2.147502422332763672e+00 1.052737355232238770e+00
8.036325454711914062e+00 2.155240058898925781e+00 1.062562584877014160e+00
7.976638317108154297e+00 2.166052341461181641e+00 1.074702858924865723e+00
7.921375274658203125e+00 2.176029205322265625e+00 1.083859920501708984e+00
7.862836360931396484e+00 2.186564683914184570e+00 1.091539263725280762e+00
7.806871891021728516e+00 2.196604251861572266e+00 1.096852302551269531e+00
7.745485305786132812e+00 2.207582950592041016e+00 1.100567460060119629e+00
7.685059070587158203e+00 2.218353986740112305e+00 1.101954340934753418e+00
7.650496959686279297e+00 2.224494934082031250e+00 1.101473093032836914e+00
7.585545539855957031e+00 2.236014127731323242e+00 1.099199414253234863e+00
7.558751583099365234e+00 2.240749835968017578e+00 1.097199082374572754e+00
7.497244358062744141e+00 2.251605510711669922e+00 1.091598629951477051e+00
7.453246116638183594e+00 2.259345769882202148e+00 1.085931301116943359e+00
7.376228809356689453e+00 2.272863626480102539e+00 1.073918461799621582e+00
7.314507007598876953e+00 2.283653020858764648e+00 1.061333775520324707e+00
7.262823581695556641e+00 2.292658090591430664e+00 1.048784971237182617e+00
7.234023094177246094e+00 2.297662496566772461e+00 1.040841341018676758e+00
7.185702323913574219e+00 2.306045770645141602e+00 1.026614308357238770e+00
7.132101058959960938e+00 2.315320968627929688e+00 1.009141683578491211e+00
7.079861640930175781e+00 2.324334383010864258e+00 9.902559518814086914e-01
7.036878108978271484e+00 2.331729888916015625e+00 9.731988906860351562e-01
6.983650207519531250e+00 2.340866088867187500e+00 9.505003094673156738e-01
6.929574012756347656e+00 2.350120544433593750e+00 9.254173040390014648e-01
6.887474060058593750e+00 2.357303619384765625e+00 9.042490124702453613e-01
6.835838794708251953e+00 2.366092205047607422e+00 8.766791820526123047e-01
6.760372638702392578e+00 2.378898620605468750e+00 8.334315419197082520e-01
6.714512825012207031e+00 2.386646032333374023e+00 8.044336438179016113e-01
6.653374195098876953e+00 2.396945953369140625e+00 7.634755969047546387e-01
6.626284122467041016e+00 2.401492357254028320e+00 7.439191937446594238e-01
6.577123641967773438e+00 2.409728288650512695e+00 7.072522044181823730e-01
6.544284343719482422e+00 2.415212392807006836e+00 6.812905073165893555e-01
6.494598865509033203e+00 2.423491477966308594e+00 6.404690146446228027e-01
6.428943157196044922e+00 2.434394121170043945e+00 5.833332538604736328e-01
6.400367259979248047e+00 2.439116954803466797e+00 5.565276741981506348e-01
6.336690902709960938e+00 2.449618577957153320e+00 4.948053956031799316e-01
6.295500755310058594e+00 2.456378221511840820e+00 4.518780410289764404e-01
6.251237392425537109e+00 2.463617563247680664e+00 4.035141170024871826e-01
6.211076259613037109e+00 2.470160722732543945e+00 3.573318123817443848e-01
6.169206619262695312e+00 2.476957082748413086e+00 3.068739473819732666e-01
6.133922576904296875e+00 2.482661247253417969e+00 2.621959447860717773e-01
6.089995384216308594e+00 2.489737033843994141e+00 2.041639834642410278e-01
6.055894851684570312e+00 2.495203495025634766e+00 1.566301435232162476e-01
6.027580738067626953e+00 2.499724388122558594e+00 1.154388189315795898e-01
5.989877223968505859e+00 2.505723476409912109e+00 5.855982378125190735e-02
5.947976112365722656e+00 2.512357234954833984e+00 -7.851939648389816284e-03
5.917310237884521484e+00 2.518104791641235352e+00 2.984234318137168884e-02
5.840440273284912109e+00 2.532441377639770508e+00 1.208938807249069214e-01
5.816851139068603516e+00 2.536789655685424805e+00 1.463665664196014404e-01
5.777798652648925781e+00 2.543964147567749023e+00 1.873919367790222168e-01
5.715614795684814453e+00 2.555326461791992188e+00 2.498088330030441284e-01
5.651335239410400391e+00 2.566975831985473633e+00 3.098121285438537598e-01
5.618018627166748047e+00 2.572965383529663086e+00 3.386654853820800781e-01
5.572944164276123047e+00 2.581036806106567383e+00 3.762196600437164307e-01
5.510263919830322266e+00 2.592202663421630859e+00 4.257555007934570312e-01
5.457031726837158203e+00 2.601619720458984375e+00 4.648006260395050049e-01
5.396563529968261719e+00 2.612256288528442383e+00 5.063887238502502441e-01
5.341421127319335938e+00 2.621895790100097656e+00 5.415776371955871582e-01
5.291423797607421875e+00 2.630588293075561523e+00 5.713204145431518555e-01
5.267434597015380859e+00 2.634738922119140625e+00 5.846850275993347168e-01
5.212746620178222656e+00 2.644179344177246094e+00 6.141887307167053223e-01
5.114347457885742188e+00 2.661078929901123047e+00 6.634001731872558594e-01
5.090155124664306641e+00 2.665196895599365234e+00 6.738508343696594238e-01
5.032937049865722656e+00 2.674915313720703125e+00 6.976477503776550293e-01
4.955698490142822266e+00 2.687968730926513672e+00 7.268790006637573242e-01
4.905234813690185547e+00 2.696440458297729492e+00 7.434960603713989258e-01
4.852983951568603516e+00 2.705174922943115234e+00 7.590684294700622559e-01
4.811068534851074219e+00 2.712150812149047852e+00 7.702278494834899902e-01
4.754498481750488281e+00 2.721532821655273438e+00 7.838680744171142578e-01
4.666994094848632812e+00 2.735977649688720703e+00 8.020399212837219238e-01
4.635362625122070312e+00 2.741161823272705078e+00 8.069984912872314453e-01
4.561788082122802734e+00 2.753188848495483398e+00 8.171980381011962891e-01
4.488437652587890625e+00 2.765107154846191406e+00 8.242962956428527832e-01
4.420256137847900391e+00 2.776119470596313477e+00 8.280777931213378906e-01
4.363172531127929688e+00 2.785287857055664062e+00 8.290667533874511719e-01
4.304138660430908203e+00 2.794724941253662109e+00 8.282110095024108887e-01
4.268647193908691406e+00 2.800370931625366211e+00 8.265298008918762207e-01
4.182122707366943359e+00 2.814094066619873047e+00 8.207196593284606934e-01
4.134232997894287109e+00 2.821634531021118164e+00 8.151897788047790527e-01
4.065237998962402344e+00 2.832453489303588867e+00 8.053664565086364746e-01
4.043715953826904297e+00 2.835808277130126953e+00 8.014625906944274902e-01
3.986853599548339844e+00 2.844654798507690430e+00 7.904505133628845215e-01
3.909439563751220703e+00 2.856638193130493164e+00 7.729339003562927246e-01
3.831985235214233398e+00 2.868544101715087891e+00 7.519249916076660156e-01
3.793133258819580078e+00 2.874473333358764648e+00 7.396045327186584473e-01
3.712771415710449219e+00 2.886691808700561523e+00 7.122349739074707031e-01
3.684978008270263672e+00 2.890884637832641602e+00 7.013968229293823242e-01
3.636377334594726562e+00 2.898195743560791016e+00 6.815942525863647461e-01
3.546130180358886719e+00 2.911704063415527344e+00 6.420218348503112793e-01
3.495654344558715820e+00 2.919187307357788086e+00 6.168997883796691895e-01
3.447859287261962891e+00 2.926233530044555664e+00 5.914658904075622559e-01
3.374157667160034180e+00 2.937039375305175781e+00 5.497751832008361816e-01
3.320135593414306641e+00 2.944890260696411133e+00 5.163291692733764648e-01
3.287461996078491211e+00 2.949606418609619141e+00 4.947621226310729980e-01
3.211369991302490234e+00 2.960543155670166016e+00 4.425856769084930420e-01
3.179212808609008789e+00 2.965117454528808594e+00 4.185479879379272461e-01
3.115003824234008789e+00 2.974208593368530273e+00 3.687858581542968750e-01
3.081044673919677734e+00 2.978970527648925781e+00 3.405324816703796387e-01
3.026956558227539062e+00 2.986514091491699219e+00 2.938159108161926270e-01
2.969275712966918945e+00 2.994486808776855469e+00 2.409608066082000732e-01
2.925196886062622070e+00 3.000517368316650391e+00 1.979450583457946777e-01
2.883848905563354492e+00 3.006127357482910156e+00 1.555926501750946045e-01
2.822649478912353516e+00 3.014362096786499023e+00 8.997400104999542236e-02
2.775055646896362305e+00 3.020682573318481445e+00 3.534695878624916077e-02
2.742361068725585938e+00 3.024976253509521484e+00 -4.263550043106079102e-03
2.689247608184814453e+00 3.033061742782592773e+00 5.065409094095230103e-02
2.641847610473632812e+00 3.040218114852905273e+00 9.676972031593322754e-02
2.587222099304199219e+00 3.048407554626464844e+00 1.471348404884338379e-01
2.516991376876831055e+00 3.058855056762695312e+00 2.080120742321014404e-01
2.469695568084716797e+00 3.065824031829833984e+00 2.458724081516265869e-01
2.376347064971923828e+00 3.079494237899780273e+00 3.166986107826232910e-01
2.351145029067993164e+00 3.083142042160034180e+00 3.338603377342224121e-01
2.297875404357910156e+00 3.090828657150268555e+00 3.690871298313140869e-01
2.221179723739624023e+00 3.101825952529907227e+00 4.167018830776214600e-01
2.170139312744140625e+00 3.109080076217651367e+00 4.455495476722717285e-01
2.114547014236450195e+00 3.116935729980468750e+00 4.750093519687652588e-01
2.017247438430786133e+00 3.130600452423095703e+00 5.229578018188476562e-01
1.963416337966918945e+00 3.138081073760986328e+00 5.461253523826599121e-01
1.924782037734985352e+00 3.143419265747070312e+00 5.614775419235229492e-01
1.838907361030578613e+00 3.155236482620239258e+00 5.936150550842285156e-01
1.795900821685791016e+00 3.161101818084716797e+00 6.075496077537536621e-01
1.713612794876098633e+00 3.172274589538574219e+00 6.322016716003417969e-01
1.646795392036437988e+00 3.181270360946655273e+00 6.491571664810180664e-01
1.555560350418090820e+00 3.193469524383544922e+00 6.689968109130859375e-01
1.493009209632873535e+00 3.201755762100219727e+00 6.795605421066284180e-01
1.416749715805053711e+00 3.211793184280395508e+00 6.899464726448059082e-01
1.389890789985656738e+00 3.215300798416137695e+00 6.925470232963562012e-01
1.300650000572204590e+00 3.226922750473022461e+00 6.999607682228088379e-01
1.260441541671752930e+00 3.232110738754272461e+00 7.014751434326171875e-01
1.148334145545959473e+00 3.246514797210693359e+00 7.034173607826232910e-01
1.104998111724853516e+00 3.252017021179199219e+00 7.017194032669067383e-01
1.052826762199401855e+00 3.258610010147094727e+00 6.985362768173217773e-01
9.705024957656860352e-01 3.268954277038574219e+00 6.913466453552246094e-01
9.042440056800842285e-01 3.277204036712646484e+00 6.827989220619201660e-01
8.099644184112548828e-01 3.288854598999023438e+00 6.674506068229675293e-01
7.766900062561035156e-01 3.292921543121337891e+00 6.604177951812744141e-01
6.855986714363098145e-01 3.304010629653930664e+00 6.395820379257202148e-01
6.052709221839904785e-01 3.313681125640869141e+00 6.173466444015502930e-01
5.411036014556884766e-01 3.321327686309814453e+00 5.968031883239746094e-01
4.639464914798736572e-01 3.330444574356079102e+00 5.693675279617309570e-01
4.471856653690338135e-01 3.332404136657714844e+00 5.626766085624694824e-01
3.625049889087677002e-01 3.342281579971313477e+00 5.280510187149047852e-01
2.963046729564666748e-01 3.349909305572509766e+00 4.976882934570312500e-01
2.489323318004608154e-01 3.355313062667846680e+00 4.740500152111053467e-01
1.443919837474822998e-01 3.367148399353027344e+00 4.187722504138946533e-01
8.770522475242614746e-02 3.373455286026000977e+00 3.849356472492218018e-01
3.324525803327560425e-02 3.379453182220458984e+00 3.503004908561706543e-01
-2.243751287460327148e-02 3.385523080825805664e+00 3.127149939537048340e-01
-1.072718873620033264e-01 3.394669294357299805e+00 2.519265711307525635e-01
-1.368939131498336792e-01 3.397805929183959961e+00 2.287250012159347534e-01
-1.994058489799499512e-01 3.404381036758422852e+00 1.782173514366149902e-01
-2.862126529216766357e-01 3.413376092910766602e+00 1.033788397908210754e-01
-3.026542663574218750e-01 3.415041685104370117e+00 8.787643164396286011e-02
-3.909535109996795654e-01 3.423944950103759766e+00 3.170438110828399658e-03
-4.426001310348510742e-01 3.429015398025512695e+00 -5.114897340536117554e-02
-5.144717693328857422e-01 3.436849832534790039e+00 1.420044898986816406e-02
-5.371390581130981445e-01 3.439294576644897461e+00 3.326892852783203125e-02
-6.475474238395690918e-01 3.451163291931152344e+00 1.239302381873130798e-01
-6.642354726791381836e-01 3.452929973602294922e+00 1.360842138528823853e-01
-7.484030127525329590e-01 3.461819887161254883e+00 1.962950080633163452e-01
-8.035415410995483398e-01 3.467579126358032227e+00 2.322609126567840576e-01
-8.717103004455566406e-01 3.474648714065551758e+00 2.740823030471801758e-01
-9.947551488876342773e-01 3.487299442291259766e+00 3.439314961433410645e-01
-1.053489923477172852e+00 3.493247032165527344e+00 3.726971447467803955e-01
-1.114686608314514160e+00 3.499399423599243164e+00 4.005351960659027100e-01
-1.165596604347229004e+00 3.504479885101318359e+00 4.219045042991638184e-01
-1.265825390815734863e+00 3.514420986175537109e+00 4.611296057701110840e-01
-1.329551815986633301e+00 3.520666360855102539e+00 4.826161563396453857e-01
-1.403442144393920898e+00 3.527853012084960938e+00 5.050768852233886719e-01
-1.502405762672424316e+00 3.537393808364868164e+00 5.314427018165588379e-01
-1.591518163681030273e+00 3.545883893966674805e+00 5.508196949958801270e-01
-1.648528099060058594e+00 3.551257371902465820e+00 5.607678294181823730e-01
-1.730909109115600586e+00 3.558968544006347656e+00 5.729197263717651367e-01
-1.820605397224426270e+00 3.567280292510986328e+00 5.826956033706665039e-01
-1.866940498352050781e+00 3.571526288986206055e+00 5.858274102210998535e-01
-1.992112874984741211e+00 3.582929849624633789e+00 5.916329026222229004e-01
-2.073071002960205078e+00 3.590188264846801758e+00 5.907770991325378418e-01
-2.134574890136718750e+00 3.595643997192382812e+00 5.878698229789733887e-01
-2.192350864410400391e+00 3.600726604461669922e+00 5.835261940956115723e-01
-2.292952775955200195e+00 3.609506845474243164e+00 5.733180046081542969e-01
-2.347957134246826172e+00 3.614239931106567383e+00 5.652059316635131836e-01
-2.470242261886596680e+00 3.624678373336791992e+00 5.440638065338134766e-01
-2.521229982376098633e+00 3.628951549530029297e+00 5.323361158370971680e-01
-2.600788116455078125e+00 3.635565757751464844e+00 5.121039152145385742e-01
-2.719965696334838867e+00 3.645346879959106445e+00 4.772136807441711426e-01
-2.765588760375976562e+00 3.649015903472900391e+00 4.611623883247375488e-01
-2.866479158401489258e+00 3.657063245773315430e+00 4.233111143112182617e-01
-2.934230804443359375e+00 3.662366151809692383e+00 3.943120241165161133e-01
-2.991078615188598633e+00 3.666755914688110352e+00 3.678835332393646240e-01
-3.055259943008422852e+00 3.671653270721435547e+00 3.359979093074798584e-01
-3.170701742172241211e+00 3.680339097976684570e+00 2.743582427501678467e-01
-3.242195367813110352e+00 3.685574531555175781e+00 2.311886847019195557e-01
-3.280349493026733398e+00 3.688317537307739258e+00 2.063894867897033691e-01
-3.356833934783935547e+00 3.693759441375732422e+00 1.547096222639083862e-01
-3.456584453582763672e+00 3.700701713562011719e+00 8.196756243705749512e-02
-3.537318944931030273e+00 3.706145286560058594e+00 1.705343276262283325e-02
-3.596953868865966797e+00 3.710051774978637695e+00 -3.482893481850624084e-02
-3.663792371749877930e+00 3.714475631713867188e+00 1.779619604349136353e-02
-3.756590604782104492e+00 3.720570564270019531e+00 8.591609448194503784e-02
-3.796638250350952148e+00 3.723173379898071289e+00 1.125640720129013062e-01
-3.860196828842163086e+00 3.727285146713256836e+00 1.530984193086624146e-01
-3.963661670684814453e+00 3.733930110931396484e+00 2.147159874439239502e-01
-4.092787265777587891e+00 3.742126703262329102e+00 2.832487821578979492e-01
-4.173835277557373047e+00 3.747196674346923828e+00 3.201950788497924805e-01
-4.203616619110107422e+00 3.749042272567749023e+00 3.324626982212066650e-01
-4.324786186218261719e+00 3.756525516510009766e+00 3.804832696914672852e-01
-4.384921550750732422e+00 3.760187625885009766e+00 4.006035625934600830e-01
-4.528322219848632812e+00 3.768858194351196289e+00 4.443769454956054688e-01
-4.590506553649902344e+00 3.772554397583007812e+00 4.591499865055084229e-01
-4.724587917327880859e+00 3.780463695526123047e+00 4.872099757194519043e-01
-4.754501342773437500e+00 3.782199144363403320e+00 4.916863143444061279e-01
-4.901134967803955078e+00 3.790673732757568359e+00 5.117186307907104492e-01
-4.971447944641113281e+00 3.794661283493041992e+00 5.168902873992919922e-01
-5.057623386383056641e+00 3.799502372741699219e+00 5.206621885299682617e-01
-5.173340320587158203e+00 3.805926799774169922e+00 5.215297341346740723e-01
-5.267620086669921875e+00 3.811076164245605469e+00 5.176650285720825195e-01
-5.353855133056640625e+00 3.815721273422241211e+00 5.107223391532897949e-01
-5.473774909973144531e+00 3.822096347808837891e+00 4.967143833637237549e-01
-5.571227550506591797e+00 3.827179431915283203e+00 4.803709983825683594e-01
-5.622523784637451172e+00 3.829811811447143555e+00 4.696139395236968994e-01
-5.758086681365966797e+00 3.836706638336181641e+00 4.381420612335205078e-01
-5.861960411071777344e+00 3.841861486434936523e+00 4.077635407447814941e-01
-5.908469200134277344e+00 3.844123363494873047e+00 3.919394314289093018e-01
-6.046081066131591797e+00 3.850751876831054688e+00 3.420905172824859619e-01
-6.149276256561279297e+00 3.855576992034912109e+00 2.978082299232482910e-01
-6.242576122283935547e+00 3.859833955764770508e+00 2.528374791145324707e-01
-6.275760173797607422e+00 3.861312150955200195e+00 2.351756542921066284e-01
-6.411995410919189453e+00 3.867326498031616211e+00 1.601296067237854004e-01
-6.506130218505859375e+00 3.871320724487304688e+00 1.007934957742691040e-01
-6.564265251159667969e+00 3.873712301254272461e+00 6.068350002169609070e-02
-6.658283233642578125e+00 3.877499818801879883e+00 -7.871162146329879761e-03
-6.735072135925292969e+00 3.880096435546875000e+00 4.269267991185188293e-02
-6.839645862579345703e+00 3.883624076843261719e+00 1.062382161617279053e-01
-6.959312915802001953e+00 3.887644290924072266e+00 1.712403893470764160e-01
-7.036220073699951172e+00 3.890212774276733398e+00 2.077789008617401123e-01
-7.163709163665771484e+00 3.894451141357421875e+00 2.631316184997558594e-01
-7.268695831298828125e+00 3.897912979125976562e+00 3.019563257694244385e-01
-7.375995159149169922e+00 3.901424169540405273e+00 3.362700343132019043e-01
-7.513195037841796875e+00 3.905876398086547852e+00 3.734324276447296143e-01
-7.662835121154785156e+00 3.910676956176757812e+00 4.049800634384155273e-01
-7.724820137023925781e+00 3.912638902664184570e+00 4.141485095024108887e-01
-7.883288860321044922e+00 3.917624235153198242e+00 4.335613846778869629e-01
-7.964508056640625000e+00 3.920139074325561523e+00 4.383220374584197998e-01
-8.074254035949707031e+00 3.923507690429687500e+00 4.412131011486053467e-01
-8.272579193115234375e+00 3.929521322250366211e+00 4.378430545330047607e-01
-8.363865852355957031e+00 3.932225704193115234e+00 4.291715621948242188e-01
-8.433943748474121094e+00 3.934277772903442383e+00 4.199779629707336426e-01
-8.605980873107910156e+00 3.939269065856933594e+00 3.925853371620178223e-01
-8.682500839233398438e+00 3.941437244415283203e+00 3.750675320625305176e-01
-8.870383262634277344e+00 3.946700572967529297e+00 3.260655999183654785e-01
-8.928166389465332031e+00 3.948272466659545898e+00 3.063511848449707031e-01
-9.098275184631347656e+00 3.952854871749877930e+00 2.439101934432983398e-01
-9.157689094543457031e+00 3.954407215118408203e+00 2.174195796251296997e-01
-9.304965019226074219e+00 3.958211183547973633e+00 1.474555730819702148e-01
-9.448478698730468750e+00 3.961807012557983398e+00 6.843769550323486328e-02
-9.503802299499511719e+00 3.963148117065429688e+00 3.354993835091590881e-02
-9.613573074340820312e+00 3.964715003967285156e+00 1.005541831254959106e-01
-9.801826477050781250e+00 3.967524051666259766e+00 2.029383331537246704e-01
-9.901715278625488281e+00 3.969107627868652344e+00 2.469801157712936401e-01
-1.011310577392578125e+01 3.972542047500610352e+00 3.297187983989715576e-01
-1.024847412109375000e+01 3.974840164184570312e+00 3.694992959499359131e-01
-1.037316703796386719e+01 3.977004289627075195e+00 3.989236056804656982e-01
-1.057536697387695312e+01 3.980576753616333008e+00 4.362947344779968262e-01
-1.067576408386230469e+01 3.982396841049194336e+00 4.468392729759216309e-01
-1.092425251007080078e+01 3.986952066421508789e+00 4.633658528327941895e-01
-1.101313114166259766e+01 3.988624334335327148e+00 4.609598219394683838e-01
-1.123076915740966797e+01 3.992754220962524414e+00 4.478205442428588867e-01
-1.132841110229492188e+01 3.994645595550537109e+00 4.339483082294464111e-01
-1.155094337463378906e+01 3.998996734619140625e+00 3.940277993679046631e-01
-1.162442207336425781e+01 4.000464916229248047e+00 3.744715452194213867e-01
-1.181914234161376953e+01 4.004385471343994141e+00 3.168399333953857422e-01
-1.195179557800292969e+01 4.007113933563232422e+00 2.667647302150726318e-01
-1.215224170684814453e+01 4.011304855346679688e+00 1.792514175176620483e-01
-1.230186843872070312e+01 4.014520168304443359e+00 9.962887316942214966e-02
-1.244040012359619141e+01 4.017569541931152344e+00 1.500130444765090942e-02
-1.265460586547851562e+01 4.022408962249755859e+00 -1.330375075340270996e-01
-1.274066638946533203e+01 4.023021697998046875e+00 -8.871805667877197266e-02
-1.304742336273193359e+01 4.025565624237060547e+00 5.555619299411773682e-02
-1.321277236938476562e+01 4.027556419372558594e+00 1.095052361488342285e-01
-1.342536258697509766e+01 4.030484199523925781e+00 1.642378121614456177e-01
-1.363982009887695312e+01 4.033884525299072266e+00 2.016059160232543945e-01
-1.396760654449462891e+01 4.039733886718750000e+00 2.325954884290695190e-01
-1.415670585632324219e+01 4.043664455413818359e+00 2.283114343881607056e-01
-1.450123500823974609e+01 4.051414489746093750e+00 1.974489390850067139e-01
-1.478036880493164062e+01 4.058589458465576172e+00 1.380279660224914551e-01
-1.488011169433593750e+01 4.061437129974365234e+00 1.063025072216987610e-01
-1.510325813293457031e+01 4.068059921264648438e+00 2.641024440526962280e-02
-1.537477493286132812e+01 4.076851844787597656e+00 -9.627841413021087646e-02
-1.583129787445068359e+01 4.092638015747070312e+00 4.288063943386077881e-02
-1.621320533752441406e+01 4.108828544616699219e+00 8.652037382125854492e-02
-1.691071891784667969e+01 4.142584323883056641e+00 6.592539697885513306e-02
-1.730254554748535156e+01 4.165915012359619141e+00 -4.586943238973617554e-02
-1.877660942077636719e+01 4.290091991424560547e+00 -1.628474891185760498e-02
-1.950720024108886719e+01 4.372074127197265625e+00 -3.926783204078674316e-01
-3.806107330322265625e+01 8.130410194396972656e+00 -8.723861694335937500e+00
-4.911425312500000000e+05 1.864261562500000000e+05 -4.803150625000000000e+05
-2.332565748106644622e+23 1.259552962768120568e+23 -1.230385760069425740e+23
