2.355471611022949219e+01 -2.517290115356445312e-01 1.926413625478744507e-01
2.346560478210449219e+01 -2.594069242477416992e-01 2.498908936977386475e-01
2.321426773071289062e+01 -2.811224758625030518e-01 4.103676080703735352e-01
2.313782501220703125e+01 -2.877783179283142090e-01 4.583044350147247314e-01
2.303674125671386719e+01 -2.965993881225585938e-01 5.213384628295898438e-01
2.281978225708007812e+01 -3.155874609947204590e-01 6.556104421615600586e-01
2.264859580993652344e+01 -3.306621909141540527e-01 7.597983479499816895e-01
2.251272773742675781e+01 -3.426823318004608154e-01 8.413672447204589844e-01
2.246401023864746094e+01 -3.470076918601989746e-01 8.702903985977172852e-01
2.232572555541992188e+01 -3.593003153800964355e-01 9.520552754402160645e-01
2.214943122863769531e+01 -3.750263452529907227e-01 1.055075287818908691e+00
2.200836372375488281e+01 -3.876642584800720215e-01 1.136244654655456543e+00
2.186512565612792969e+01 -4.005389213562011719e-01 1.217617034912109375e+00
2.179240226745605469e+01 -4.070966243743896484e-01 1.258383035659790039e+00
2.158062934875488281e+01 -4.262230694293975830e-01 1.376277089118957520e+00
2.148457527160644531e+01 -4.349375963211059570e-01 1.428651690483093262e+00
2.133498573303222656e+01 -4.485352039337158203e-01 1.509428143501281738e+00
2.123899841308593750e+01 -4.572857618331909180e-01 1.560460329055786133e+00
2.112539291381835938e+01 -4.676609337329864502e-01 1.620244503021240234e+00
2.094344139099121094e+01 -4.843118190765380859e-01 1.714815258979797363e+00
2.085854530334472656e+01 -4.921055138111114502e-01 1.758044362068176270e+00
2.070698928833007812e+01 -5.060378313064575195e-01 1.834458827972412109e+00
2.057623291015625000e+01 -5.180866122245788574e-01 1.899202704429626465e+00
2.048182868957519531e+01 -5.268023610115051270e-01 1.945197582244873047e+00
2.037338447570800781e+01 -5.368276834487915039e-01 1.997404813766479492e+00
2.030571746826171875e+01 -5.430922508239746094e-01 2.029524803161621094e+00
2.018294525146484375e+01 -5.544680953025817871e-01 2.087280750274658203e+00
2.004930305480957031e+01 -5.668695569038391113e-01 2.149109840393066406e+00
1.993327903747558594e+01 -5.776521563529968262e-01 2.201790094375610352e+00
1.981028366088867188e+01 -5.890960097312927246e-01 2.256704330444335938e+00
1.969003105163574219e+01 -6.002972126007080078e-01 2.309414863586425781e+00
1.957012367248535156e+01 -6.114770770072937012e-01 2.361006498336791992e+00
1.945075035095214844e+01 -6.226166486740112305e-01 2.411395072937011719e+00
1.936665534973144531e+01 -6.304697990417480469e-01 2.446200132369995117e+00
1.925929260253906250e+01 -6.404999494552612305e-01 2.490005016326904297e+00
1.909122276306152344e+01 -6.562087535858154297e-01 2.557306289672851562e+00
1.899277877807617188e+01 -6.654150485992431641e-01 2.595540046691894531e+00
1.889118576049804688e+01 -6.749175786972045898e-01 2.634268760681152344e+00
1.876546669006347656e+01 -6.866778135299682617e-01 2.681252956390380859e+00
1.864058685302734375e+01 -6.983596086502075195e-01 2.726750850677490234e+00
1.856750869750976562e+01 -7.051947116851806641e-01 2.752684116363525391e+00
1.844247436523437500e+01 -7.168873548507690430e-01 2.796353816986083984e+00
1.831005287170410156e+01 -7.292662858963012695e-01 2.841318368911743164e+00
1.821457672119140625e+01 -7.381866574287414551e-01 2.872741460800170898e+00
1.814469528198242188e+01 -7.447122931480407715e-01 2.895207405090332031e+00
1.802255821228027344e+01 -7.561125159263610840e-01 2.933784008026123047e+00
1.795801925659179688e+01 -7.621313929557800293e-01 2.953524827957153320e+00
1.782386779785156250e+01 -7.746356129646301270e-01 2.993843317031860352e+00
1.768799209594726562e+01 -7.872853875160217285e-01 3.033156156539916992e+00
1.762445449829101562e+01 -7.931922078132629395e-01 3.050805330276489258e+00
1.749118804931640625e+01 -8.055723905563354492e-01 3.087095737457275391e+00
1.743303489685058594e+01 -8.109657764434814453e-01 3.102256774902343750e+00
1.728704261779785156e+01 -8.244950771331787109e-01 3.139570713043212891e+00
1.722181892395019531e+01 -8.305267095565795898e-01 3.155391454696655273e+00
1.716598701477050781e+01 -8.356845378875732422e-01 3.168605089187622070e+00
1.702625465393066406e+01 -8.485811352729797363e-01 3.200965166091918945e+00
1.695389366149902344e+01 -8.552436232566833496e-01 3.216790914535522461e+00
1.687647438049316406e+01 -8.623621463775634766e-01 3.233199834823608398e+00
1.672089004516601562e+01 -8.766463994979858398e-01 3.265040636062622070e+00
1.666754531860351562e+01 -8.815285563468933105e-01 3.275164127349853516e+00
1.653432273864746094e+01 -8.937069177627563477e-01 3.299757957458496094e+00
1.647891426086425781e+01 -8.987569212913513184e-01 3.309263229370117188e+00
1.639296531677246094e+01 -9.065798521041870117e-01 3.323535442352294922e+00
1.624314498901367188e+01 -9.201878309249877930e-01 3.347125768661499023e+00
1.619638633728027344e+01 -9.244187474250793457e-01 3.353776931762695312e+00
1.608783531188964844e+01 -9.342286586761474609e-01 3.368695974349975586e+00
1.599680328369140625e+01 -9.424310922622680664e-01 3.380181550979614258e+00
1.591053485870361328e+01 -9.501844048500061035e-01 3.390240669250488281e+00
1.579603576660156250e+01 -9.604493379592895508e-01 3.402542114257812500e+00
1.572444343566894531e+01 -9.668458700180053711e-01 3.409351348876953125e+00
1.565537357330322266e+01 -9.730036258697509766e-01 3.415382385253906250e+00
1.553553962707519531e+01 -9.836643934249877930e-01 3.424936771392822266e+00
1.549588680267333984e+01 -9.871787428855895996e-01 3.427569866180419922e+00
1.538406848907470703e+01 -9.970766901969909668e-01 3.434497356414794922e+00
1.527011871337890625e+01 -1.007127165794372559e+00 3.440111875534057617e+00
1.520695018768310547e+01 -1.012678146362304688e+00 3.442396163940429688e+00
1.510908889770507812e+01 -1.021260380744934082e+00 3.445215940475463867e+00
1.503576278686523438e+01 -1.027670502662658691e+00 3.446485280990600586e+00
1.493944931030273438e+01 -1.036070346832275391e+00 3.447313308715820312e+00
1.484911823272705078e+01 -1.043924093246459961e+00 3.447044372558593750e+00
1.481077575683593750e+01 -1.047248244285583496e+00 3.446508884429931641e+00
1.473504734039306641e+01 -1.053805947303771973e+00 3.445095539093017578e+00
1.463237762451171875e+01 -1.062675952911376953e+00 3.442218542098999023e+00
1.453680324554443359e+01 -1.070907473564147949e+00 3.438313484191894531e+00
1.448657703399658203e+01 -1.075221300125122070e+00 3.435652971267700195e+00
1.442040634155273438e+01 -1.080896735191345215e+00 3.431722879409790039e+00
1.431852436065673828e+01 -1.089619398117065430e+00 3.424802303314208984e+00
1.419920635223388672e+01 -1.099807620048522949e+00 3.415111541748046875e+00
1.413759708404541016e+01 -1.105052828788757324e+00 3.409133911132812500e+00
1.407749080657958984e+01 -1.110162973403930664e+00 3.402805566787719727e+00
1.401241970062255859e+01 -1.115688204765319824e+00 3.395425319671630859e+00
1.392447376251220703e+01 -1.123145818710327148e+00 3.384669780731201172e+00
1.385876274108886719e+01 -1.128708720207214355e+00 3.375835895538330078e+00
1.378577899932861328e+01 -1.134880304336547852e+00 3.365355253219604492e+00
1.366054630279541016e+01 -1.145457744598388672e+00 3.346083164215087891e+00
1.357931900024414062e+01 -1.152305960655212402e+00 3.332128047943115234e+00
1.355417442321777344e+01 -1.154423832893371582e+00 3.327511548995971680e+00
1.348569679260253906e+01 -1.160190105438232422e+00 3.314687013626098633e+00
1.339457035064697266e+01 -1.167858481407165527e+00 3.296700716018676758e+00
1.331263160705566406e+01 -1.174748659133911133e+00 3.279413461685180664e+00
1.325403690338134766e+01 -1.179673194885253906e+00 3.266325235366821289e+00
1.317502880096435547e+01 -1.186311602592468262e+00 3.247969627380371094e+00
1.310800743103027344e+01 -1.191941499710083008e+00 3.231580734252929688e+00
1.300228500366210938e+01 -1.200821161270141602e+00 3.204620838165283203e+00
1.293393802642822266e+01 -1.206561326980590820e+00 3.186047315597534180e+00
1.286683750152587891e+01 -1.212197303771972656e+00 3.167076349258422852e+00
1.280974578857421875e+01 -1.216993570327758789e+00 3.150313138961791992e+00
1.270945262908935547e+01 -1.225421190261840820e+00 3.119926214218139648e+00
1.263579845428466797e+01 -1.231613397598266602e+00 3.096384048461914062e+00
1.261034584045410156e+01 -1.233754277229309082e+00 3.087933063507080078e+00
1.253796195983886719e+01 -1.239843964576721191e+00 3.063586950302124023e+00
1.245190525054931641e+01 -1.247088313102722168e+00 3.033576250076293945e+00
1.240698528289794922e+01 -1.250872850418090820e+00 3.017241477966308594e+00
1.231954860687255859e+01 -1.258242964744567871e+00 2.984757423400878906e+00
1.224363899230957031e+01 -1.264647960662841797e+00 2.955380439758300781e+00
1.217925643920898438e+01 -1.270085453987121582e+00 2.929587364196777344e+00
1.212225341796875000e+01 -1.274904012680053711e+00 2.906084299087524414e+00
1.204402065277099609e+01 -1.281522750854492188e+00 2.873009681701660156e+00
1.195537471771240234e+01 -1.289031505584716797e+00 2.834245920181274414e+00
1.192904949188232422e+01 -1.291264653205871582e+00 2.822294950485229492e+00
1.183959102630615234e+01 -1.298856735229492188e+00 2.781236171722412109e+00
1.180615139007568359e+01 -1.301699161529541016e+00 2.765314340591430664e+00
1.173978137969970703e+01 -1.307344198226928711e+00 2.733283042907714844e+00
1.164984798431396484e+01 -1.315003037452697754e+00 2.688712120056152344e+00
1.160848712921142578e+01 -1.318531632423400879e+00 2.667476177215576172e+00
1.154863071441650391e+01 -1.323642373085021973e+00 2.636248111724853516e+00
1.147731113433837891e+01 -1.329739570617675781e+00 2.598176002502441406e+00
1.139406108856201172e+01 -1.336867570877075195e+00 2.552520275115966797e+00
1.132421493530273438e+01 -1.342858910560607910e+00 2.513009786605834961e+00
1.128672313690185547e+01 -1.346080064773559570e+00 2.491250991821289062e+00
1.120124626159667969e+01 -1.353430151939392090e+00 2.440964221954345703e+00
1.116340446472167969e+01 -1.356690645217895508e+00 2.418007850646972656e+00
1.108062648773193359e+01 -1.363829493522644043e+00 2.367111682891845703e+00
1.102929973602294922e+01 -1.368264794349670410e+00 2.334621906280517578e+00
1.095667171478271484e+01 -1.374548912048339844e+00 2.287821292877197266e+00
1.087972927093505859e+01 -1.381218433380126953e+00 2.236986637115478516e+00
1.082246494293212891e+01 -1.386191844940185547e+00 2.198150873184204102e+00
1.080723571777343750e+01 -1.387516498565673828e+00 2.187621831893920898e+00
1.070565795898437500e+01 -1.396355271339416504e+00 2.117034435272216797e+00
1.068518543243408203e+01 -1.398141384124755859e+00 2.102320909500122070e+00
1.058451461791992188e+01 -1.406929135322570801e+00 2.029479265213012695e+00
1.055740070343017578e+01 -1.409302353858947754e+00 2.009206056594848633e+00
1.049445533752441406e+01 -1.414815664291381836e+00 1.961727976799011230e+00
1.044996547698974609e+01 -1.418719053268432617e+00 1.927485346794128418e+00
1.039138412475585938e+01 -1.423864960670471191e+00 1.881752967834472656e+00
1.030590343475341797e+01 -1.431385636329650879e+00 1.813771486282348633e+00
1.023916053771972656e+01 -1.437271475791931152e+00 1.759248137474060059e+00
1.019769382476806641e+01 -1.440934896469116211e+00 1.724662661552429199e+00
1.013671207427978516e+01 -1.446328520774841309e+00 1.673144340515136719e+00
1.007870101928710938e+01 -1.451467871665954590e+00 1.623208880424499512e+00
1.004524898529052734e+01 -1.454436182975769043e+00 1.593898773193359375e+00
9.999450683593750000e+00 -1.458503723144531250e+00 1.553361296653747559e+00
9.946195602416992188e+00 -1.463239431381225586e+00 1.505566358566284180e+00
9.876046180725097656e+00 -1.469486474990844727e+00 1.441592454910278320e+00
9.826300621032714844e+00 -1.473924994468688965e+00 1.395264148712158203e+00
9.779819488525390625e+00 -1.478077769279479980e+00 1.351331233978271484e+00
9.720814704895019531e+00 -1.483355998992919922e+00 1.294788360595703125e+00
9.669530868530273438e+00 -1.487950801849365234e+00 1.244783282279968262e+00
9.582550048828125000e+00 -1.495754599571228027e+00 1.158686041831970215e+00
9.562373161315917969e+00 -1.497568964958190918e+00 1.138201713562011719e+00
9.492874145507812500e+00 -1.503821969032287598e+00 1.067229390144348145e+00
9.438178062438964844e+00 -1.508751988410949707e+00 1.010241031646728516e+00
9.388181686401367188e+00 -1.513264775276184082e+00 9.573241472244262695e-01
9.354788780212402344e+00 -1.516282677650451660e+00 9.214711785316467285e-01
9.294147491455078125e+00 -1.521767854690551758e+00 8.557379245758056641e-01
9.253802299499511719e+00 -1.525422692298889160e+00 8.112446665763854980e-01
9.188733100891113281e+00 -1.531323313713073730e+00 7.386589646339416504e-01
9.146448135375976562e+00 -1.535163879394531250e+00 6.906151771545410156e-01
9.080986976623535156e+00 -1.541115403175354004e+00 6.153482198715209961e-01
9.025657653808593750e+00 -1.546153664588928223e+00 5.505523681640625000e-01
8.982301712036132812e+00 -1.550106644630432129e+00 4.989874958992004395e-01
8.936647415161132812e+00 -1.554273366928100586e+00 4.440293908119201660e-01
8.889215469360351562e+00 -1.558606743812561035e+00 3.862020373344421387e-01
8.822455406188964844e+00 -1.564712285995483398e+00 3.037336468696594238e-01
8.797974586486816406e+00 -1.566954493522644043e+00 2.729287743568420410e-01
8.729572296142578125e+00 -1.573222517967224121e+00 1.862758100032806396e-01
8.680543899536132812e+00 -1.577721595764160156e+00 1.229861751198768616e-01
8.645634651184082031e+00 -1.580928087234497070e+00 7.731236517429351807e-02
8.602653503417968750e+00 -1.584878563880920410e+00 2.053806558251380920e-02
8.548696517944335938e+00 -1.589841842651367188e+00 -5.157737061381340027e-02
8.519283294677734375e+00 -1.589313387870788574e+00 -7.207162678241729736e-03
8.478148460388183594e+00 -1.588610172271728516e+00 5.263037234544754028e-02
8.432188987731933594e+00 -1.587875366210937500e+00 1.162371411919593811e-01
8.384903907775878906e+00 -1.587171316146850586e+00 1.782211661338806152e-01
8.327830314636230469e+00 -1.586378216743469238e+00 2.490669339895248413e-01
8.268465995788574219e+00 -1.585615515708923340e+00 3.181466162204742432e-01
8.244170188903808594e+00 -1.585325956344604492e+00 3.446129560470581055e-01
8.169486045837402344e+00 -1.584460377693176270e+00 4.238456785678863525e-01
8.119629859924316406e+00 -1.583928704261779785e+00 4.725754857063293457e-01
8.069685935974121094e+00 -1.583420991897583008e+00 5.188209414482116699e-01
8.024160385131835938e+00 -1.582977771759033203e+00 5.587484240531921387e-01
7.992463111877441406e+00 -1.582679629325866699e+00 5.852014422416687012e-01
7.953073024749755859e+00 -1.582316875457763672e+00 6.169545054435729980e-01
7.880820751190185547e+00 -1.581666827201843262e+00 6.727204322814941406e-01
7.828720569610595703e+00 -1.581215023994445801e+00 7.097827196121215820e-01
7.763401031494140625e+00 -1.580658793449401855e+00 7.535483837127685547e-01
7.703598976135253906e+00 -1.580157279968261719e+00 7.906384468078613281e-01
7.670609474182128906e+00 -1.579882144927978516e+00 8.096573948860168457e-01
7.623415470123291016e+00 -1.579488277435302734e+00 8.357642292976379395e-01
7.575765609741210938e+00 -1.579088926315307617e+00 8.605648279190063477e-01
7.528799057006835938e+00 -1.578691959381103516e+00 8.834975957870483398e-01
7.451447010040283203e+00 -1.578030109405517578e+00 9.188686013221740723e-01
7.393826484680175781e+00 -1.577524185180664062e+00 9.423440694808959961e-01
7.325998783111572266e+00 -1.576912999153137207e+00 9.675330519676208496e-01
7.284296512603759766e+00 -1.576523542404174805e+00 9.812876582145690918e-01
7.209606647491455078e+00 -1.575808167457580566e+00 1.004052996635437012e+00
7.166176319122314453e+00 -1.575371623039245605e+00 1.015369176864624023e+00
7.100095748901367188e+00 -1.574686288833618164e+00 1.030916094779968262e+00
7.074740409851074219e+00 -1.574409961700439453e+00 1.035915255546569824e+00
6.986140251159667969e+00 -1.573424577713012695e+00 1.052102804183959961e+00
6.937610149383544922e+00 -1.572845101356506348e+00 1.058527946472167969e+00
6.903726100921630859e+00 -1.572423338890075684e+00 1.062089443206787109e+00
6.846168994903564453e+00 -1.571684956550598145e+00 1.067046761512756348e+00
6.756144046783447266e+00 -1.570469379425048828e+00 1.071902036666870117e+00
6.739967346191406250e+00 -1.570232629776000977e+00 1.071960330009460449e+00
6.664072990417480469e+00 -1.569104671478271484e+00 1.071548104286193848e+00
6.614422798156738281e+00 -1.568312883377075195e+00 1.069166660308837891e+00
6.542433261871337891e+00 -1.567109107971191406e+00 1.063701272010803223e+00
6.478618621826171875e+00 -1.565966129302978516e+00 1.056251525878906250e+00
6.444238662719726562e+00 -1.565311193466186523e+00 1.050980806350708008e+00
6.385754108428955078e+00 -1.564158558845520020e+00 1.040851116180419922e+00
6.305981636047363281e+00 -1.562493443489074707e+00 1.024307608604431152e+00
6.259825229644775391e+00 -1.561451673507690430e+00 1.012546539306640625e+00
6.200318813323974609e+00 -1.560045003890991211e+00 9.957176446914672852e-01
6.166029930114746094e+00 -1.559184670448303223e+00 9.847607612609863281e-01
6.120936870574951172e+00 -1.558013081550598145e+00 9.693785309791564941e-01
6.059818744659423828e+00 -1.556350469589233398e+00 9.467679858207702637e-01
5.993904590606689453e+00 -1.554442405700683594e+00 9.197490215301513672e-01
5.966864585876464844e+00 -1.553604960441589355e+00 9.074633121490478516e-01
5.907982349395751953e+00 -1.551728725433349609e+00 8.796057701110839844e-01
5.865618705749511719e+00 -1.550293326377868652e+00 8.577950596809387207e-01
5.798773288726806641e+00 -1.547924399375915527e+00 8.213050365447998047e-01
5.732508182525634766e+00 -1.545403361320495605e+00 7.817754745483398438e-01
5.714730739593505859e+00 -1.544676899909973145e+00 7.702338695526123047e-01
5.639807224273681641e+00 -1.541554212570190430e+00 7.204887270927429199e-01
5.581574916839599609e+00 -1.538918614387512207e+00 6.781030297279357910e-01
5.560476303100585938e+00 -1.537898659706115723e+00 6.616296768188476562e-01
5.496153831481933594e+00 -1.534711480140686035e+00 6.101185679435729980e-01
5.439709186553955078e+00 -1.531697273254394531e+00 5.613358020782470703e-01
5.395031929016113281e+00 -1.529144525527954102e+00 5.200587511062622070e-01
5.376445293426513672e+00 -1.528022289276123047e+00 5.019518136978149414e-01
5.337197303771972656e+00 -1.525595903396606445e+00 4.628549814224243164e-01
5.292308330535888672e+00 -1.522678017616271973e+00 4.159854352474212646e-01
5.231323719024658203e+00 -1.518473982810974121e+00 3.487576842308044434e-01
5.189542293548583984e+00 -1.515347599983215332e+00 2.991256117820739746e-01
5.151160240173339844e+00 -1.512301206588745117e+00 2.510653436183929443e-01
5.122616767883300781e+00 -1.509904980659484863e+00 2.135084420442581177e-01
5.089299201965332031e+00 -1.506984233856201172e+00 1.679796576499938965e-01
5.039480209350585938e+00 -1.502384543418884277e+00 9.676029533147811890e-02
5.006156444549560547e+00 -1.499050855636596680e+00 4.569577425718307495e-02
4.964102745056152344e+00 -1.494597673416137695e+00 -2.196627855300903320e-02
4.924206256866455078e+00 -1.487869024276733398e+00 2.471751719713211060e-02
4.875936031341552734e+00 -1.479791283607482910e+00 7.876833528280258179e-02
4.824298381805419922e+00 -1.471224546432495117e+00 1.336254775524139404e-01
4.773384571075439453e+00 -1.462848901748657227e+00 1.847853809595108032e-01
4.715576171875000000e+00 -1.453410506248474121e+00 2.397975921630859375e-01
4.666955947875976562e+00 -1.445533633232116699e+00 2.833023965358734131e-01
4.598383903503417969e+00 -1.434489488601684570e+00 3.415703177452087402e-01
4.554680824279785156e+00 -1.427503466606140137e+00 3.760737776756286621e-01
4.489027976989746094e+00 -1.417053103446960449e+00 4.255271553993225098e-01
4.403023719787597656e+00 -1.403442740440368652e+00 4.858196675777435303e-01
4.362918853759765625e+00 -1.397138118743896484e+00 5.113415718078613281e-01
4.285404205322265625e+00 -1.384984016418457031e+00 5.584556460380554199e-01
4.221443176269531250e+00 -1.375000596046447754e+00 5.939112901687622070e-01
4.166059494018554688e+00 -1.366382718086242676e+00 6.222760081291198730e-01
4.084695339202880859e+00 -1.353750586509704590e+00 6.610729098320007324e-01
4.068812847137451172e+00 -1.351291537284851074e+00 6.678467988967895508e-01
3.969400405883789062e+00 -1.335905909538269043e+00 7.092986106872558594e-01
3.894472122192382812e+00 -1.324335932731628418e+00 7.361333370208740234e-01
3.835331201553344727e+00 -1.315212130546569824e+00 7.547823190689086914e-01
3.806632518768310547e+00 -1.310786008834838867e+00 7.628839612007141113e-01
3.734104871749877930e+00 -1.299599766731262207e+00 7.822131514549255371e-01
3.677457094192504883e+00 -1.290860176086425781e+00 7.950692176818847656e-01
3.590569496154785156e+00 -1.277446746826171875e+00 8.121443390846252441e-01
3.520001649856567383e+00 -1.266536951065063477e+00 8.227543234825134277e-01
3.475637435913085938e+00 -1.259666204452514648e+00 8.277804851531982422e-01
3.399274349212646484e+00 -1.247822999954223633e+00 8.346646428108215332e-01
3.326632261276245117e+00 -1.236525774002075195e+00 8.383263945579528809e-01
3.275891542434692383e+00 -1.228609681129455566e+00 8.389696478843688965e-01
3.189047813415527344e+00 -1.215026259422302246e+00 8.377807736396789551e-01
3.128969907760620117e+00 -1.205583572387695312e+00 8.342359066009521484e-01
3.101051568984985352e+00 -1.201178312301635742e+00 8.317077159881591797e-01
3.008671283721923828e+00 -1.186572551727294922e+00 8.219797611236572266e-01
2.964685201644897461e+00 -1.179569959640502930e+00 8.151819109916687012e-01
2.885125160217285156e+00 -1.166856288909912109e+00 8.009945750236511230e-01
2.802273035049438477e+00 -1.153520584106445312e+00 7.826076745986938477e-01
2.743935585021972656e+00 -1.144051790237426758e+00 7.669520974159240723e-01
2.705568313598632812e+00 -1.137783527374267578e+00 7.553704380989074707e-01
2.649630784988403320e+00 -1.128602385520935059e+00 7.372285723686218262e-01
2.591515541076660156e+00 -1.118996143341064453e+00 7.164422273635864258e-01
2.516772270202636719e+00 -1.106543660163879395e+00 6.870521306991577148e-01
2.477086067199707031e+00 -1.099859356880187988e+00 6.695750951766967773e-01
2.397402048110961914e+00 -1.086353421211242676e+00 6.324190497398376465e-01
2.364694356918334961e+00 -1.080735087394714355e+00 6.154112219810485840e-01
2.292117357254028320e+00 -1.068193197250366211e+00 5.760048031806945801e-01
2.240031242370605469e+00 -1.059065699577331543e+00 5.449822545051574707e-01
2.150490999221801758e+00 -1.043202042579650879e+00 4.880968928337097168e-01
2.106546401977539062e+00 -1.035257101058959961e+00 4.570140838623046875e-01
2.068927049636840820e+00 -1.028379917144775391e+00 4.289829730987548828e-01
2.026651859283447266e+00 -1.020573377609252930e+00 3.960562348365783691e-01
1.956580877304077148e+00 -1.007478833198547363e+00 3.387114405632019043e-01
1.917893290519714355e+00 -1.000094652175903320e+00 3.043657541275024414e-01
1.854753375053405762e+00 -9.878877401351928711e-01 2.457123845815658569e-01
1.794305324554443359e+00 -9.759370088577270508e-01 1.852396577596664429e-01
1.755211472511291504e+00 -9.680231213569641113e-01 1.432075500488281250e-01
1.708119034767150879e+00 -9.583284854888916016e-01 9.010180830955505371e-02
1.666262984275817871e+00 -9.495223760604858398e-01 4.005848616361618042e-02
1.608626961708068848e+00 -9.371385574340820312e-01 -3.262980282306671143e-02
1.545540809631347656e+00 -9.194234609603881836e-01 2.994278818368911743e-02
1.502823829650878906e+00 -9.075034260749816895e-01 6.954578310251235962e-02
1.448483943939208984e+00 -8.923979401588439941e-01 1.176984757184982300e-01
1.374279856681823730e+00 -8.718631267547607422e-01 1.797756999731063843e-01
1.321574568748474121e+00 -8.573586344718933105e-01 2.205102890729904175e-01
1.228894233703613281e+00 -8.319417834281921387e-01 2.882087230682373047e-01
1.166815519332885742e+00 -8.150115013122558594e-01 3.291659653186798096e-01
1.118683338165283203e+00 -8.019263744354248047e-01 3.587887883186340332e-01
1.042284131050109863e+00 -7.812023758888244629e-01 4.032889306545257568e-01
9.541943669319152832e-01 -7.573833465576171875e-01 4.501488208770751953e-01
8.576921224594116211e-01 -7.313719391822814941e-01 4.961215555667877197e-01
8.029224872589111328e-01 -7.166513800621032715e-01 5.190336108207702637e-01
7.220761179924011230e-01 -6.949499845504760742e-01 5.502948760986328125e-01
6.678959727287292480e-01 -6.804300546646118164e-01 5.687739849090576172e-01
5.791791677474975586e-01 -6.566740870475769043e-01 5.963929891586303711e-01
5.113205909729003906e-01 -6.385229229927062988e-01 6.142754554748535156e-01
4.230687618255615234e-01 -6.149285435676574707e-01 6.343788504600524902e-01
3.841327130794525146e-01 -6.045222878456115723e-01 6.414673328399658203e-01
2.815468311309814453e-01 -5.771036744117736816e-01 6.581031084060668945e-01
2.175946533679962158e-01 -5.600059628486633301e-01 6.651434302330017090e-01
1.398929804563522339e-01 -5.392215251922607422e-01 6.712001562118530273e-01
2.567273378372192383e-02 -5.086417198181152344e-01 6.756573915481567383e-01
-2.916166558861732483e-03 -5.009741783142089844e-01 6.751370429992675781e-01
-8.610237389802932739e-02 -4.786499142646789551e-01 6.724302768707275391e-01
-1.731708049774169922e-01 -4.552386403083801270e-01 6.659463644027709961e-01
-2.689014077186584473e-01 -4.294354617595672607e-01 6.545748114585876465e-01
-3.166395723819732666e-01 -4.165270924568176270e-01 6.465429663658142090e-01
-4.096792936325073242e-01 -3.913219571113586426e-01 6.285569071769714355e-01
-4.892560541629791260e-01 -3.696781992912292480e-01 6.092178821563720703e-01
-5.300366282463073730e-01 -3.585427403450012207e-01 5.975261330604553223e-01
-6.067188978195190430e-01 -3.375566005706787109e-01 5.737844705581665039e-01
-6.757192015647888184e-01 -3.185869157314300537e-01 5.493826866149902344e-01
-7.726789712905883789e-01 -2.918087542057037354e-01 5.111216902732849121e-01
-7.982173562049865723e-01 -2.847053706645965576e-01 4.995141327381134033e-01
-8.812609314918518066e-01 -2.615581452846527100e-01 4.604050517082214355e-01
-9.685818552970886230e-01 -2.370423078536987305e-01 4.144806563854217529e-01
-1.028560161590576172e+00 -2.200584411621093750e-01 3.792639374732971191e-01
-1.086710810661315918e+00 -2.034826129674911499e-01 3.425250947475433350e-01
-1.155744433403015137e+00 -1.836660355329513550e-01 2.957699298858642578e-01
-1.201044797897338867e+00 -1.705431044101715088e-01 2.624990344047546387e-01
-1.273813486099243164e+00 -1.493229418992996216e-01 2.061524540185928345e-01
-1.336905121803283691e+00 -1.307113915681838989e-01 1.530097126960754395e-01
-1.413615226745605469e+00 -1.078266948461532593e-01 8.348604291677474976e-02
-1.441053390502929688e+00 -9.951475262641906738e-02 5.628412216901779175e-02
-1.523263812065124512e+00 -7.445598393678665161e-02 -2.794644236564636230e-02
-1.589098811149597168e+00 -4.949142038822174072e-02 2.774322032928466797e-02
-1.630068540573120117e+00 -3.402740508317947388e-02 6.008356437087059021e-02
-1.758916854858398438e+00 1.447908952832221985e-02 1.575156301259994507e-01
-1.797218084335327148e+00 2.878846973180770874e-02 1.827043145895004272e-01
-1.948706030845642090e+00 8.527596294879913330e-02 2.782587707042694092e-01
-2.028054714202880859e+00 1.146551296114921570e-01 3.202725052833557129e-01
-2.076195001602172852e+00 1.324253529310226440e-01 3.434152007102966309e-01
-2.163020372390747070e+00 1.644227206707000732e-01 3.826839625835418701e-01
-2.262479543685913086e+00 2.009747773408889771e-01 4.227015674114227295e-01
-2.352061986923217773e+00 2.338055670261383057e-01 4.538188874721527100e-01
-2.445347070693969727e+00 2.679200768470764160e-01 4.817664027214050293e-01
-2.533861160278320312e+00 3.002279400825500488e-01 5.040041804313659668e-01
-2.649298191070556641e+00 3.422987461090087891e-01 5.278334021568298340e-01
-2.708501338958740234e+00 3.638401627540588379e-01 5.366593003273010254e-01
-2.852586269378662109e+00 4.162345528602600098e-01 5.539695620536804199e-01
-2.943297624588012695e+00 4.491811394691467285e-01 5.585163235664367676e-01
-3.011447429656982422e+00 4.739253818988800049e-01 5.589491128921508789e-01
-3.132136106491088867e+00 5.177441239356994629e-01 5.557429790496826172e-01
-3.179785966873168945e+00 5.350482463836669922e-01 5.516803860664367676e-01
-3.254851818084716797e+00 5.623161792755126953e-01 5.435252785682678223e-01
-3.390197992324829102e+00 6.115098595619201660e-01 5.237873196601867676e-01
-3.468824863433837891e+00 6.401292681694030762e-01 5.069398283958435059e-01
-3.566014289855957031e+00 6.755502223968505859e-01 4.821377098560333252e-01
-3.677664756774902344e+00 7.163195610046386719e-01 4.478369951248168945e-01
-3.769245862960815430e+00 7.498521804809570312e-01 4.140075147151947021e-01
-3.831709861755371094e+00 7.727876901626586914e-01 3.875923156738281250e-01
-3.924628973007202148e+00 8.069828748703002930e-01 3.447586297988891602e-01
-3.962316036224365234e+00 8.209047317504882812e-01 3.251539766788482666e-01
-4.049073696136474609e+00 8.530108928680419922e-01 2.778360843658447266e-01
-4.165463447570800781e+00 8.962753415107727051e-01 2.073237001895904541e-01
-4.224050521850585938e+00 9.182066917419433594e-01 1.666935086250305176e-01
-4.300514698028564453e+00 9.469524621963500977e-01 1.099819689989089966e-01
-4.366006374359130859e+00 9.717271924018859863e-01 5.700413882732391357e-02
-4.454610824584960938e+00 1.005451560020446777e+00 -2.021422982215881348e-02
-4.525259017944335938e+00 1.038687944412231445e+00 3.399439901113510132e-02
-4.671872615814208984e+00 1.107336282730102539e+00 1.383890807628631592e-01
-4.743244647979736328e+00 1.140456795692443848e+00 1.816212385892868042e-01
-4.846564292907714844e+00 1.188222885131835938e+00 2.393389046192169189e-01
-4.985888957977294922e+00 1.252310991287231445e+00 3.081356585025787354e-01
-5.093639850616455078e+00 1.301573395729064941e+00 3.524890840053558350e-01
-5.273895263671875000e+00 1.383642554283142090e+00 4.159252941608428955e-01
-5.313937187194824219e+00 1.401759624481201172e+00 4.262006282806396484e-01
-5.445637226104736328e+00 1.461277484893798828e+00 4.573342800140380859e-01
-5.601972103118896484e+00 1.531665205955505371e+00 4.840250611305236816e-01
-5.716166496276855469e+00 1.582879066467285156e+00 4.948269128799438477e-01
-5.794806957244873047e+00 1.618062019348144531e+00 4.979596138000488281e-01
-5.911389350891113281e+00 1.670143365859985352e+00 4.982258975505828857e-01
-6.124759197235107422e+00 1.765273928642272949e+00 4.867939352989196777e-01
-6.211756229400634766e+00 1.803941488265991211e+00 4.731013178825378418e-01
-6.301331043243408203e+00 1.843721508979797363e+00 4.551164805889129639e-01
-6.426755905151367188e+00 1.899385452270507812e+00 4.242046475410461426e-01
-6.521969318389892578e+00 1.941614031791687012e+00 3.944492042064666748e-01
-6.641069412231445312e+00 1.994428396224975586e+00 3.509966135025024414e-01
-6.777159214019775391e+00 2.054786205291748047e+00 2.920028865337371826e-01
-6.903353214263916016e+00 2.110796928405761719e+00 2.267037332057952881e-01
-6.948857307434082031e+00 2.131022214889526367e+00 1.992963105440139771e-01
-7.103592872619628906e+00 2.199851751327514648e+00 1.010016724467277527e-01
-7.144701480865478516e+00 2.218196153640747070e+00 6.992483884096145630e-02
-7.246810913085937500e+00 2.263819694519042969e+00 -1.092974096536636353e-02
-7.379300594329833984e+00 2.337185382843017578e+00 8.417764306068420410e-02
-7.550826072692871094e+00 2.431201219558715820e+00 1.906929612159729004e-01
-7.814244270324707031e+00 2.573893547058105469e+00 3.244825005531311035e-01
-7.920405387878417969e+00 2.630495548248291016e+00 3.619097769260406494e-01
-8.037504196166992188e+00 2.692587375640869141e+00 3.965702652931213379e-01
-8.325596809387207031e+00 2.844474554061889648e+00 4.644488394260406494e-01
-8.484497070312500000e+00 2.927135705947875977e+00 4.789920449256896973e-01
-8.636614799499511719e+00 3.005751132965087891e+00 4.812566637992858887e-01
-8.827846527099609375e+00 3.103994131088256836e+00 4.700799584388732910e-01
-8.898765563964843750e+00 3.140166521072387695e+00 4.592924416065216064e-01
-9.142291069030761719e+00 3.264065742492675781e+00 4.136186838150024414e-01
-9.281902313232421875e+00 3.334481477737426758e+00 3.697395622730255127e-01
-9.457974433898925781e+00 3.422872543334960938e+00 3.006935119628906250e-01
-9.597431182861328125e+00 3.492476701736450195e+00 2.312347590923309326e-01
-9.688810348510742188e+00 3.537882328033447266e+00 1.772571802139282227e-01
-9.874689102172851562e+00 3.629984855651855469e+00 5.509668588638305664e-02
-9.951179504394531250e+00 3.667665243148803711e+00 -6.796862930059432983e-03
-1.021676349639892578e+01 3.831646919250488281e+00 1.951327025890350342e-01
-1.043545436859130859e+01 3.962072372436523438e+00 3.180217146873474121e-01
-1.088742351531982422e+01 4.225050926208496094e+00 5.106756687164306641e-01
-1.102345657348632812e+01 4.300577640533447266e+00 5.350236892700195312e-01
-1.135417556762695312e+01 4.481848716735839844e+00 5.725218057632446289e-01
-1.160130786895751953e+01 4.613077163696289062e+00 5.614373087882995605e-01
-1.199267578125000000e+01 4.815926551818847656e+00 4.976763427257537842e-01
-1.212027645111083984e+01 4.879354476928710938e+00 4.515113234519958496e-01
-1.245560455322265625e+01 5.043550968170166016e+00 3.064769506454467773e-01
-1.269643211364746094e+01 5.156214714050292969e+00 1.518007367849349976e-01
-1.283411026000976562e+01 5.217990875244140625e+00 3.750063478946685791e-02
-1.301888084411621094e+01 5.298451423645019531e+00 -1.404520422220230103e-01
-1.380790615081787109e+01 5.732357978820800781e+00 2.863180041313171387e-01
-1.455511188507080078e+01 6.072379112243652344e+00 3.683000206947326660e-01
-1.511124706268310547e+01 6.282763957977294922e+00 2.511163651943206787e-01
-1.544578075408935547e+01 6.387932777404785156e+00 9.618747234344482422e-02
-1.625038909912109375e+01 6.602455139160156250e+00 -4.236191511154174805e-01
-1.647164726257324219e+01 6.619991779327392578e+00 -7.229764461517333984e-01
-2.211015319824218750e+01 3.472035169601440430e+00 1.719462871551513672e-01
-1.852594375610351562e+01 -7.844839096069335938e+00 -7.072421073913574219e+00
-5.723946571350097656e+00 -3.808464527130126953e+00 -6.095118522644042969e+00
7.873640060424804688e-01 3.677769088745117188e+01 1.687148284912109375e+01
-8.894060516357421875e+01 3.153720474243164062e+01 1.986088562011718750e+01
1.082702636718750000e+01 -3.207178039550781250e+02 -2.190910339355468750e+02
5.677018432617187500e+02 9.932541503906250000e+02 5.292241210937500000e+02
-1.003888437500000000e+05 -1.233722656250000000e+05 -6.897485937500000000e+04
6.125979520000000000e+08 4.910255360000000000e+08 2.416115360000000000e+08
-3.793321289842688000e+15 -1.895001982238720000e+15 -8.643836431564800000e+14
1.339152366713609192e+30 3.775137591005632076e+29 9.862645398953915698e+28
3.458373789940114776e+30 9.749328626198931580e+29 2.547037641207936938e+29
3.998108091282167985e+30 1.127086679561452142e+30 2.944543595482126583e+29
5.936060305916834486e+30 1.673405093148581524e+30 4.371814640745309821e+29
6.392288358500462088e+30 1.802018177625558367e+30 4.707819705155813559e+29
7.815965342859794760e+30 2.203359789072862190e+30 5.756335046712370736e+29
9.452480971317200586e+30 2.664701597873459673e+30 6.961603110144028398e+29
1.060323569834361303e+31 2.989105054540304170e+30 7.809115266934403367e+29
1.177333928311295762e+31 3.318963184505249873e+30 8.670878392402123037e+29
1.296890163671756669e+31 3.655998404829792726e+30 9.551391201753428345e+29
1.452700270973730882e+31 4.095235005018736715e+30 1.069890812320345791e+30
1.516755568203757893e+31 4.275810139074389549e+30 1.117066497905576288e+30
1.661974639077834225e+31 4.685190200527765945e+30 1.224018049546698205e+30
1.758006628699577985e+31 4.955909190554438507e+30 1.294744139003067760e+30
1.926444449757754846e+31 5.430743820427754866e+30 1.418795946362638607e+30
2.016671782056618964e+31 5.685099395023033615e+30 1.485246971889395929e+30
2.149568755621691226e+31 6.059742484207058160e+30 1.583123419634125729e+30
2.287862857615851039e+31 6.449600509293842620e+30 1.684974966589475881e+30
2.368211936150062061e+31 6.676108477634298386e+30 1.744150827649519816e+30
2.499275694602270699e+31 7.045584013402380199e+30 1.840677207485194979e+30
2.682989139639352130e+31 7.563481185433279457e+30 1.975979278522099565e+30
2.782076326592425981e+31 7.842812562998886637e+30 2.048955330044499396e+30
2.950005068987963122e+31 8.316212197924320432e+30 2.172632219284262257e+30
3.057646373255466166e+31 8.619658623276690428e+30 2.251908436599856276e+30
3.113962006495738360e+31 8.778415366371393338e+30 2.293384112503467522e+30
3.299101016859309361e+31 9.300331612289601431e+30 2.429736135614707413e+30
3.371710552296347527e+31 9.505021491900562177e+30 2.483211911435268372e+30
3.564691139096266859e+31 1.004904294643042376e+31 2.625338973186807347e+30
3.710215826417541769e+31 1.045928406529882068e+31 2.732515687261832490e+30
3.789037306286087746e+31 1.068148583986980914e+31 2.790566491730997561e+30
3.928757215391901052e+31 1.107536354330681224e+31 2.893468141876410470e+30
4.009004502372100522e+31 1.130158499622801934e+31 2.952568898419910847e+30
4.153510790582932068e+31 1.170895552073774132e+31 3.058995474023865112e+30
4.319810142758792612e+31 1.217776123754863952e+31 3.181472353271933001e+30
4.375922192891041702e+31 1.233594434534193529e+31 3.222797971258184581e+30
4.510244973567767458e+31 1.271460650841326867e+31 3.321724371077249686e+30
4.652714463557712277e+31 1.311623463527982116e+31 3.426650971970517100e+30
4.803941895755273315e+31 1.354255265416036322e+31 3.538027494342883463e+30
4.895085714717987284e+31 1.379949170323215843e+31 3.605153402708440652e+30
5.074521738420108234e+31 1.430533165360113118e+31 3.737305315290884418e+30
5.116274651237302605e+31 1.442303508925045071e+31 3.768055854670057030e+30
5.268316899437283903e+31 1.485165006718826057e+31 3.880032608711862057e+30
5.405796427214187379e+31 1.523921113321777723e+31 3.981284075113500998e+30
