2.362122726440429688e+01 -2.534895539283752441e-01 1.866547465324401855e-01
2.344228363037109375e+01 -2.651742994785308838e-01 2.921808362007141113e-01
2.330987358093261719e+01 -2.739157378673553467e-01 3.696489334106445312e-01
2.310614776611328125e+01 -2.874701917171478271e-01 4.881106019020080566e-01
2.300575637817382812e+01 -2.942278981208801270e-01 5.459106564521789551e-01
2.279505157470703125e+01 -3.084885776042938232e-01 6.666035652160644531e-01
2.272908401489257812e+01 -3.130037784576416016e-01 7.039692997932434082e-01
2.250795555114746094e+01 -3.281891345977783203e-01 8.287630081176757812e-01
2.238868331909179688e+01 -3.364705145359039307e-01 8.952205181121826172e-01
2.221829032897949219e+01 -3.483673632144927979e-01 9.894762039184570312e-01
2.209481048583984375e+01 -3.570556044578552246e-01 1.057048201560974121e+00
2.199851799011230469e+01 -3.638670146465301514e-01 1.109313607215881348e+00
2.182063293457031250e+01 -3.765003681182861328e-01 1.205232501029968262e+00
2.162966537475585938e+01 -3.901608586311340332e-01 1.306912899017333984e+00
2.151717376708984375e+01 -3.982667922973632812e-01 1.365957379341125488e+00
2.143204879760742188e+01 -4.044254124164581299e-01 1.410244584083557129e+00
2.123111152648925781e+01 -4.190050959587097168e-01 1.514065623283386230e+00
2.111802864074707031e+01 -4.272655546665191650e-01 1.571512460708618164e+00
2.103170394897460938e+01 -4.335933327674865723e-01 1.614929318428039551e+00
2.087931823730468750e+01 -4.447918534278869629e-01 1.690970540046691895e+00
2.077088928222656250e+01 -4.527944624423980713e-01 1.744302749633789062e+00
2.067883300781250000e+01 -4.596081376075744629e-01 1.789101362228393555e+00
2.048467445373535156e+01 -4.740121364593505859e-01 1.882708668708801270e+00
2.042262840270996094e+01 -4.786365032196044922e-01 1.912012100219726562e+00
2.027554702758789062e+01 -4.896133244037628174e-01 1.981002569198608398e+00
2.013262176513671875e+01 -5.003122091293334961e-01 2.046926259994506836e+00
1.999284553527832031e+01 -5.108034014701843262e-01 2.110304355621337891e+00
1.995718574523925781e+01 -5.134862065315246582e-01 2.126192569732666016e+00
1.981023979187011719e+01 -5.245473980903625488e-01 2.191364288330078125e+00
1.967512702941894531e+01 -5.347396135330200195e-01 2.250128984451293945e+00
1.954670524597167969e+01 -5.444436073303222656e-01 2.304941892623901367e+00
1.942182540893554688e+01 -5.538930296897888184e-01 2.357254505157470703e+00
1.939244079589843750e+01 -5.561190843582153320e-01 2.369332313537597656e+00
1.922634696960449219e+01 -5.687041878700256348e-01 2.437286376953125000e+00
1.917133140563964844e+01 -5.728776454925537109e-01 2.459197998046875000e+00
1.899508285522460938e+01 -5.862510800361633301e-01 2.528744697570800781e+00
1.894255447387695312e+01 -5.902395844459533691e-01 2.548839807510375977e+00
1.877280235290527344e+01 -6.031299829483032227e-01 2.613157272338867188e+00
1.872984504699707031e+01 -6.063924431800842285e-01 2.628913640975952148e+00
1.857444572448730469e+01 -6.181933879852294922e-01 2.685425519943237305e+00
1.851037597656250000e+01 -6.230569481849670410e-01 2.707986116409301758e+00
1.838586807250976562e+01 -6.325056552886962891e-01 2.751224517822265625e+00
1.828017807006835938e+01 -6.405206918716430664e-01 2.786913871765136719e+00
1.821185493469238281e+01 -6.456979513168334961e-01 2.809416532516479492e+00
1.810452270507812500e+01 -6.538259387016296387e-01 2.844179391860961914e+00
1.802051734924316406e+01 -6.601804494857788086e-01 2.870653152465820312e+00
1.793010520935058594e+01 -6.670126914978027344e-01 2.898516416549682617e+00
1.781419372558593750e+01 -6.757614016532897949e-01 2.933356046676635742e+00
1.769608497619628906e+01 -6.846607327461242676e-01 2.967681646347045898e+00
1.758524322509765625e+01 -6.929959058761596680e-01 2.998747587203979492e+00
1.748426437377929688e+01 -7.005736827850341797e-01 3.026047468185424805e+00
1.744458007812500000e+01 -7.035455107688903809e-01 3.036410570144653320e+00
1.733557510375976562e+01 -7.117012143135070801e-01 3.064475297927856445e+00
1.720567512512207031e+01 -7.213958501815795898e-01 3.096593379974365234e+00
1.713495635986328125e+01 -7.266563177108764648e-01 3.113199234008789062e+00
1.706532096862792969e+01 -7.318260669708251953e-01 3.129070281982421875e+00
1.695923614501953125e+01 -7.396860122680664062e-01 3.152519226074218750e+00
1.687793350219726562e+01 -7.456903457641601562e-01 3.169625043869018555e+00
1.680404853820800781e+01 -7.511325478553771973e-01 3.184557199478149414e+00
1.666444015502929688e+01 -7.613898515701293945e-01 3.211704492568969727e+00
1.660966300964355469e+01 -7.653942704200744629e-01 3.221549510955810547e+00
1.647640800476074219e+01 -7.751153111457824707e-01 3.244715690612792969e+00
1.639372444152832031e+01 -7.811150550842285156e-01 3.257887363433837891e+00
1.631946945190429688e+01 -7.864841222763061523e-01 3.269032478332519531e+00
1.626054763793945312e+01 -7.907304167747497559e-01 3.277381896972656250e+00
1.617860412597656250e+01 -7.966198325157165527e-01 3.288441419601440430e+00
1.608089447021484375e+01 -8.036150336265563965e-01 3.300701141357421875e+00
1.600506973266601562e+01 -8.090172410011291504e-01 3.309342622756958008e+00
1.588534832000732422e+01 -8.175135850906372070e-01 3.321900606155395508e+00
1.585403633117675781e+01 -8.197215795516967773e-01 3.324728488922119141e+00
1.573213100433349609e+01 -8.283030390739440918e-01 3.335265874862670898e+00
1.565801048278808594e+01 -8.334850072860717773e-01 3.340540409088134766e+00
1.556425380706787109e+01 -8.400117754936218262e-01 3.346324682235717773e+00
1.550072860717773438e+01 -8.444096446037292480e-01 3.349471092224121094e+00
1.541515159606933594e+01 -8.503119349479675293e-01 3.352993249893188477e+00
1.531450176239013672e+01 -8.572184443473815918e-01 3.355984687805175781e+00
1.529046058654785156e+01 -8.588582277297973633e-01 3.356369972229003906e+00
1.521095085144042969e+01 -8.642739653587341309e-01 3.357381105422973633e+00
1.511468982696533203e+01 -8.708004355430603027e-01 3.357540607452392578e+00
1.503217506408691406e+01 -8.763645291328430176e-01 3.356553792953491211e+00
1.497188091278076172e+01 -8.804122209548950195e-01 3.355116844177246094e+00
1.490234851837158203e+01 -8.850657343864440918e-01 3.352848052978515625e+00
1.482977676391601562e+01 -8.899063467979431152e-01 3.349735021591186523e+00
1.470897483825683594e+01 -8.979374766349792480e-01 3.343241691589355469e+00
1.465060615539550781e+01 -9.017982482910156250e-01 3.339031219482421875e+00
1.455451869964599609e+01 -9.081407785415649414e-01 3.331231832504272461e+00
1.450894165039062500e+01 -9.111399054527282715e-01 3.326845645904541016e+00
1.441480445861816406e+01 -9.173266887664794922e-01 3.317104578018188477e+00
1.435410690307617188e+01 -9.213064908981323242e-01 3.309905290603637695e+00
1.427391719818115234e+01 -9.265580773353576660e-01 3.299601316452026367e+00
1.421545886993408203e+01 -9.303813576698303223e-01 3.291316986083984375e+00
1.415999317169189453e+01 -9.340062141418457031e-01 3.282916069030761719e+00
1.403853988647460938e+01 -9.419393539428710938e-01 3.263386011123657227e+00
1.397377777099609375e+01 -9.461658000946044922e-01 3.251627445220947266e+00
1.393270397186279297e+01 -9.488460421562194824e-01 3.243708133697509766e+00
1.382585144042968750e+01 -9.558187127113342285e-01 3.222337245941162109e+00
1.379275894165039062e+01 -9.579787254333496094e-01 3.215091466903686523e+00
1.371520805358886719e+01 -9.630417227745056152e-01 3.197650671005249023e+00
1.362883758544921875e+01 -9.686838388442993164e-01 3.177013158798217773e+00
1.358462142944335938e+01 -9.715747833251953125e-01 3.165746688842773438e+00
1.351536083221435547e+01 -9.761058688163757324e-01 3.147529840469360352e+00
1.344273090362548828e+01 -9.808621406555175781e-01 3.127483606338500977e+00
1.337198925018310547e+01 -9.855003356933593750e-01 3.106983184814453125e+00
1.332335948944091797e+01 -9.886929392814636230e-01 3.092229366302490234e+00
1.326214504241943359e+01 -9.927157163619995117e-01 3.073079586029052734e+00
1.314770603179931641e+01 -1.000246167182922363e+00 3.035906791687011719e+00
1.311164474487304688e+01 -1.002625465393066406e+00 3.023371696472167969e+00
1.305917358398437500e+01 -1.006090760231018066e+00 3.004750967025756836e+00
1.295952320098876953e+01 -1.012680888175964355e+00 2.968324661254882812e+00
1.291876602172851562e+01 -1.015383720397949219e+00 2.952589511871337891e+00
1.286006736755371094e+01 -1.019281148910522461e+00 2.929428815841674805e+00
1.275587844848632812e+01 -1.026211380958557129e+00 2.887031793594360352e+00
1.269439888000488281e+01 -1.030314326286315918e+00 2.860646247863769531e+00
1.267233180999755859e+01 -1.031790018081665039e+00 2.850881576538085938e+00
1.256923484802246094e+01 -1.038689732551574707e+00 2.804763317108154297e+00
1.250711250305175781e+01 -1.042862176895141602e+00 2.775558948516845703e+00
1.245769023895263672e+01 -1.046189188957214355e+00 2.751635789871215820e+00
1.240101242065429688e+01 -1.050011634826660156e+00 2.723565340042114258e+00
1.235484504699707031e+01 -1.053132057189941406e+00 2.700100660324096680e+00
1.229826259613037109e+01 -1.056963205337524414e+00 2.670738458633422852e+00
1.221374320983886719e+01 -1.062698721885681152e+00 2.625762224197387695e+00
1.214284801483154297e+01 -1.067526221275329590e+00 2.586617231369018555e+00
1.208921623229980469e+01 -1.071188807487487793e+00 2.556090831756591797e+00
1.205372905731201172e+01 -1.073617815971374512e+00 2.535428762435913086e+00
1.198898315429687500e+01 -1.078056097030639648e+00 2.497167348861694336e+00
1.191773605346679688e+01 -1.082953810691833496e+00 2.453920125961303711e+00
1.185534000396728516e+01 -1.087256431579589844e+00 2.414929151535034180e+00
1.182271385192871094e+01 -1.089512467384338379e+00 2.394022703170776367e+00
1.173937129974365234e+01 -1.095283865928649902e+00 2.339918613433837891e+00
1.167605686187744141e+01 -1.099684953689575195e+00 2.297443389892578125e+00
1.164415836334228516e+01 -1.101908683776855469e+00 2.275510549545288086e+00
1.158407306671142578e+01 -1.106103777885437012e+00 2.233684778213500977e+00
1.152672576904296875e+01 -1.110118985176086426e+00 2.192836999893188477e+00
1.143960285186767578e+01 -1.116235494613647461e+00 2.129417657852172852e+00
1.140747547149658203e+01 -1.118500471115112305e+00 2.105256080627441406e+00
1.134626388549804688e+01 -1.122822523117065430e+00 2.058669328689575195e+00
1.128232955932617188e+01 -1.127350330352783203e+00 2.008901119232177734e+00
1.124283027648925781e+01 -1.130156397819519043e+00 1.977428436279296875e+00
1.119974231719970703e+01 -1.133223414421081543e+00 1.942601203918457031e+00
1.112136363983154297e+01 -1.138814210891723633e+00 1.878258824348449707e+00
1.106679439544677734e+01 -1.142721891403198242e+00 1.832190275192260742e+00
1.103054809570312500e+01 -1.145324587821960449e+00 1.800993204116821289e+00
1.098667049407958984e+01 -1.148481130599975586e+00 1.762742280960083008e+00
1.090669822692871094e+01 -1.154246926307678223e+00 1.691945433616638184e+00
1.085235977172851562e+01 -1.158180594444274902e+00 1.642484068870544434e+00
1.082829380035400391e+01 -1.159927606582641602e+00 1.620163083076477051e+00
1.074822711944580078e+01 -1.165746927261352539e+00 1.545284748077392578e+00
1.068629550933837891e+01 -1.170266866683959961e+00 1.485757589340209961e+00
1.066609668731689453e+01 -1.171745777130126953e+00 1.465930342674255371e+00
1.060082912445068359e+01 -1.176529288291931152e+00 1.401423692703247070e+00
1.054284763336181641e+01 -1.180793166160583496e+00 1.342843294143676758e+00
1.051119232177734375e+01 -1.183128118515014648e+00 1.310233354568481445e+00
1.043994712829589844e+01 -1.188391804695129395e+00 1.236058592796325684e+00
1.038542461395263672e+01 -1.192435026168823242e+00 1.177932024002075195e+00
1.033803272247314453e+01 -1.195959448814392090e+00 1.126486539840698242e+00
1.031063652038574219e+01 -1.198001861572265625e+00 1.096278429031372070e+00
1.024024009704589844e+01 -1.203257441520690918e+00 1.017953753471374512e+00
1.020678997039794922e+01 -1.205763936042785645e+00 9.798660874366760254e-01
1.016407108306884766e+01 -1.208970546722412109e+00 9.306894540786743164e-01
1.011974143981933594e+01 -1.212305307388305664e+00 8.789426088333129883e-01
1.004356670379638672e+01 -1.218048930168151855e+00 7.887284755706787109e-01
1.001445865631103516e+01 -1.220252394676208496e+00 7.533919811248779297e-01
9.950725555419921875e+00 -1.225084185600280762e+00 6.752896904945373535e-01
9.930353164672851562e+00 -1.226633787155151367e+00 6.498042941093444824e-01
9.861098289489746094e+00 -1.231907129287719727e+00 5.625964403152465820e-01
9.839127540588378906e+00 -1.233586072921752930e+00 5.343059897422790527e-01
9.796487808227539062e+00 -1.236847996711730957e+00 4.790120124816894531e-01
9.714975357055664062e+00 -1.243097305297851562e+00 3.718495666980743408e-01
9.703032493591308594e+00 -1.244016766548156738e+00 3.557324111461639404e-01
9.643864631652832031e+00 -1.248574733734130859e+00 2.755772173404693604e-01
9.584216117858886719e+00 -1.253183364868164062e+00 1.932246983051300049e-01
9.541921615600585938e+00 -1.256461024284362793e+00 1.337053328752517700e-01
9.510058403015136719e+00 -1.258935570716857910e+00 8.825400471687316895e-02
9.461272239685058594e+00 -1.262730240821838379e+00 1.795070618391036987e-02
9.417048454284667969e+00 -1.266178369522094727e+00 -4.678080230951309204e-02
9.396374702453613281e+00 -1.265936613082885742e+00 -1.202035695314407349e-02
9.355506896972656250e+00 -1.265494585037231445e+00 5.479712784290313721e-02
9.318302154541015625e+00 -1.265152215957641602e+00 1.124064177274703979e-01
9.278474807739257812e+00 -1.264838218688964844e+00 1.711883842945098877e-01
9.243350982666015625e+00 -1.264606356620788574e+00 2.204957902431488037e-01
9.205071449279785156e+00 -1.264392852783203125e+00 2.719624936580657959e-01
9.162157058715820312e+00 -1.264197468757629395e+00 3.270513415336608887e-01
9.120948791503906250e+00 -1.264053225517272949e+00 3.773138225078582764e-01
9.076328277587890625e+00 -1.263937950134277344e+00 4.291663169860839844e-01
9.045013427734375000e+00 -1.263885498046875000e+00 4.637140631675720215e-01
8.982026100158691406e+00 -1.263816833496093750e+00 5.307422280311584473e-01
8.936375617980957031e+00 -1.263816833496093750e+00 5.759060978889465332e-01
8.914010047912597656e+00 -1.263832569122314453e+00 5.968999862670898438e-01
8.874315261840820312e+00 -1.263873100280761719e+00 6.332169771194458008e-01
8.808416366577148438e+00 -1.263975977897644043e+00 6.908076405525207520e-01
8.755765914916992188e+00 -1.264101982116699219e+00 7.334004044532775879e-01
8.742431640625000000e+00 -1.264141798019409180e+00 7.435344457626342773e-01
8.697070121765136719e+00 -1.264283776283264160e+00 7.774678468704223633e-01
8.644239425659179688e+00 -1.264473438262939453e+00 8.148787617683410645e-01
8.578266143798828125e+00 -1.264743208885192871e+00 8.586403131484985352e-01
8.519890785217285156e+00 -1.265015244483947754e+00 8.942288160324096680e-01
8.479930877685546875e+00 -1.265219688415527344e+00 9.167733192443847656e-01
8.438275337219238281e+00 -1.265444636344909668e+00 9.390204548835754395e-01
8.384445190429687500e+00 -1.265750408172607422e+00 9.661198258399963379e-01
8.353651046752929688e+00 -1.265935659408569336e+00 9.804323315620422363e-01
8.286100387573242188e+00 -1.266353964805603027e+00 1.010370612144470215e+00
8.250821113586425781e+00 -1.266585230827331543e+00 1.024368882179260254e+00
8.204664230346679688e+00 -1.266895532608032227e+00 1.041593313217163086e+00
8.153739929199218750e+00 -1.267248272895812988e+00 1.059047341346740723e+00
8.085662841796875000e+00 -1.267733931541442871e+00 1.080136179924011230e+00
8.030643463134765625e+00 -1.268140077590942383e+00 1.094801068305969238e+00
7.987047195434570312e+00 -1.268469452857971191e+00 1.104927182197570801e+00
7.956911087036132812e+00 -1.268700718879699707e+00 1.111119747161865234e+00
7.906527996063232422e+00 -1.269091248512268066e+00 1.120548367500305176e+00
7.847552776336669922e+00 -1.269555091857910156e+00 1.129789829254150391e+00
7.792879581451416016e+00 -1.269991397857666016e+00 1.136428236961364746e+00
7.736083507537841797e+00 -1.270449638366699219e+00 1.141483068466186523e+00
7.697748661041259766e+00 -1.270761728286743164e+00 1.143612146377563477e+00
7.618707180023193359e+00 -1.271408081054687500e+00 1.146224617958068848e+00
7.567153930664062500e+00 -1.271832585334777832e+00 1.145545482635498047e+00
7.530202388763427734e+00 -1.272137403488159180e+00 1.143946409225463867e+00
7.469047069549560547e+00 -1.272642016410827637e+00 1.139979362487792969e+00
7.436162948608398438e+00 -1.272912979125976562e+00 1.136669039726257324e+00
7.370987415313720703e+00 -1.273448824882507324e+00 1.128848791122436523e+00
7.300600051879882812e+00 -1.274024248123168945e+00 1.117696881294250488e+00
7.256886005401611328e+00 -1.274378418922424316e+00 1.108940124511718750e+00
7.228114128112792969e+00 -1.274609684944152832e+00 1.102420091629028320e+00
7.145738124847412109e+00 -1.275267720222473145e+00 1.082315802574157715e+00
7.101183891296386719e+00 -1.275616765022277832e+00 1.069194674491882324e+00
7.059253215789794922e+00 -1.275940775871276855e+00 1.055680394172668457e+00
6.998440265655517578e+00 -1.276404023170471191e+00 1.034467339515686035e+00
6.968685150146484375e+00 -1.276625394821166992e+00 1.022925138473510742e+00
6.902828693389892578e+00 -1.277108788490295410e+00 9.960951805114746094e-01
6.849864959716796875e+00 -1.277485132217407227e+00 9.721951484680175781e-01
6.787639141082763672e+00 -1.277913928031921387e+00 9.418605566024780273e-01
6.772199630737304688e+00 -1.278015971183776855e+00 9.336585402488708496e-01
6.710712432861328125e+00 -1.278417468070983887e+00 9.003098607063293457e-01
6.639975547790527344e+00 -1.278856515884399414e+00 8.587568402290344238e-01
6.619440078735351562e+00 -1.278975367546081543e+00 8.455873131752014160e-01
6.548546791076660156e+00 -1.279376149177551270e+00 7.989732027053833008e-01
6.531913757324218750e+00 -1.279461979866027832e+00 7.870815396308898926e-01
6.483822822570800781e+00 -1.279703855514526367e+00 7.520248293876647949e-01
6.425988197326660156e+00 -1.279972314834594727e+00 7.074705362319946289e-01
6.363892078399658203e+00 -1.280228972434997559e+00 6.564064621925354004e-01
6.342673778533935547e+00 -1.280303716659545898e+00 6.377092599868774414e-01
6.287822246551513672e+00 -1.280484557151794434e+00 5.882183909416198730e-01
6.252576828002929688e+00 -1.280578851699829102e+00 5.544314384460449219e-01
6.205822467803955078e+00 -1.280683517456054688e+00 5.078282952308654785e-01
6.153405666351318359e+00 -1.280768513679504395e+00 4.528070390224456787e-01
6.117585182189941406e+00 -1.280799508094787598e+00 4.129518270492553711e-01
6.079763412475585938e+00 -1.280810952186584473e+00 3.691395521163940430e-01
6.033232688903808594e+00 -1.280795335769653320e+00 3.128730654716491699e-01
5.983652114868164062e+00 -1.280736684799194336e+00 2.496258765459060669e-01
5.962891578674316406e+00 -1.280691385269165039e+00 2.215585559606552124e-01
5.913542270660400391e+00 -1.280561208724975586e+00 1.531524211168289185e-01
5.882363796234130859e+00 -1.280442833900451660e+00 1.072563230991363525e-01
5.842808723449707031e+00 -1.280260443687438965e+00 4.669607803225517273e-02
5.794672489166259766e+00 -1.279984474182128906e+00 -3.086579963564872742e-02
5.746428489685058594e+00 -1.277967453002929688e+00 3.043493628501892090e-02
5.725879192352294922e+00 -1.277129650115966797e+00 5.510827898979187012e-02
5.665795326232910156e+00 -1.274704575538635254e+00 1.255742907524108887e-01
5.616944789886474609e+00 -1.272788524627685547e+00 1.790683120489120483e-01
5.562585353851318359e+00 -1.270702123641967773e+00 2.354295998811721802e-01
5.511368274688720703e+00 -1.268780827522277832e+00 2.854286730289459229e-01
5.478643894195556641e+00 -1.267577886581420898e+00 3.156261146068572998e-01
5.407564640045166016e+00 -1.264996886253356934e+00 3.789154887199401855e-01
5.356560707092285156e+00 -1.263191699981689453e+00 4.209081232547760010e-01
5.323694705963134766e+00 -1.262048363685607910e+00 4.464871585369110107e-01
5.269536495208740234e+00 -1.260184168815612793e+00 4.871312677860260010e-01
5.210757732391357422e+00 -1.258194923400878906e+00 5.286407470703125000e-01
5.169350624084472656e+00 -1.256817936897277832e+00 5.559825897216796875e-01
5.102171421051025391e+00 -1.254610061645507812e+00 5.982595682144165039e-01
5.053339481353759766e+00 -1.253034591674804688e+00 6.266198754310607910e-01
5.018808364868164062e+00 -1.251934647560119629e+00 6.455059647560119629e-01
4.925882816314697266e+00 -1.249000310897827148e+00 6.941671967506408691e-01
4.864771842956542969e+00 -1.247114300727844238e+00 7.224556803703308105e-01
4.849176883697509766e+00 -1.246639728546142578e+00 7.290791869163513184e-01
4.756206989288330078e+00 -1.243820786476135254e+00 7.676800489425659180e-01
4.716570854187011719e+00 -1.242643356323242188e+00 7.819264531135559082e-01
4.648406982421875000e+00 -1.240635275840759277e+00 8.048577308654785156e-01
4.593229293823242188e+00 -1.239032387733459473e+00 8.212757110595703125e-01
4.531226158142089844e+00 -1.237250685691833496e+00 8.378164768218994141e-01
4.474061965942382812e+00 -1.235627412796020508e+00 8.511238694190979004e-01
4.396671772003173828e+00 -1.233453035354614258e+00 8.667548298835754395e-01
4.344412326812744141e+00 -1.232005119323730469e+00 8.751622438430786133e-01
4.296849250793457031e+00 -1.230699181556701660e+00 8.815124630928039551e-01
4.222617626190185547e+00 -1.228677511215209961e+00 8.895898461341857910e-01
4.148087501525878906e+00 -1.226672530174255371e+00 8.948494195938110352e-01
4.130132675170898438e+00 -1.226195335388183594e+00 8.954325318336486816e-01
4.053830623626708984e+00 -1.224172830581665039e+00 8.972128629684448242e-01
3.968939304351806641e+00 -1.221948981285095215e+00 8.959020972251892090e-01
3.913971662521362305e+00 -1.220527291297912598e+00 8.926860094070434570e-01
3.843017578125000000e+00 -1.218706607818603516e+00 8.865524530410766602e-01
3.825531244277954102e+00 -1.218262434005737305e+00 8.844082355499267578e-01
3.724010229110717773e+00 -1.215689539909362793e+00 8.710497021675109863e-01
3.666358232498168945e+00 -1.214248538017272949e+00 8.604518771171569824e-01
3.604206323623657227e+00 -1.212706804275512695e+00 8.471589088439941406e-01
3.554023027420043945e+00 -1.211471796035766602e+00 8.347818851470947266e-01
3.519793510437011719e+00 -1.210634589195251465e+00 8.254225254058837891e-01
3.435780286788940430e+00 -1.208588361740112305e+00 8.008978366851806641e-01
3.382005691528320312e+00 -1.207291722297668457e+00 7.827282547950744629e-01
3.316517591476440430e+00 -1.205722451210021973e+00 7.586281895637512207e-01
3.246991872787475586e+00 -1.204068660736083984e+00 7.304401397705078125e-01
3.194823503494262695e+00 -1.202837109565734863e+00 7.071618437767028809e-01
3.150466442108154297e+00 -1.201795578002929688e+00 6.859731674194335938e-01
3.078039407730102539e+00 -1.200102567672729492e+00 6.493912935256958008e-01
3.044215679168701172e+00 -1.199317574501037598e+00 6.307529807090759277e-01
2.990514755249023438e+00 -1.198075175285339355e+00 5.999691486358642578e-01
2.915910005569458008e+00 -1.196357488632202148e+00 5.545096993446350098e-01
2.844140529632568359e+00 -1.194715857505798340e+00 5.070396661758422852e-01
2.786189317703247070e+00 -1.193397998809814453e+00 4.656533896923065186e-01
2.743712425231933594e+00 -1.192436218261718750e+00 4.334142208099365234e-01
2.676356554031372070e+00 -1.190915465354919434e+00 3.799796998500823975e-01
2.654842376708984375e+00 -1.190431833267211914e+00 3.616877794265747070e-01
2.567360639572143555e+00 -1.188467383384704590e+00 2.856370210647583008e-01
2.518027544021606445e+00 -1.187364459037780762e+00 2.387529015541076660e-01
2.480804920196533203e+00 -1.186533570289611816e+00 2.015339732170104980e-01
2.452665567398071289e+00 -1.185905933380126953e+00 1.722875982522964478e-01
2.388288021087646484e+00 -1.184470295906066895e+00 1.033743247389793396e-01
2.351102590560913086e+00 -1.183641076087951660e+00 6.078131124377250671e-02
2.287468671798706055e+00 -1.182221174240112305e+00 -1.508183404803276062e-02
2.251846551895141602e+00 -1.180455565452575684e+00 2.161998674273490906e-02
2.183213472366333008e+00 -1.177083730697631836e+00 8.965764939785003662e-02
2.138626337051391602e+00 -1.174928307533264160e+00 1.307060718536376953e-01
2.081628322601318359e+00 -1.172199606895446777e+00 1.807557046413421631e-01
2.019250154495239258e+00 -1.169248700141906738e+00 2.323204874992370605e-01
1.969360470771789551e+00 -1.166917443275451660e+00 2.709237039089202881e-01
1.874427318572998047e+00 -1.162522435188293457e+00 3.405923843383789062e-01
1.832038044929504395e+00 -1.160592675209045410e+00 3.686641752719879150e-01
1.748556017875671387e+00 -1.156818985939025879e+00 4.214511215686798096e-01
1.686017274856567383e+00 -1.154029488563537598e+00 4.574617147445678711e-01
1.651111364364624023e+00 -1.152487158775329590e+00 4.761621057987213135e-01
1.571953058242797852e+00 -1.149007320404052734e+00 5.168603658676147461e-01
1.491174817085266113e+00 -1.145495772361755371e+00 5.545496344566345215e-01
1.403995513916015625e+00 -1.141747117042541504e+00 5.911792516708374023e-01
1.363512039184570312e+00 -1.140025854110717773e+00 6.062438488006591797e-01
1.288386821746826172e+00 -1.136847615242004395e+00 6.325767636299133301e-01
1.204623699188232422e+00 -1.133336067199707031e+00 6.586504578590393066e-01
1.130848050117492676e+00 -1.130273222923278809e+00 6.784796118736267090e-01
1.052721500396728516e+00 -1.127056479454040527e+00 6.966295242309570312e-01
1.005367994308471680e+00 -1.125123262405395508e+00 7.058406472206115723e-01
9.507669210433959961e-01 -1.122905254364013672e+00 7.152312397956848145e-01
8.454463481903076172e-01 -1.118650913238525391e+00 7.306374907493591309e-01
8.097218871116638184e-01 -1.117223024368286133e+00 7.341156601905822754e-01
7.197146415710449219e-01 -1.113638043403625488e+00 7.414030432701110840e-01
6.341343522071838379e-01 -1.110258579254150391e+00 7.448197007179260254e-01
5.569646954536437988e-01 -1.107235193252563477e+00 7.449112534523010254e-01
4.809357523918151855e-01 -1.104277014732360840e+00 7.423551082611083984e-01
4.389799237251281738e-01 -1.102655410766601562e+00 7.395063042640686035e-01
3.190146088600158691e-01 -1.098035097122192383e+00 7.290863990783691406e-01
2.926101088523864746e-01 -1.097028374671936035e+00 7.253576517105102539e-01
2.239046394824981689e-01 -1.094414234161376953e+00 7.148255109786987305e-01
1.171691045165061951e-01 -1.090375185012817383e+00 6.950942277908325195e-01
2.968133240938186646e-02 -1.087091803550720215e+00 6.745799779891967773e-01
-2.272170409560203552e-02 -1.085137844085693359e+00 6.601184606552124023e-01
-9.728708863258361816e-02 -1.082367897033691406e+00 6.376528143882751465e-01
-1.661291420459747314e-01 -1.079823851585388184e+00 6.143907308578491211e-01
-2.094812691211700439e-01 -1.078229188919067383e+00 5.982425212860107422e-01
-3.172176480293273926e-01 -1.074277400970458984e+00 5.557144880294799805e-01
-3.695673048496246338e-01 -1.072370290756225586e+00 5.320859551429748535e-01
-4.719600081443786621e-01 -1.068651795387268066e+00 4.829406142234802246e-01
-4.997342228889465332e-01 -1.067649006843566895e+00 4.680051207542419434e-01
-5.748157501220703125e-01 -1.064942240715026855e+00 4.264026284217834473e-01
-6.536682844161987305e-01 -1.062110424041748047e+00 3.791410923004150391e-01
-7.191160917282104492e-01 -1.059768795967102051e+00 3.366529643535614014e-01
-7.810341715812683105e-01 -1.057559609413146973e+00 2.937627732753753662e-01
-8.416604995727539062e-01 -1.055401563644409180e+00 2.491507977247238159e-01
-8.971937894821166992e-01 -1.053428649902343750e+00 2.058215886354446411e-01
-9.943352937698364258e-01 -1.049982905387878418e+00 1.258725672960281372e-01
-1.037489771842956543e+00 -1.048455476760864258e+00 8.691472560167312622e-02
-1.104030370712280273e+00 -1.046101331710815430e+00 2.428822219371795654e-02
-1.161931276321411133e+00 -1.044053554534912109e+00 -3.383562713861465454e-02
-1.231864213943481445e+00 -1.040584206581115723e+00 3.080940991640090942e-02
-1.309460043907165527e+00 -1.036754131317138672e+00 9.758147597312927246e-02
-1.377445578575134277e+00 -1.033416032791137695e+00 1.516591906547546387e-01
-1.430465698242187500e+00 -1.030824065208435059e+00 1.910413652658462524e-01
-1.522377014160156250e+00 -1.026345491409301758e+00 2.557626962661743164e-01
-1.580519676208496094e+00 -1.023527503013610840e+00 2.930361032485961914e-01
-1.680370688438415527e+00 -1.018703460693359375e+00 3.533193767070770264e-01
-1.750507235527038574e+00 -1.015332698822021484e+00 3.914005458354949951e-01
-1.806397438049316406e+00 -1.012655973434448242e+00 4.195027947425842285e-01
-1.934350728988647461e+00 -1.006544113159179688e+00 4.799072146415710449e-01
-1.987727284431457520e+00 -1.004009127616882324e+00 5.015149712562561035e-01
-2.116505861282348633e+00 -9.979069828987121582e-01 5.502170920372009277e-01
-2.158914327621459961e+00 -9.959078431129455566e-01 5.636242628097534180e-01
-2.295794010162353516e+00 -9.894656538963317871e-01 6.042091250419616699e-01
-2.346584320068359375e+00 -9.870869517326354980e-01 6.161311268806457520e-01
-2.404536962509155273e+00 -9.843773841857910156e-01 6.284481287002563477e-01
-2.497590541839599609e+00 -9.800346493721008301e-01 6.459008455276489258e-01
-2.588121175765991211e+00 -9.758214950561523438e-01 6.593077778816223145e-01
-2.676927566528320312e+00 -9.716989994049072266e-01 6.691102385520935059e-01
-2.783550024032592773e+00 -9.667606353759765625e-01 6.769890189170837402e-01
-2.879315137863159180e+00 -9.623361229896545410e-01 6.799166202545166016e-01
-2.955548286437988281e+00 -9.588209390640258789e-01 6.793029904365539551e-01
-3.071614980697631836e+00 -9.534762501716613770e-01 6.748101711273193359e-01
-3.158374547958374023e+00 -9.494883418083190918e-01 6.674032807350158691e-01
-3.270396471023559570e+00 -9.443446397781372070e-01 6.539134383201599121e-01
-3.330067396163940430e+00 -9.416075944900512695e-01 6.440070867538452148e-01
-3.474475145339965820e+00 -9.349859952926635742e-01 6.164821386337280273e-01
-3.536769151687622070e+00 -9.321309328079223633e-01 6.008544564247131348e-01
-3.635484218597412109e+00 -9.276059269905090332e-01 5.734587907791137695e-01
-3.683702707290649414e+00 -9.253944754600524902e-01 5.580037236213684082e-01
-3.811018705368041992e+00 -9.195525646209716797e-01 5.144571065902709961e-01
-3.886423826217651367e+00 -9.160869717597961426e-01 4.842847287654876709e-01
-4.013844490051269531e+00 -9.102220535278320312e-01 4.287308454513549805e-01
-4.098025321960449219e+00 -9.063350558280944824e-01 3.867317140102386475e-01
-4.166792392730712891e+00 -9.031506776809692383e-01 3.494036793708801270e-01
-4.260423660278320312e+00 -8.988026380538940430e-01 2.950735092163085938e-01
-4.335578918457031250e+00 -8.952968716621398926e-01 2.474561333656311035e-01
-4.376576900482177734e+00 -8.933761119842529297e-01 2.196221649646759033e-01
-4.502504825592041016e+00 -8.874602317810058594e-01 1.308681368827819824e-01
-4.548254013061523438e+00 -8.852909803390502930e-01 9.479331970214843750e-02
-4.657721042633056641e+00 -8.800787329673767090e-01 4.851236939430236816e-03
-4.692700862884521484e+00 -8.783945441246032715e-01 -2.683537453413009644e-02
-4.802223682403564453e+00 -8.728116154670715332e-01 6.989296525716781616e-02
-4.909632682800292969e+00 -8.672678470611572266e-01 1.550990492105484009e-01
-4.991381168365478516e+00 -8.630041480064392090e-01 2.135592103004455566e-01
-5.118011474609375000e+00 -8.563528060913085938e-01 2.972668409347534180e-01
-5.205850601196289062e+00 -8.516929745674133301e-01 3.485551178455352783e-01
-5.346057891845703125e+00 -8.442084789276123047e-01 4.235337972640991211e-01
-5.401788711547851562e+00 -8.412058353424072266e-01 4.492613375186920166e-01
-5.541619300842285156e+00 -8.336458206176757812e-01 5.100029110908508301e-01
-5.662800312042236328e+00 -8.270390033721923828e-01 5.547122955322265625e-01
-5.723353862762451172e+00 -8.237145543098449707e-01 5.738197565078735352e-01
-5.882888317108154297e+00 -8.149257898330688477e-01 6.200628280639648438e-01
-5.965636253356933594e+00 -8.103265762329101562e-01 6.386284232139587402e-01
-6.058060646057128906e+00 -8.051656484603881836e-01 6.563404798507690430e-01
-6.164454936981201172e+00 -7.991936802864074707e-01 6.729182004928588867e-01
-6.353826999664306641e+00 -7.884994149208068848e-01 6.947639584541320801e-01
-6.420666694641113281e+00 -7.846832871437072754e-01 6.977642178535461426e-01
-6.528431892395019531e+00 -7.785053253173828125e-01 6.999560594558715820e-01
-6.692675113677978516e+00 -7.690259814262390137e-01 6.968268156051635742e-01
-6.799595832824707031e+00 -7.627888917922973633e-01 6.883898377418518066e-01
-6.954426288604736328e+00 -7.536895871162414551e-01 6.701067090034484863e-01
-7.019085407257080078e+00 -7.498463392257690430e-01 6.587694287300109863e-01
-7.142390251159667969e+00 -7.424795031547546387e-01 6.341502070426940918e-01
-7.288747787475585938e+00 -7.336462140083312988e-01 5.980495214462280273e-01
-7.419059276580810547e+00 -7.256788015365600586e-01 5.584404468536376953e-01
-7.565814495086669922e+00 -7.165919542312622070e-01 5.060641765594482422e-01
-7.659993171691894531e+00 -7.106693387031555176e-01 4.665895998477935791e-01
-7.804198741912841797e+00 -7.015000581741333008e-01 4.000899493694305420e-01
-7.855393886566162109e+00 -6.981849670410156250e-01 3.730264306068420410e-01
-8.001126289367675781e+00 -6.886799931526184082e-01 2.922868728637695312e-01
-8.115386962890625000e+00 -6.810647249221801758e-01 2.203427553176879883e-01
-8.228034019470214844e+00 -6.734113097190856934e-01 1.421404480934143066e-01
-8.353590965270996094e+00 -6.646984219551086426e-01 4.629699140787124634e-02
-8.412224769592285156e+00 -6.605202555656433105e-01 -3.431979566812515259e-03
-8.528008460998535156e+00 -6.528573632240295410e-01 9.125578403472900391e-02
-8.710229873657226562e+00 -6.404902935028076172e-01 2.248337119817733765e-01
-8.774499893188476562e+00 -6.359799504280090332e-01 2.644906938076019287e-01
-8.900796890258789062e+00 -6.270250082015991211e-01 3.378393054008483887e-01
-9.095278739929199219e+00 -6.129730343818664551e-01 4.377666115760803223e-01
-9.224507331848144531e+00 -6.033886671066284180e-01 4.920703768730163574e-01
-9.399952888488769531e+00 -5.901678800582885742e-01 5.558367371559143066e-01
-9.636990547180175781e+00 -5.719382166862487793e-01 6.248522996902465820e-01
-9.718394279479980469e+00 -5.655131936073303223e-01 6.411427855491638184e-01
-9.933695793151855469e+00 -5.483698248863220215e-01 6.778079271316528320e-01
-1.004179191589355469e+01 -5.395647287368774414e-01 6.879226565361022949e-01
-1.022022724151611328e+01 -5.248609781265258789e-01 6.979116797447204590e-01
-1.038450241088867188e+01 -5.110625624656677246e-01 6.970431208610534668e-01
-1.060314273834228516e+01 -4.923629164695739746e-01 6.836302280426025391e-01
-1.072847366333007812e+01 -4.813751280307769775e-01 6.665604710578918457e-01
-1.096927833557128906e+01 -4.599433541297912598e-01 6.232519149780273438e-01
-1.113532924652099609e+01 -4.447141587734222412e-01 5.791534781455993652e-01
-1.126980495452880859e+01 -4.320984780788421631e-01 5.351146459579467773e-01
-1.138436698913574219e+01 -4.211370050907135010e-01 4.915916919708251953e-01
-1.154932498931884766e+01 -4.050680696964263916e-01 4.212238192558288574e-01
-1.177742004394531250e+01 -3.822289705276489258e-01 3.077765703201293945e-01
-1.197220516204833984e+01 -3.618873655796051025e-01 1.900917887687683105e-01
-1.209386825561523438e+01 -3.486417531967163086e-01 1.039926111698150635e-01
-1.222088527679443359e+01 -3.343932330608367920e-01 4.825294017791748047e-03
-1.241202640533447266e+01 -3.121936023235321045e-01 -1.605831831693649292e-01
-1.251056003570556641e+01 -3.016615211963653564e-01 -9.270694106817245483e-02
-1.276425075531005859e+01 -2.739857733249664307e-01 6.701954454183578491e-02
-1.304517269134521484e+01 -2.419141083955764771e-01 2.060254812240600586e-01
-1.324523448944091797e+01 -2.180935591459274292e-01 2.798224091529846191e-01
-1.365837955474853516e+01 -1.675604283809661865e-01 3.993015587329864502e-01
-1.381541919708251953e+01 -1.473563462495803833e-01 4.212356507778167725e-01
-1.400653839111328125e+01 -1.222997754812240601e-01 4.377678632736206055e-01
-1.431868076324462891e+01 -8.043028414249420166e-02 4.449730217456817627e-01
-1.468621921539306641e+01 -2.925273030996322632e-02 4.159304499626159668e-01
-1.497589492797851562e+01 1.297482848167419434e-02 3.578652441501617432e-01
-1.535531520843505859e+01 7.051542401313781738e-02 2.436850965023040771e-01
-1.554447841644287109e+01 1.008907556533813477e-01 1.597997248172760010e-01
-1.582467842102050781e+01 1.474123299121856689e-01 1.311346888542175293e-02
-1.598651313781738281e+01 1.758072227239608765e-01 -9.303369373083114624e-02
-1.642091369628906250e+01 2.588660120964050293e-01 1.534513235092163086e-01
-1.717582702636718750e+01 4.127525687217712402e-01 4.146580696105957031e-01
-1.792300796508789062e+01 5.784476995468139648e-01 4.561160802841186523e-01
-1.842256355285644531e+01 6.983745098114013672e-01 3.568049371242523193e-01
-1.897689056396484375e+01 8.401468396186828613e-01 1.453485637903213501e-01
-1.962774467468261719e+01 1.021705627441406250e+00 -2.587822675704956055e-01
-2.008863830566406250e+01 1.170250177383422852e+00 -7.277760505676269531e-01
-2.217714881896972656e+01 1.957533478736877441e+00 -3.413827717304229736e-01
-2.671352958679199219e+01 3.970187664031982422e+00 -2.436016798019409180e+00
-6.804067993164062500e+02 4.515332641601562500e+02 -5.330253295898437500e+02
-1.342578622464000000e+12 1.201629298688000000e+12 -1.228110430208000000e+12
-5.378148811150772077e+24 8.655704616866988742e+24 9.027570224805890379e+24
-8.936300923275946249e+24 1.438226918901371149e+25 1.500015902266367742e+25
-1.441577769962360489e+25 2.320105339978583413e+25 2.419781399243669290e+25
-1.992253432815251845e+25 3.206374316729639472e+25 3.344126069852968313e+25
-2.318449975282268902e+25 3.731361735538385670e+25 3.891668092056338258e+25
-2.994226153004137245e+25 4.818969775740652922e+25 5.026001734997311804e+25
-3.384336743753442236e+25 5.446821773527625692e+25 5.680827484306066367e+25
-3.853171120680311952e+25 6.201373388310465147e+25 6.467796023618237459e+25
