2.331199073791503906e+01 -2.084221988916397095e-01 3.212748467922210693e-01
2.322091484069824219e+01 -2.076754122972488403e-01 3.789061307907104492e-01
2.300305175781250000e+01 -2.059661149978637695e-01 5.158992409706115723e-01
2.286960983276367188e+01 -2.050319612026214600e-01 5.985173583030700684e-01
2.268607521057128906e+01 -2.038396596908569336e-01 7.110424637794494629e-01
2.260063743591308594e+01 -2.033432275056838989e-01 7.627025246620178223e-01
2.245724868774414062e+01 -2.025546878576278687e-01 8.488311171531677246e-01
2.230572891235351562e+01 -2.018000781536102295e-01 9.388172626495361328e-01
2.217181587219238281e+01 -2.012054324150085449e-01 1.017372250556945801e+00
2.205619812011718750e+01 -2.007461190223693848e-01 1.084440231323242188e+00
2.184860038757324219e+01 -2.000038027763366699e-01 1.203677535057067871e+00
2.171218490600585938e+01 -1.996123194694519043e-01 1.280604600906372070e+00
2.154901123046875000e+01 -1.992173492908477783e-01 1.371478557586669922e+00
2.142992019653320312e+01 -1.989919543266296387e-01 1.436788320541381836e+00
2.130130767822265625e+01 -1.987967789173126221e-01 1.506507396697998047e+00
2.121125793457031250e+01 -1.986959576606750488e-01 1.554700374603271484e+00
2.102429962158203125e+01 -1.985375583171844482e-01 1.653840780258178711e+00
2.088072395324707031e+01 -1.984963715076446533e-01 1.728491902351379395e+00
2.079313468933105469e+01 -1.985076367855072021e-01 1.773325562477111816e+00
2.065349006652832031e+01 -1.985599696636199951e-01 1.844106912612915039e+00
2.049988746643066406e+01 -1.986770033836364746e-01 1.920722842216491699e+00
2.040490722656250000e+01 -1.987887769937515259e-01 1.967241048812866211e+00
2.025799369812011719e+01 -1.989980787038803101e-01 2.038362503051757812e+00
2.017770957946777344e+01 -1.991427093744277954e-01 2.076515197753906250e+00
2.001597213745117188e+01 -1.994661688804626465e-01 2.152581214904785156e+00
1.994638824462890625e+01 -1.996327489614486694e-01 2.184607744216918945e+00
1.980636787414550781e+01 -1.999905109405517578e-01 2.248440027236938477e+00
1.961496543884277344e+01 -2.005404978990554810e-01 2.333987951278686523e+00
1.952570152282714844e+01 -2.008342295885086060e-01 2.372775077819824219e+00
1.941914176940917969e+01 -2.012040466070175171e-01 2.418449163436889648e+00
1.929365348815917969e+01 -2.016656100749969482e-01 2.471343278884887695e+00
1.922472190856933594e+01 -2.019352763891220093e-01 2.499812602996826172e+00
1.906390190124511719e+01 -2.025838792324066162e-01 2.565474271774291992e+00
1.897676086425781250e+01 -2.029592692852020264e-01 2.600080013275146484e+00
1.879479789733886719e+01 -2.037679404020309448e-01 2.671224594116210938e+00
1.872099876403808594e+01 -2.041160613298416138e-01 2.699117183685302734e+00
1.862347984313964844e+01 -2.045856714248657227e-01 2.735451936721801758e+00
1.848486709594726562e+01 -2.052703499794006348e-01 2.786105155944824219e+00
1.838572692871093750e+01 -2.057763785123825073e-01 2.821309804916381836e+00
1.826576232910156250e+01 -2.064013034105300903e-01 2.863010168075561523e+00
1.813160324096679688e+01 -2.071158289909362793e-01 2.908411979675292969e+00
1.804081153869628906e+01 -2.076099216938018799e-01 2.938189506530761719e+00
1.789634704589843750e+01 -2.084058076143264771e-01 2.984536170959472656e+00
1.784510803222656250e+01 -2.086929529905319214e-01 3.000381946563720703e+00
1.773138999938964844e+01 -2.093332707881927490e-01 3.035078048706054688e+00
1.758595275878906250e+01 -2.101599574089050293e-01 3.078098297119140625e+00
1.747955322265625000e+01 -2.107703238725662231e-01 3.108283996582031250e+00
1.735813140869140625e+01 -2.114696651697158813e-01 3.141640186309814453e+00
1.728279876708984375e+01 -2.119045704603195190e-01 3.161551237106323242e+00
1.718355941772460938e+01 -2.124773859977722168e-01 3.187132120132446289e+00
1.707922554016113281e+01 -2.130787074565887451e-01 3.213118076324462891e+00
1.699538803100585938e+01 -2.135602384805679321e-01 3.233222007751464844e+00
1.689163589477539062e+01 -2.141536027193069458e-01 3.257319450378417969e+00
1.679900169372558594e+01 -2.146797180175781250e-01 3.277960538864135742e+00
1.667302131652832031e+01 -2.153895050287246704e-01 3.304956912994384766e+00
1.655405235290527344e+01 -2.160509973764419556e-01 3.329051256179809570e+00
1.647149658203125000e+01 -2.165029495954513550e-01 3.344839334487915039e+00
1.638585281372070312e+01 -2.169658541679382324e-01 3.360538721084594727e+00
1.631995964050292969e+01 -2.173167467117309570e-01 3.372069358825683594e+00
1.620839118957519531e+01 -2.179033756256103516e-01 3.390872478485107422e+00
1.606584358215332031e+01 -2.186355143785476685e-01 3.413319587707519531e+00
1.600445747375488281e+01 -2.189401835203170776e-01 3.422103881835937500e+00
1.587204265594482422e+01 -2.195863872766494751e-01 3.440222978591918945e+00
1.582613563537597656e+01 -2.198017835617065430e-01 3.445876359939575195e+00
1.570708274841308594e+01 -2.203519195318222046e-01 3.459966182708740234e+00
1.558498668670654297e+01 -2.208929210901260376e-01 3.472880363464355469e+00
1.552249908447265625e+01 -2.211567908525466919e-01 3.478671312332153320e+00
1.545602130889892578e+01 -2.214300334453582764e-01 3.484381198883056641e+00
1.536288261413574219e+01 -2.218014001846313477e-01 3.491703510284423828e+00
1.527707004547119141e+01 -2.221283763647079468e-01 3.497566461563110352e+00
1.519646453857421875e+01 -2.224219888448715210e-01 3.502300500869750977e+00
1.505827522277832031e+01 -2.229031324386596680e-01 3.509158372879028320e+00
1.496276473999023438e+01 -2.232088595628738403e-01 3.512385845184326172e+00
1.487165451049804688e+01 -2.234826683998107910e-01 3.514453172683715820e+00
1.483619308471679688e+01 -2.235826402902603149e-01 3.514877796173095703e+00
1.468769073486328125e+01 -2.239907681941986084e-01 3.516031980514526367e+00
1.462335586547851562e+01 -2.241484224796295166e-01 3.515385389328002930e+00
1.457361793518066406e+01 -2.242642641067504883e-01 3.514496564865112305e+00
1.448780250549316406e+01 -2.244563251733779907e-01 3.512440204620361328e+00
1.437333488464355469e+01 -2.246950864791870117e-01 3.508483409881591797e+00
1.430653095245361328e+01 -2.248216718435287476e-01 3.505216598510742188e+00
1.422250747680664062e+01 -2.249725162982940674e-01 3.500396490097045898e+00
1.415387439727783203e+01 -2.250877767801284790e-01 3.495721101760864258e+00
1.403916835784912109e+01 -2.252707481384277344e-01 3.486888885498046875e+00
1.398256111145019531e+01 -2.253539115190505981e-01 3.481679439544677734e+00
1.390085029602050781e+01 -2.254699319601058960e-01 3.473546504974365234e+00
1.381366062164306641e+01 -2.255883663892745972e-01 3.463914394378662109e+00
1.374191093444824219e+01 -2.256821244955062866e-01 3.455140113830566406e+00
1.365505504608154297e+01 -2.257929891347885132e-01 3.443664073944091797e+00
1.354315567016601562e+01 -2.259330749511718750e-01 3.427530765533447266e+00
1.348498821258544922e+01 -2.260051369667053223e-01 3.418227910995483398e+00
1.341755008697509766e+01 -2.260890156030654907e-01 3.406883001327514648e+00
1.333441162109375000e+01 -2.261934876441955566e-01 3.392089843750000000e+00
1.326177215576171875e+01 -2.262866050004959106e-01 3.378285408020019531e+00
1.313805294036865234e+01 -2.264491915702819824e-01 3.353449583053588867e+00
1.307414245605468750e+01 -2.265376150608062744e-01 3.339437007904052734e+00
1.300258350372314453e+01 -2.266400158405303955e-01 3.323053121566772461e+00
1.290178012847900391e+01 -2.267902940511703491e-01 3.298866987228393555e+00
1.287397861480712891e+01 -2.268343716859817505e-01 3.291760683059692383e+00
1.280091381072998047e+01 -2.269523590803146362e-01 3.272765636444091797e+00
1.270239734649658203e+01 -2.271193861961364746e-01 3.246013879776000977e+00
1.263728713989257812e+01 -2.272374331951141357e-01 3.227303743362426758e+00
1.255041503906250000e+01 -2.274023145437240601e-01 3.201420307159423828e+00
1.245146083831787109e+01 -2.276020050048828125e-01 3.170522212982177734e+00
1.240498828887939453e+01 -2.277025729417800903e-01 3.155242681503295898e+00
1.234810066223144531e+01 -2.278298139572143555e-01 3.136092185974121094e+00
1.223923301696777344e+01 -2.280833274126052856e-01 3.098387241363525391e+00
1.219078350067138672e+01 -2.282049804925918579e-01 3.080695867538452148e+00
1.209814643859863281e+01 -2.284455001354217529e-01 3.046083927154541016e+00
1.206186294555664062e+01 -2.285457849502563477e-01 3.031932115554809570e+00
1.197988319396972656e+01 -2.287779748439788818e-01 2.999424695968627930e+00
1.192714595794677734e+01 -2.289356142282485962e-01 2.977731704711914062e+00
1.184508323669433594e+01 -2.291894257068634033e-01 2.943184614181518555e+00
1.175259208679199219e+01 -2.294907718896865845e-01 2.902844190597534180e+00
1.170301532745361328e+01 -2.296617925167083740e-01 2.880360841751098633e+00
1.164262580871582031e+01 -2.298764735460281372e-01 2.852405786514282227e+00
1.157872772216796875e+01 -2.301119565963745117e-01 2.822087287902832031e+00
1.148091411590576172e+01 -2.304861247539520264e-01 2.774466276168823242e+00
1.144169044494628906e+01 -2.306447476148605347e-01 2.754616737365722656e+00
1.133561420440673828e+01 -2.310831844806671143e-01 2.700109481811523438e+00
1.129242992401123047e+01 -2.312722504138946533e-01 2.676997661590576172e+00
1.122875595092773438e+01 -2.315574735403060913e-01 2.642359972000122070e+00
1.114583206176757812e+01 -2.319414466619491577e-01 2.596164464950561523e+00
1.108379364013671875e+01 -2.322410494089126587e-01 2.560532569885253906e+00
1.099613475799560547e+01 -2.326775789260864258e-01 2.509037733078002930e+00
1.097977542877197266e+01 -2.327625751495361328e-01 2.499120950698852539e+00
1.087384891510009766e+01 -2.333171516656875610e-01 2.434535503387451172e+00
1.082274341583251953e+01 -2.335982173681259155e-01 2.402194499969482422e+00
1.074456214904785156e+01 -2.340382039546966553e-01 2.351835250854492188e+00
1.069082355499267578e+01 -2.343512624502182007e-01 2.316279888153076172e+00
1.062444972991943359e+01 -2.347469776868820190e-01 2.271556138992309570e+00
1.056064033508300781e+01 -2.351382076740264893e-01 2.227590560913085938e+00
1.053676128387451172e+01 -2.352885156869888306e-01 2.210784196853637695e+00
1.043385505676269531e+01 -2.359425872564315796e-01 2.137783765792846680e+00
1.038019180297851562e+01 -2.362979352474212646e-01 2.098409891128540039e+00
1.030591201782226562e+01 -2.368000745773315430e-01 2.042953014373779297e+00
1.028464698791503906e+01 -2.369479089975357056e-01 2.026693344116210938e+00
1.018586635589599609e+01 -2.376400530338287354e-01 1.950647354125976562e+00
1.012906932830810547e+01 -2.380525767803192139e-01 1.905531883239746094e+00
1.009930229187011719e+01 -2.382731288671493530e-01 1.881461977958679199e+00
1.004461383819580078e+01 -2.386825233697891235e-01 1.836827516555786133e+00
9.961483001708984375e+00 -2.393165230751037598e-01 1.767816543579101562e+00
9.900517463684082031e+00 -2.397945225238800049e-01 1.715892314910888672e+00
9.840467453002929688e+00 -2.402746826410293579e-01 1.663786172866821289e+00
9.776172637939453125e+00 -2.407985925674438477e-01 1.606969833374023438e+00
9.731803894042968750e+00 -2.411673516035079956e-01 1.566993474960327148e+00
9.686911582946777344e+00 -2.415454536676406860e-01 1.526003479957580566e+00
9.603590965270996094e+00 -2.422565370798110962e-01 1.448898434638977051e+00
9.566086769104003906e+00 -2.425843924283981323e-01 1.413322567939758301e+00
9.509536743164062500e+00 -2.430839240550994873e-01 1.359083056449890137e+00
9.450804710388183594e+00 -2.436108291149139404e-01 1.301805853843688965e+00
9.379729270935058594e+00 -2.442585527896881104e-01 1.231290817260742188e+00
9.318395614624023438e+00 -2.448279112577438354e-01 1.169169664382934570e+00
9.298485755920410156e+00 -2.450156062841415405e-01 1.148643374443054199e+00
9.245735168457031250e+00 -2.455153316259384155e-01 1.093945860862731934e+00
9.183895111083984375e+00 -2.461086958646774292e-01 1.028842806816101074e+00
9.102965354919433594e+00 -2.468966394662857056e-01 9.421209692955017090e-01
9.065363883972167969e+00 -2.472695559263229370e-01 9.008888006210327148e-01
9.034135818481445312e+00 -2.475818097591400146e-01 8.662788867950439453e-01
8.956228256225585938e+00 -2.483660727739334106e-01 7.791666984558105469e-01
8.904733657836914062e+00 -2.488930225372314453e-01 7.203089594841003418e-01
8.871824264526367188e+00 -2.492332905530929565e-01 6.821463704109191895e-01
8.816491127014160156e+00 -2.498090863227844238e-01 6.173859834671020508e-01
8.766733169555664062e+00 -2.503323554992675781e-01 5.582442283630371094e-01
8.697252273559570312e+00 -2.510697841644287109e-01 4.745061993598937988e-01
8.645461082458496094e+00 -2.516262531280517578e-01 4.108723998069763184e-01
8.597265243530273438e+00 -2.521485984325408936e-01 3.508006334304809570e-01
8.546824455261230469e+00 -2.526994645595550537e-01 2.870894074440002441e-01
8.491089820861816406e+00 -2.533128261566162109e-01 2.157061696052551270e-01
8.437647819519042969e+00 -2.539057135581970215e-01 1.462028026580810547e-01
8.375775337219238281e+00 -2.545971274375915527e-01 6.454817950725555420e-02
8.342832565307617188e+00 -2.549681663513183594e-01 2.033037692308425903e-02
8.309801101684570312e+00 -2.527708113193511963e-01 7.221560180187225342e-02
8.242021560668945312e+00 -2.483428120613098145e-01 1.743610054254531860e-01
8.228305816650390625e+00 -2.474773228168487549e-01 1.933792680501937866e-01
8.175755500793457031e+00 -2.441821992397308350e-01 2.650873661041259766e-01
8.107895851135253906e+00 -2.400258779525756836e-01 3.521794378757476807e-01
8.058939933776855469e+00 -2.371096014976501465e-01 4.103257060050964355e-01
8.022223472595214844e+00 -2.349617630243301392e-01 4.516247212886810303e-01
7.997973442077636719e+00 -2.335610836744308472e-01 4.778256416320800781e-01
7.932008743286132812e+00 -2.297813296318054199e-01 5.472432374954223633e-01
7.862225055694580078e+00 -2.258654832839965820e-01 6.155624389648437500e-01
7.812905311584472656e+00 -2.231533378362655640e-01 6.602986454963684082e-01
7.761052131652832031e+00 -2.203388810157775879e-01 7.048654556274414062e-01
7.733799457550048828e+00 -2.188785970211029053e-01 7.269877195358276367e-01
7.658928871154785156e+00 -2.148921936750411987e-01 7.859592437744140625e-01
7.612060546875000000e+00 -2.124381810426712036e-01 8.198699951171875000e-01
7.548759937286376953e+00 -2.091550827026367188e-01 8.632612824440002441e-01
7.505499362945556641e+00 -2.069380879402160645e-01 8.907716870307922363e-01
7.462266921997070312e+00 -2.047389745712280273e-01 9.168571233749389648e-01
7.395852088928222656e+00 -2.013841420412063599e-01 9.548267126083374023e-01
7.352660655975341797e+00 -1.992240697145462036e-01 9.774763584136962891e-01
7.312720775604248047e+00 -1.972382217645645142e-01 9.972321391105651855e-01
7.220398426055908203e+00 -1.926707774400711060e-01 1.040409445762634277e+00
7.162505626678466797e+00 -1.898372024297714233e-01 1.063960075378417969e+00
7.110414981842041016e+00 -1.873018443584442139e-01 1.083229899406433105e+00
7.077165603637695312e+00 -1.856906563043594360e-01 1.094448447227478027e+00
7.024363517761230469e+00 -1.831382960081100464e-01 1.111184597015380859e+00
6.965690612792968750e+00 -1.803122609853744507e-01 1.127896070480346680e+00
6.893361568450927734e+00 -1.768401861190795898e-01 1.145949363708496094e+00
6.846812248229980469e+00 -1.746130436658859253e-01 1.155573368072509766e+00
6.761299610137939453e+00 -1.705278307199478149e-01 1.170923829078674316e+00
6.719140529632568359e+00 -1.685177385807037354e-01 1.176397085189819336e+00
6.666034698486328125e+00 -1.659864485263824463e-01 1.182001948356628418e+00
6.589307785034179688e+00 -1.623289883136749268e-01 1.187759280204772949e+00
6.568209648132324219e+00 -1.613223701715469360e-01 1.188413858413696289e+00
6.474794864654541016e+00 -1.568628847599029541e-01 1.190183281898498535e+00
6.420851230621337891e+00 -1.542802155017852783e-01 1.188309550285339355e+00
6.369157314300537109e+00 -1.517985612154006958e-01 1.184904575347900391e+00
6.338513851165771484e+00 -1.503228247165679932e-01 1.181966662406921387e+00
6.284557819366455078e+00 -1.477186083793640137e-01 1.175827980041503906e+00
6.223028659820556641e+00 -1.447362154722213745e-01 1.166875600814819336e+00
6.162259578704833984e+00 -1.417741328477859497e-01 1.155810356140136719e+00
6.091074943542480469e+00 -1.382821053266525269e-01 1.140239119529724121e+00
6.059404373168945312e+00 -1.367151737213134766e-01 1.131926894187927246e+00
5.999725818634033203e+00 -1.337496638298034668e-01 1.115082263946533203e+00
5.944283485412597656e+00 -1.309705823659896851e-01 1.097333908081054688e+00
5.869590282440185547e+00 -1.271927654743194580e-01 1.070734858512878418e+00
5.829829692840576172e+00 -1.251548528671264648e-01 1.054595232009887695e+00
5.779548168182373047e+00 -1.225571259856224060e-01 1.032810807228088379e+00
5.737145900726318359e+00 -1.203428953886032104e-01 1.012940406799316406e+00
5.682023048400878906e+00 -1.174362599849700928e-01 9.854196310043334961e-01
5.611438274383544922e+00 -1.136637479066848755e-01 9.472851753234863281e-01
5.557085990905761719e+00 -1.107038035988807678e-01 9.149504899978637695e-01
5.502435684204101562e+00 -1.076797246932983398e-01 8.800275921821594238e-01
5.462577342987060547e+00 -1.054355353116989136e-01 8.527108430862426758e-01
5.422558307647705078e+00 -1.031512990593910217e-01 8.238731622695922852e-01
5.373263359069824219e+00 -1.002964228391647339e-01 7.865411043167114258e-01
5.311999797821044922e+00 -9.668036550283432007e-02 7.372547388076782227e-01
5.273723125457763672e+00 -9.436299651861190796e-02 7.040893435478210449e-01
5.237617969512939453e+00 -9.213895350694656372e-02 6.713206171989440918e-01
5.197905063629150391e+00 -8.965002745389938354e-02 6.336648464202880859e-01
5.144237995147705078e+00 -8.621820807456970215e-02 5.802623033523559570e-01
5.083559513092041016e+00 -8.222386240959167480e-02 5.157994031906127930e-01
5.044439792633056641e+00 -7.955485582351684570e-02 4.710068404674530029e-01
5.021835803985595703e+00 -7.797298580408096313e-02 4.438119828701019287e-01
4.969754695892333984e+00 -7.427079230546951294e-02 3.792991936206817627e-01
4.939700126647949219e+00 -7.205206900835037231e-02 3.394539058208465576e-01
4.890810489654541016e+00 -6.835573911666870117e-02 2.719539999961853027e-01
4.864202022552490234e+00 -6.625907868146896362e-02 2.326497137546539307e-01
4.810894012451171875e+00 -6.195377930998802185e-02 1.508289426565170288e-01
4.778530120849609375e+00 -5.919853970408439636e-02 9.706562757492065430e-02
4.753322124481201172e+00 -5.697442963719367981e-02 5.299964174628257751e-02
4.700730800628662109e+00 -5.219300836324691772e-02 -4.282605275511741638e-02
4.666308403015136719e+00 -4.739786684513092041e-02 -5.331598222255706787e-04
4.627939224243164062e+00 -4.211574047803878784e-02 4.485833644866943359e-02
4.571957588195800781e+00 -3.450578078627586365e-02 1.083802655339241028e-01
4.494926929473876953e+00 -2.421669661998748779e-02 1.906662881374359131e-01
4.471443176269531250e+00 -2.115011960268020630e-02 2.137663066387176514e-01
4.416440963745117188e+00 -1.401375327259302139e-02 2.665551304817199707e-01
4.344319343566894531e+00 -4.792606458067893982e-03 3.318701088428497314e-01
4.298306941986083984e+00 9.837374091148376465e-04 3.704673051834106445e-01
4.242220878601074219e+00 7.947562262415885925e-03 4.152696728706359863e-01
4.179227352142333984e+00 1.566847786307334900e-02 4.626436233520507812e-01
4.100702285766601562e+00 2.515992894768714905e-02 5.177629590034484863e-01
4.040598392486572266e+00 3.230522945523262024e-02 5.563806891441345215e-01
3.988903522491455078e+00 3.837712109088897705e-02 5.873610973358154297e-01
3.932599782943725586e+00 4.492453485727310181e-02 6.190848350524902344e-01
3.898926734924316406e+00 4.879917949438095093e-02 6.367819905281066895e-01
3.810783863067626953e+00 5.887975543737411499e-02 6.811636686325073242e-01
3.729706525802612305e+00 6.800822913646697998e-02 7.174155116081237793e-01
3.673217773437500000e+00 7.428161799907684326e-02 7.398561239242553711e-01
3.645270586013793945e+00 7.735708355903625488e-02 7.500164508819580078e-01
3.541052579879760742e+00 8.877560496330261230e-02 7.861988544464111328e-01
3.516097068786621094e+00 9.146603941917419434e-02 7.933598756790161133e-01
3.457657814025878906e+00 9.774336218833923340e-02 8.093080520629882812e-01
3.386023283004760742e+00 1.053731590509414673e-01 8.265177011489868164e-01
3.330072164535522461e+00 1.112726479768753052e-01 8.377489447593688965e-01
3.262358903884887695e+00 1.183581873774528503e-01 8.492779135704040527e-01
3.194558382034301758e+00 1.253893971443176270e-01 8.583415746688842773e-01
3.116750478744506836e+00 1.333883851766586304e-01 8.659138083457946777e-01
3.052166938781738281e+00 1.399637162685394287e-01 8.695162534713745117e-01
2.992858648300170898e+00 1.459552943706512451e-01 8.707845211029052734e-01
2.941562175750732422e+00 1.511017680168151855e-01 8.702602386474609375e-01
2.845489501953125000e+00 1.606846600770950317e-01 8.666458129882812500e-01
2.815646648406982422e+00 1.636297702789306641e-01 8.639817833900451660e-01
2.747826576232910156e+00 1.703017652034759521e-01 8.568314909934997559e-01
2.684451580047607422e+00 1.764925867319107056e-01 8.478050231933593750e-01
2.642283201217651367e+00 1.805856972932815552e-01 8.403229713439941406e-01
2.560564756393432617e+00 1.884854733943939209e-01 8.238966464996337891e-01
2.503793716430664062e+00 1.939311474561691284e-01 8.098517060279846191e-01
2.455993413925170898e+00 1.984929740428924561e-01 7.964521646499633789e-01
2.359897851943969727e+00 2.076260596513748169e-01 7.668007612228393555e-01
2.305037260055541992e+00 2.127980887889862061e-01 7.466796040534973145e-01
2.266144275665283203e+00 2.164492458105087280e-01 7.310761213302612305e-01
2.208590507507324219e+00 2.218368649482727051e-01 7.065474390983581543e-01
2.120664834976196289e+00 2.300342321395874023e-01 6.657436490058898926e-01
2.096223831176757812e+00 2.322996109724044800e-01 6.529306769371032715e-01
2.008518695831298828e+00 2.404173016548156738e-01 6.054229736328125000e-01
1.988234043121337891e+00 2.422855198383331299e-01 5.931255817413330078e-01
1.899317741394042969e+00 2.504670023918151855e-01 5.378282070159912109e-01
1.858173251152038574e+00 2.542377710342407227e-01 5.093156099319458008e-01
1.794889569282531738e+00 2.600296437740325928e-01 4.632443189620971680e-01
1.771138429641723633e+00 2.621996700763702393e-01 4.446135759353637695e-01
1.705754756927490234e+00 2.681710720062255859e-01 3.918693661689758301e-01
1.653888940811157227e+00 2.729040384292602539e-01 3.467180430889129639e-01
1.601705431938171387e+00 2.776661515235900879e-01 2.984543144702911377e-01
1.548834085464477539e+00 2.824942767620086670e-01 2.464685142040252686e-01
1.510463953018188477e+00 2.860031425952911377e-01 2.063049525022506714e-01
1.461836099624633789e+00 2.904574573040008545e-01 1.530000269412994385e-01
1.419313073158264160e+00 2.943634390830993652e-01 1.035416424274444580e-01
1.363515853881835938e+00 2.995056807994842529e-01 3.511197119951248169e-02
1.313668370246887207e+00 3.041250705718994141e-01 -3.053294867277145386e-02
1.291845917701721191e+00 3.075008690357208252e-01 -8.179299533367156982e-03
1.223393201828002930e+00 3.180231153964996338e-01 6.033179163932800293e-02
1.165268659591674805e+00 3.267867863178253174e-01 1.143991649150848389e-01
1.066848039627075195e+00 3.413990736007690430e-01 2.004785239696502686e-01
1.020359754562377930e+00 3.481328189373016357e-01 2.370663583278656006e-01
9.788678884506225586e-01 3.540779352188110352e-01 2.681401669979095459e-01
9.001209735870361328e-01 3.652557730674743652e-01 3.245380818843841553e-01
8.296103477478027344e-01 3.750934302806854248e-01 3.708352446556091309e-01
7.542381882667541504e-01 3.854560852050781250e-01 4.165274798870086670e-01
7.082818746566772461e-01 3.916800320148468018e-01 4.420295655727386475e-01
6.239502429962158203e-01 4.030008316040039062e-01 4.862974286079406738e-01
5.379706025123596191e-01 4.143617153167724609e-01 5.268428325653076172e-01
4.758414626121520996e-01 4.224446117877960205e-01 5.529056191444396973e-01
4.366293549537658691e-01 4.274910092353820801e-01 5.679321885108947754e-01
3.203313052654266357e-01 4.423582255840301514e-01 6.098962426185607910e-01
2.817109227180480957e-01 4.471996128559112549e-01 6.213193535804748535e-01
2.053190469741821289e-01 4.567162692546844482e-01 6.423162817955017090e-01
1.182948350906372070e-01 4.674254655838012695e-01 6.626775860786437988e-01
5.963653326034545898e-02 4.745458364486694336e-01 6.737185716629028320e-01
-1.966233551502227783e-02 4.840852618217468262e-01 6.862363219261169434e-01
-8.539100736379623413e-02 4.918974339962005615e-01 6.939361095428466797e-01
-1.476569473743438721e-01 4.992256164550781250e-01 6.991459727287292480e-01
-2.273306995630264282e-01 5.085166096687316895e-01 7.032960057258605957e-01
-2.917395830154418945e-01 5.159401893615722656e-01 7.040510177612304688e-01
-3.712458014488220215e-01 5.250186920166015625e-01 7.023867964744567871e-01
-4.286488294601440430e-01 5.314986109733581543e-01 6.988617181777954102e-01
-4.917753040790557861e-01 5.385665297508239746e-01 6.931287050247192383e-01
-5.987285375595092773e-01 5.504345893859863281e-01 6.799284219741821289e-01
-6.368286609649658203e-01 5.545985102653503418e-01 6.730912923812866211e-01
-7.457504272460937500e-01 5.664390325546264648e-01 6.513338685035705566e-01
-7.896148562431335449e-01 5.711343288421630859e-01 6.399807929992675781e-01
-8.520725369453430176e-01 5.777789950370788574e-01 6.222906708717346191e-01
-9.289808273315429688e-01 5.858895778656005859e-01 5.977846980094909668e-01
-9.824104905128479004e-01 5.914633274078369141e-01 5.783665776252746582e-01
-1.086476683616638184e+00 6.022381186485290527e-01 5.372059941291809082e-01
-1.116312265396118164e+00 6.052815914154052734e-01 5.234723091125488281e-01
-1.198465824127197266e+00 6.136267185211181641e-01 4.840623736381530762e-01
-1.245467901229858398e+00 6.183450818061828613e-01 4.589280188083648682e-01
-1.302862167358398438e+00 6.240679621696472168e-01 4.263421297073364258e-01
-1.402613401412963867e+00 6.339319944381713867e-01 3.655350804328918457e-01
-1.451619982719421387e+00 6.387069821357727051e-01 3.318874835968017578e-01
-1.488443136215209961e+00 6.422689557075500488e-01 3.051068782806396484e-01
-1.585752844810485840e+00 6.516307592391967773e-01 2.312278449535369873e-01
-1.619939684867858887e+00 6.548711061477661133e-01 2.022086828947067261e-01
-1.677589178085327148e+00 6.603071093559265137e-01 1.512946486473083496e-01
-1.735383272171020508e+00 6.657085418701171875e-01 9.672548621892929077e-02
-1.777200698852539062e+00 6.695817112922668457e-01 5.447560176253318787e-02
-1.843015074729919434e+00 6.756377220153808594e-01 -1.542152836918830872e-02
-1.898931145668029785e+00 6.842823624610900879e-01 3.333099931478500366e-02
-2.008716821670532227e+00 7.009885311126708984e-01 1.237609684467315674e-01
-2.085004568099975586e+00 7.122576832771301270e-01 1.798664629459381104e-01
-2.141343832015991211e+00 7.204209566116333008e-01 2.181468904018402100e-01
-2.223876476287841797e+00 7.322168946266174316e-01 2.710000276565551758e-01
-2.333658933639526367e+00 7.476049661636352539e-01 3.353007137775421143e-01
-2.402429103851318359e+00 7.570072412490844727e-01 3.708648681640625000e-01
-2.436646223068237305e+00 7.616158723831176758e-01 3.871737420558929443e-01
-2.526662111282348633e+00 7.736520171165466309e-01 4.283193349838256836e-01
-2.638515233993530273e+00 7.883273363113403320e-01 4.738262295722961426e-01
-2.707862138748168945e+00 7.972191572189331055e-01 4.978843927383422852e-01
-2.822011947631835938e+00 8.116542100906372070e-01 5.334036946296691895e-01
-2.896435737609863281e+00 8.208557963371276855e-01 5.522872209548950195e-01
-3.006105661392211914e+00 8.342208862304687500e-01 5.761206150054931641e-01
-3.025020360946655273e+00 8.364778161048889160e-01 5.792331695556640625e-01
-3.140362262725830078e+00 8.501911759376525879e-01 5.971811413764953613e-01
-3.224388122558593750e+00 8.599637746810913086e-01 6.056852340698242188e-01
-3.312352418899536133e+00 8.700327873229980469e-01 6.111398935317993164e-01
-3.429318666458129883e+00 8.832000494003295898e-01 6.136105656623840332e-01
-3.482227325439453125e+00 8.890244960784912109e-01 6.118487119674682617e-01
-3.594258308410644531e+00 9.012332558631896973e-01 6.053514480590820312e-01
-3.667976379394531250e+00 9.090939164161682129e-01 5.971878170967102051e-01
-3.742593526840209961e+00 9.169360995292663574e-01 5.863006711006164551e-01
-3.840117454528808594e+00 9.270344376564025879e-01 5.685502290725708008e-01
-3.892325639724731445e+00 9.323340654373168945e-01 5.565348863601684570e-01
-3.969043016433715820e+00 9.400377869606018066e-01 5.368576049804687500e-01
-4.104349136352539062e+00 9.534057974815368652e-01 4.968065023422241211e-01
-4.147532939910888672e+00 9.575465917587280273e-01 4.809007644653320312e-01
-4.221348285675048828e+00 9.645552635192871094e-01 4.519317746162414551e-01
-4.297224521636962891e+00 9.716358184814453125e-01 4.189380407333374023e-01
-4.396243572235107422e+00 9.807065129280090332e-01 3.713859915733337402e-01
-4.494129657745361328e+00 9.894480705261230469e-01 3.182707726955413818e-01
-4.561671733856201172e+00 9.953200817108154297e-01 2.771598398685455322e-01
-4.605283260345458984e+00 9.990376830101013184e-01 2.484860718250274658e-01
-4.704433441162109375e+00 1.007378101348876953e+00 1.800055354833602905e-01
-4.749178409576416016e+00 1.011022448539733887e+00 1.455169320106506348e-01
-4.798003196716308594e+00 1.014937400817871094e+00 1.059658452868461609e-01
-4.868465423583984375e+00 1.020486593246459961e+00 4.570303112268447876e-02
-4.935603618621826172e+00 1.025628685951232910e+00 -1.640977337956428528e-02
-5.078738212585449219e+00 1.046309828758239746e+00 9.760183095932006836e-02
-5.179839134216308594e+00 1.060239672660827637e+00 1.675468534231185913e-01
-5.219115734100341797e+00 1.065483808517456055e+00 1.921207755804061890e-01
-5.332008361816406250e+00 1.080380201339721680e+00 2.600250244140625000e-01
-5.479388236999511719e+00 1.099189043045043945e+00 3.388183712959289551e-01
-5.571324348449707031e+00 1.110437273979187012e+00 3.805043399333953857e-01
-5.641666412353515625e+00 1.118826985359191895e+00 4.090709090232849121e-01
-5.747128009796142578e+00 1.131166458129882812e+00 4.482240080833435059e-01
-5.888603210449218750e+00 1.147253751754760742e+00 4.935729503631591797e-01
-5.922864913940429688e+00 1.151004195213317871e+00 5.023103952407836914e-01
-6.106211185455322266e+00 1.170891761779785156e+00 5.462529659271240234e-01
-6.141417026519775391e+00 1.174525976181030273e+00 5.518361926078796387e-01
-6.318342208862304688e+00 1.192617297172546387e+00 5.772178173065185547e-01
-6.353918552398681641e+00 1.196082115173339844e+00 5.796297192573547363e-01
-6.538825988769531250e+00 1.213913083076477051e+00 5.893911719322204590e-01
-6.563724517822265625e+00 1.216189861297607422e+00 5.887578129768371582e-01
-6.751853942871093750e+00 1.233268022537231445e+00 5.819929838180541992e-01
-6.781347751617431641e+00 1.235795855522155762e+00 5.785617828369140625e-01
-6.891925334930419922e+00 1.245185136795043945e+00 5.642861723899841309e-01
-7.065920829772949219e+00 1.259434819221496582e+00 5.333933234214782715e-01
-7.154299736022949219e+00 1.266243815422058105e+00 5.107508301734924316e-01
-7.259331226348876953e+00 1.274069905281066895e+00 4.794722199440002441e-01
-7.326445579528808594e+00 1.278863430023193359e+00 4.560489952564239502e-01
-7.397188186645507812e+00 1.283772587776184082e+00 4.289545416831970215e-01
-7.499618530273437500e+00 1.290655970573425293e+00 3.859307467937469482e-01
-7.653512477874755859e+00 1.300490975379943848e+00 3.126692175865173340e-01
-7.705796241760253906e+00 1.303557395935058594e+00 2.830446064472198486e-01
-7.823074817657470703e+00 1.310212731361389160e+00 2.126796543598175049e-01
-7.905855178833007812e+00 1.314538121223449707e+00 1.564286798238754272e-01
-7.976151943206787109e+00 1.317970395088195801e+00 1.043272167444229126e-01
-8.084453582763671875e+00 1.322921395301818848e+00 1.792101562023162842e-02
-8.150623321533203125e+00 1.325601816177368164e+00 -4.122184216976165771e-02
-8.281112670898437500e+00 1.340795159339904785e+00 5.986013263463973999e-02
-8.416362762451171875e+00 1.355508089065551758e+00 1.528908014297485352e-01
-8.481996536254882812e+00 1.362172722816467285e+00 1.927044391632080078e-01
-8.619227409362792969e+00 1.375657439231872559e+00 2.709546089172363281e-01
-8.800312995910644531e+00 1.392262697219848633e+00 3.610829710960388184e-01
-8.943124771118164062e+00 1.404201507568359375e+00 4.195076227188110352e-01
-9.054226875305175781e+00 1.412822961807250977e+00 4.577512741088867188e-01
-9.234840393066406250e+00 1.426027417182922363e+00 5.112216472625732422e-01
-9.360359191894531250e+00 1.434313535690307617e+00 5.388783812522888184e-01
-9.490266799926757812e+00 1.442267060279846191e+00 5.609134435653686523e-01
-9.567345619201660156e+00 1.446609258651733398e+00 5.700142979621887207e-01
-9.715344429016113281e+00 1.454521059989929199e+00 5.830183625221252441e-01
-9.856192588806152344e+00 1.461272716522216797e+00 5.872420668601989746e-01
-9.963920593261718750e+00 1.465868592262268066e+00 5.845404863357543945e-01
-1.016940307617187500e+01 1.473798751831054688e+00 5.706790089607238770e-01
-1.026917648315429688e+01 1.476858735084533691e+00 5.557280182838439941e-01
-1.042377662658691406e+01 1.480988264083862305e+00 5.262106060981750488e-01
-1.056306076049804688e+01 1.483826994895935059e+00 4.904713034629821777e-01
-1.061919307708740234e+01 1.484635710716247559e+00 4.725902080535888672e-01
-1.074941730499267578e+01 1.486185789108276367e+00 4.277219772338867188e-01
-1.090106582641601562e+01 1.487076163291931152e+00 3.659707307815551758e-01
-1.105102539062500000e+01 1.486827969551086426e+00 2.931654453277587891e-01
-1.114970684051513672e+01 1.485861539840698242e+00 2.368785589933395386e-01
-1.130259990692138672e+01 1.483467102050781250e+00 1.402797400951385498e-01
-1.135097312927246094e+01 1.482224106788635254e+00 1.046216338872909546e-01
-1.144256496429443359e+01 1.479547142982482910e+00 3.369267284870147705e-02
-1.154373168945312500e+01 1.475864648818969727e+00 -5.232307314872741699e-02
-1.173139190673828125e+01 1.483131766319274902e+00 8.105179667472839355e-02
-1.191080093383789062e+01 1.487640857696533203e+00 1.892141401767730713e-01
-1.211316013336181641e+01 1.490331530570983887e+00 2.927103638648986816e-01
-1.232547092437744141e+01 1.490516424179077148e+00 3.813903331756591797e-01
-1.246572589874267578e+01 1.488912820816040039e+00 4.272778630256652832e-01
-1.269377994537353516e+01 1.484519243240356445e+00 4.890789091587066650e-01
-1.287652206420898438e+01 1.478710770606994629e+00 5.224464535713195801e-01
-1.303921794891357422e+01 1.471922516822814941e+00 5.410154461860656738e-01
-1.324456024169921875e+01 1.461527466773986816e+00 5.520966053009033203e-01
-1.342166805267333984e+01 1.450535535812377930e+00 5.481705665588378906e-01
-1.368560886383056641e+01 1.431465148925781250e+00 5.247604250907897949e-01
-1.373801994323730469e+01 1.426840066909790039e+00 5.147234201431274414e-01
-1.401102256774902344e+01 1.401830315589904785e+00 4.566637277603149414e-01
-1.411755657196044922e+01 1.390097856521606445e+00 4.216468036174774170e-01
-1.426566410064697266e+01 1.372604131698608398e+00 3.657009601593017578e-01
-1.451149940490722656e+01 1.340634703636169434e+00 2.549619376659393311e-01
-1.461260986328125000e+01 1.325213909149169922e+00 1.956968009471893311e-01
-1.476106834411621094e+01 1.300964474678039551e+00 9.911351650953292847e-02
-1.488659191131591797e+01 1.278213024139404297e+00 4.144817590713500977e-03
-1.501357269287109375e+01 1.252933502197265625e+00 -1.052239611744880676e-01
-1.533577632904052734e+01 1.214086055755615234e+00 1.127484962344169617e-01
-1.562160015106201172e+01 1.169907927513122559e+00 2.586604654788970947e-01
-1.590347957611083984e+01 1.118575453758239746e+00 3.670615851879119873e-01
-1.612130355834960938e+01 1.073207497596740723e+00 4.261324703693389893e-01
-1.643452072143554688e+01 1.001662969589233398e+00 4.850709438323974609e-01
-1.672048377990722656e+01 9.278618693351745605e-01 5.051654577255249023e-01
-1.696296119689941406e+01 8.583216667175292969e-01 4.958807826042175293e-01
-1.711740112304687500e+01 8.099422454833984375e-01 4.751591682434082031e-01
-1.746611595153808594e+01 6.942874193191528320e-01 4.059097170829772949e-01
-1.768372344970703125e+01 6.119022369384765625e-01 3.276930451393127441e-01
-1.780383872985839844e+01 5.621078610420227051e-01 2.703640460968017578e-01
-1.810007667541503906e+01 4.323918521404266357e-01 1.069207489490509033e-01
-1.831441307067871094e+01 3.233910501003265381e-01 -5.900245904922485352e-02
-1.841469573974609375e+01 2.649365961551666260e-01 -1.593617200851440430e-01
-1.874687385559082031e+01 1.118283122777938843e-01 9.709799289703369141e-02
-1.934576988220214844e+01 -2.100446075201034546e-01 4.430101215839385986e-01
-1.964369010925292969e+01 -4.108581244945526123e-01 5.214616656303405762e-01
-2.014432907104492188e+01 -7.867399454116821289e-01 5.784115195274353027e-01
-2.053334808349609375e+01 -1.141258955001831055e+00 5.092983245849609375e-01
-2.079142379760742188e+01 -1.426140546798706055e+00 3.823176920413970947e-01
-2.099472236633300781e+01 -1.695105791091918945e+00 2.145719528198242188e-01
-2.126446342468261719e+01 -2.139158964157104492e+00 -1.349212229251861572e-01
-2.130296897888183594e+01 -2.257710218429565430e+00 -2.626950740814208984e-01
-2.157910537719726562e+01 -3.532556056976318359e+00 8.762080669403076172e-01
-2.113538742065429688e+01 -6.307152271270751953e+00 1.487414121627807617e+00
-2.059166908264160156e+01 -6.704242229461669922e+00 1.160819530487060547e+00
-1.843397521972656250e+01 -7.481687545776367188e+00 -8.163428306579589844e-02
-1.679334449768066406e+01 -6.212447166442871094e+00 -7.876610755920410156e-01
-1.099886596679687500e+03 -7.845564270019531250e+01 2.278200378417968750e+02
1.283549023437500000e+04 1.210124023437500000e+04 -5.544311718750000000e+04
1.843264875000000000e+06 -2.957882000000000000e+07 9.961812800000000000e+07
