2.327346611022949219e+01 -2.174438536167144775e-01 2.801675498485565186e-01
2.312280082702636719e+01 -2.060965001583099365e-01 3.763915896415710449e-01
2.295628547668457031e+01 -1.936422735452651978e-01 4.816083908081054688e-01
2.282628822326660156e+01 -1.839931160211563110e-01 5.627587437629699707e-01
2.273465538024902344e+01 -1.772313714027404785e-01 6.194055676460266113e-01
2.261041069030761719e+01 -1.681004166603088379e-01 6.956771016120910645e-01
2.240783882141113281e+01 -1.532948613166809082e-01 8.188326358795166016e-01
2.232821655273437500e+01 -1.475271880626678467e-01 8.664578199386596680e-01
2.219229698181152344e+01 -1.377150267362594604e-01 9.472239017486572266e-01
2.201574134826660156e+01 -1.250432580709457397e-01 1.050940752029418945e+00
2.186797332763671875e+01 -1.145165711641311646e-01 1.136424422264099121e+00
2.175854873657226562e+01 -1.067689955234527588e-01 1.198892354965209961e+00
2.159676361083984375e+01 -9.536495804786682129e-02 1.290325403213500977e+00
2.153699684143066406e+01 -9.117943048477172852e-02 1.323588848114013672e+00
2.140395355224609375e+01 -8.188396692276000977e-02 1.397207856178283691e+00
2.123719406127929688e+01 -7.029313594102859497e-02 1.488278031349182129e+00
2.109160041809082031e+01 -6.023805215954780579e-02 1.566447257995605469e+00
2.099497985839843750e+01 -5.360132828354835510e-02 1.617532253265380859e+00
2.092304039001464844e+01 -4.867722839117050171e-02 1.655171751976013184e+00
2.073339462280273438e+01 -3.572969883680343628e-02 1.753611207008361816e+00
2.059742546081542969e+01 -2.650912478566169739e-02 1.822682499885559082e+00
2.052800941467285156e+01 -2.182363905012607574e-02 1.857383251190185547e+00
2.042830085754394531e+01 -1.510885544121265411e-02 1.906810879707336426e+00
2.026366233825683594e+01 -4.057520069181919098e-03 1.987427830696105957e+00
2.018979644775390625e+01 8.744904771447181702e-04 2.022845983505249023e+00
2.003573608398437500e+01 1.113783661276102066e-02 2.096005439758300781e+00
1.995558738708496094e+01 1.645252108573913574e-02 2.133283853530883789e+00
1.981947326660156250e+01 2.545751631259918213e-02 2.195890665054321289e+00
1.968869400024414062e+01 3.407690674066543579e-02 2.254885911941528320e+00
1.959932899475097656e+01 3.994651138782501221e-02 2.294426918029785156e+00
1.948459053039550781e+01 4.746584966778755188e-02 2.344507932662963867e+00
1.930664825439453125e+01 5.909527838230133057e-02 2.420792818069458008e+00
1.926505279541015625e+01 6.180279701948165894e-02 2.438114643096923828e+00
1.909543991088867188e+01 7.283409684896469116e-02 2.508255720138549805e+00
1.897340774536132812e+01 8.074406534433364868e-02 2.557256221771240234e+00
1.892367553710937500e+01 8.396068215370178223e-02 2.576788663864135742e+00
1.880872154235839844e+01 9.138997644186019897e-02 2.621522426605224609e+00
1.866144752502441406e+01 1.008912920951843262e-01 2.677590370178222656e+00
1.858161735534667969e+01 1.060310602188110352e-01 2.707105398178100586e+00
1.846072959899902344e+01 1.138069629669189453e-01 2.751070737838745117e+00
1.832404518127441406e+01 1.225874722003936768e-01 2.799515724182128906e+00
1.827738761901855469e+01 1.255809664726257324e-01 2.815556287765502930e+00
1.813232803344726562e+01 1.348849236965179443e-01 2.864895105361938477e+00
1.800126266479492188e+01 1.432834416627883911e-01 2.907960414886474609e+00
1.797114562988281250e+01 1.452122628688812256e-01 2.917536735534667969e+00
1.786813735961914062e+01 1.518087983131408691e-01 2.950036287307739258e+00
1.772556877136230469e+01 1.609369516372680664e-01 2.993805885314941406e+00
1.759131431579589844e+01 1.695324927568435669e-01 3.033420085906982422e+00
1.755047225952148438e+01 1.721480488777160645e-01 3.045003890991210938e+00
1.744141578674316406e+01 1.791332364082336426e-01 3.075551271438598633e+00
1.736054039001464844e+01 1.843160390853881836e-01 3.097437858581542969e+00
1.724085426330566406e+01 1.919901072978973389e-01 3.128975868225097656e+00
1.716781234741210938e+01 1.966777592897415161e-01 3.147443056106567383e+00
1.704325675964355469e+01 2.046772539615631104e-01 3.178113937377929688e+00
1.693371200561523438e+01 2.117224037647247314e-01 3.203841447830200195e+00
1.680574798583984375e+01 2.199640125036239624e-01 3.232594251632690430e+00
1.672232246398925781e+01 2.253475785255432129e-01 3.250334262847900391e+00
1.662756156921386719e+01 2.314714193344116211e-01 3.269729614257812500e+00
1.657786369323730469e+01 2.346889227628707886e-01 3.279447078704833984e+00
1.649480056762695312e+01 2.400719374418258667e-01 3.295285940170288086e+00
1.636326599121093750e+01 2.486114650964736938e-01 3.319293498992919922e+00
1.627687263488769531e+01 2.542374134063720703e-01 3.333929300308227539e+00
1.618556785583496094e+01 2.601962387561798096e-01 3.348599672317504883e+00
1.612388420104980469e+01 2.642318904399871826e-01 3.357934951782226562e+00
1.600521850585937500e+01 2.720094025135040283e-01 3.375138044357299805e+00
1.593986988067626953e+01 2.763077914714813232e-01 3.383801698684692383e+00
1.583066654205322266e+01 2.835058867931365967e-01 3.397525072097778320e+00
1.576728057861328125e+01 2.876992821693420410e-01 3.404750585556030273e+00
1.562246131896972656e+01 2.973015904426574707e-01 3.420267105102539062e+00
1.559367752075195312e+01 2.992203235626220703e-01 3.422894477844238281e+00
1.544172191619873047e+01 3.093612194061279297e-01 3.436280488967895508e+00
1.536016845703125000e+01 3.148369193077087402e-01 3.442075967788696289e+00
1.528191471099853516e+01 3.201092481613159180e-01 3.446911811828613281e+00
1.518050098419189453e+01 3.269652128219604492e-01 3.452268362045288086e+00
1.515846920013427734e+01 3.284613490104675293e-01 3.453172922134399414e+00
1.503400707244873047e+01 3.369217514991760254e-01 3.457962274551391602e+00
1.493577289581298828e+01 3.436371684074401855e-01 3.460300207138061523e+00
1.490070343017578125e+01 3.460452556610107422e-01 3.460723400115966797e+00
1.478701972961425781e+01 3.538637757301330566e-01 3.461615800857543945e+00
1.471682643890380859e+01 3.587157130241394043e-01 3.461197853088378906e+00
1.463189411163330078e+01 3.646037876605987549e-01 3.459961175918579102e+00
1.451935577392578125e+01 3.724322319030761719e-01 3.457139492034912109e+00
1.446248912811279297e+01 3.764044642448425293e-01 3.454912185668945312e+00
1.441062450408935547e+01 3.800338208675384521e-01 3.452507972717285156e+00
1.427618694305419922e+01 3.894552886486053467e-01 3.445388555526733398e+00
1.424434757232666016e+01 3.916943669319152832e-01 3.443150758743286133e+00
1.412015533447265625e+01 4.004330933094024658e-01 3.433906793594360352e+00
1.403683567047119141e+01 4.063076376914978027e-01 3.426342010498046875e+00
1.396454524993896484e+01 4.114085137844085693e-01 3.418973684310913086e+00
1.389927577972412109e+01 4.160156846046447754e-01 3.411683320999145508e+00
1.381783485412597656e+01 4.217648804187774658e-01 3.401860713958740234e+00
1.374370193481445312e+01 4.269976019859313965e-01 3.392086029052734375e+00
1.368202018737792969e+01 4.313499331474304199e-01 3.383314132690429688e+00
1.361713314056396484e+01 4.359262883663177490e-01 3.373521566390991211e+00
1.354089450836181641e+01 4.412997961044311523e-01 3.361310482025146484e+00
1.343892765045166016e+01 4.484800100326538086e-01 3.343858480453491211e+00
1.337058162689208984e+01 4.532856047153472900e-01 3.331142425537109375e+00
1.329869556427001953e+01 4.583340287208557129e-01 3.317040205001831055e+00
1.322090721130371094e+01 4.637893736362457275e-01 3.300942897796630859e+00
1.314045524597167969e+01 4.694221615791320801e-01 3.283346176147460938e+00
1.306888389587402344e+01 4.744238853454589844e-01 3.266808509826660156e+00
1.303365516662597656e+01 4.768814444541931152e-01 3.258276700973510742e+00
1.294653701782226562e+01 4.829531013965606689e-01 3.236698150634765625e+00
1.288028907775878906e+01 4.875592887401580811e-01 3.219376325607299805e+00
1.279327869415283203e+01 4.935974478721618652e-01 3.195703029632568359e+00
1.274925708770751953e+01 4.966442883014678955e-01 3.183105230331420898e+00
1.263900852203369141e+01 5.042642951011657715e-01 3.150759935379028320e+00
1.260564899444580078e+01 5.065616965293884277e-01 3.140362977981567383e+00
1.252648735046386719e+01 5.120070576667785645e-01 3.115248203277587891e+00
1.242867660522460938e+01 5.187166333198547363e-01 3.082906007766723633e+00
1.239994907379150391e+01 5.206802487373352051e-01 3.072924375534057617e+00
1.229794502258300781e+01 5.276450514793395996e-01 3.036973714828491211e+00
1.221536159515380859e+01 5.332618355751037598e-01 3.006390094757080078e+00
1.216423416137695312e+01 5.367277860641479492e-01 2.986703872680664062e+00
1.209162807464599609e+01 5.416395068168640137e-01 2.958079338073730469e+00
1.202033615112304688e+01 5.464477539062500000e-01 2.929031610488891602e+00
1.198402595520019531e+01 5.488892793655395508e-01 2.913760423660278320e+00
1.189853954315185547e+01 5.546283721923828125e-01 2.877230882644653320e+00
1.184679031372070312e+01 5.580894947052001953e-01 2.854287624359130859e+00
1.178427124023437500e+01 5.622612237930297852e-01 2.825955390930175781e+00
1.172208118438720703e+01 5.663992166519165039e-01 2.797027349472045898e+00
1.163653945922851562e+01 5.720745921134948730e-01 2.756206750869750977e+00
1.156136131286621094e+01 5.770423412322998047e-01 2.719070196151733398e+00
1.149297809600830078e+01 5.815447568893432617e-01 2.684268474578857422e+00
1.145198059082031250e+01 5.842350721359252930e-01 2.662839412689208984e+00
1.139132690429687500e+01 5.882071852684020996e-01 2.630631208419799805e+00
1.131233215332031250e+01 5.933647751808166504e-01 2.587701320648193359e+00
1.124499988555908203e+01 5.977433919906616211e-01 2.550006151199340820e+00
1.120876884460449219e+01 6.000913381576538086e-01 2.529210090637207031e+00
1.114449596405029297e+01 6.042487025260925293e-01 2.491824626922607422e+00
1.107105255126953125e+01 6.089832782745361328e-01 2.448095083236694336e+00
1.101401138305664062e+01 6.126462221145629883e-01 2.413224697113037109e+00
1.094021606445312500e+01 6.173705458641052246e-01 2.367189884185791016e+00
1.088922023773193359e+01 6.206222176551818848e-01 2.334543943405151367e+00
1.084777832031250000e+01 6.232573390007019043e-01 2.307540893554687500e+00
1.078496074676513672e+01 6.272425651550292969e-01 2.266021251678466797e+00
1.068989849090576172e+01 6.332524418830871582e-01 2.201827287673950195e+00
1.066264057159423828e+01 6.349665522575378418e-01 2.182821035385131836e+00
1.061175823211669922e+01 6.381613612174987793e-01 2.147017002105712891e+00
1.052091121673583984e+01 6.438490152359008789e-01 2.082001924514770508e+00
1.046475505828857422e+01 6.473464965820312500e-01 2.040595769882202148e+00
1.041061115264892578e+01 6.507077813148498535e-01 1.999937295913696289e+00
1.035731315612792969e+01 6.540061831474304199e-01 1.959208130836486816e+00
1.027824115753173828e+01 6.588843464851379395e-01 1.897742986679077148e+00
1.025988674163818359e+01 6.600114703178405762e-01 1.883112311363220215e+00
1.018528842926025391e+01 6.645873785018920898e-01 1.823304057121276855e+00
1.012626171112060547e+01 6.681922078132629395e-01 1.774858355522155762e+00
1.009433364868164062e+01 6.701352596282958984e-01 1.748167514801025391e+00
1.002092456817626953e+01 6.745942234992980957e-01 1.686190843582153320e+00
9.948774337768554688e+00 6.789575219154357910e-01 1.623884320259094238e+00
9.907242774963378906e+00 6.814582347869873047e-01 1.587220668792724609e+00
9.834456443786621094e+00 6.858299970626831055e-01 1.522150516510009766e+00
9.789990425109863281e+00 6.884890794754028320e-01 1.481516122817993164e+00
9.730194091796875000e+00 6.920552849769592285e-01 1.426139235496520996e+00
9.674484252929687500e+00 6.953657269477844238e-01 1.373619318008422852e+00
9.625794410705566406e+00 6.982493400573730469e-01 1.326952576637268066e+00
9.569799423217773438e+00 7.015558481216430664e-01 1.272507667541503906e+00
9.518838882446289062e+00 7.045548558235168457e-01 1.222136855125427246e+00
9.472140312194824219e+00 7.072945833206176758e-01 1.175286054611206055e+00
9.418758392333984375e+00 7.104175686836242676e-01 1.120997786521911621e+00
9.382166862487792969e+00 7.125513553619384766e-01 1.083204984664916992e+00
9.303447723388671875e+00 7.171316742897033691e-01 1.001038312911987305e+00
9.273070335388183594e+00 7.188907861709594727e-01 9.686058163642883301e-01
9.212344169616699219e+00 7.224009633064270020e-01 9.032048583030700684e-01
9.172851562500000000e+00 7.246754765510559082e-01 8.599295616149902344e-01
9.103741645812988281e+00 7.286463975906372070e-01 7.833455801010131836e-01
9.041792869567871094e+00 7.321912050247192383e-01 7.133418917655944824e-01
8.998574256896972656e+00 7.346552014350891113e-01 6.636439561843872070e-01
8.955725669860839844e+00 7.370918989181518555e-01 6.137701869010925293e-01
8.908015251159667969e+00 7.397983074188232422e-01 5.575676560401916504e-01
8.861696243286132812e+00 7.424185276031494141e-01 5.022724866867065430e-01
8.823539733886718750e+00 7.445712089538574219e-01 4.561308324337005615e-01
8.768966674804687500e+00 7.476433515548706055e-01 3.894333243370056152e-01
8.717929840087890625e+00 7.505074739456176758e-01 3.261088728904724121e-01
8.648580551147460938e+00 7.543880939483642578e-01 2.388414591550827026e-01
8.620493888854980469e+00 7.559536695480346680e-01 2.028163820505142212e-01
8.566390037536621094e+00 7.589648365974426270e-01 1.328841894865036011e-01
8.506062507629394531e+00 7.623125910758972168e-01 5.374260246753692627e-02
8.473938941955566406e+00 7.640895247459411621e-01 1.090055331587791443e-02
8.442003250122070312e+00 7.695115804672241211e-01 6.078454479575157166e-02
8.396176338195800781e+00 7.772499322891235352e-01 1.295531094074249268e-01
8.353992462158203125e+00 7.843229174613952637e-01 1.893921047449111938e-01
8.299035072326660156e+00 7.934850454330444336e-01 2.635315656661987305e-01
8.269511222839355469e+00 7.983745336532592773e-01 3.008873164653778076e-01
8.209182739257812500e+00 8.083351850509643555e-01 3.747091293334960938e-01
8.157561302185058594e+00 8.168092966079711914e-01 4.337202310562133789e-01
8.131372451782226562e+00 8.210905194282531738e-01 4.619938731193542480e-01
8.091998100280761719e+00 8.275154232978820801e-01 5.033045411109924316e-01
8.025285720825195312e+00 8.383737206459045410e-01 5.703530311584472656e-01
7.987400531768798828e+00 8.445165157318115234e-01 6.057400107383728027e-01
7.931793212890625000e+00 8.535171151161193848e-01 6.555777788162231445e-01
7.878212928771972656e+00 8.621702194213867188e-01 7.007461786270141602e-01
7.837018489837646484e+00 8.688115477561950684e-01 7.334653735160827637e-01
7.765573978424072266e+00 8.803180456161499023e-01 7.876486778259277344e-01
7.735766887664794922e+00 8.851118683815002441e-01 8.084706664085388184e-01
7.688039779663085938e+00 8.927852511405944824e-01 8.406744599342346191e-01
7.611979961395263672e+00 9.050095081329345703e-01 8.891637325286865234e-01
7.590940952301025391e+00 9.083902835845947266e-01 9.013719558715820312e-01
7.538720607757568359e+00 9.167827367782592773e-01 9.308789372444152832e-01
7.451357364654541016e+00 9.308288097381591797e-01 9.769934415817260742e-01
7.428864002227783203e+00 9.344493150711059570e-01 9.875103831291198730e-01
7.377796173095703125e+00 9.426730275154113770e-01 1.010622739791870117e+00
7.307393550872802734e+00 9.540236592292785645e-01 1.040120363235473633e+00
7.274309635162353516e+00 9.593678712844848633e-01 1.052482724189758301e+00
7.195165157318115234e+00 9.721668362617492676e-01 1.080409288406372070e+00
7.147885799407958984e+00 9.798347353935241699e-01 1.094769239425659180e+00
7.084890842437744141e+00 9.900721311569213867e-01 1.112091779708862305e+00
7.045674324035644531e+00 9.964641332626342773e-01 1.121392011642456055e+00
6.963738918304443359e+00 1.009846448898315430e+00 1.138917326927185059e+00
6.936502456665039062e+00 1.014315128326416016e+00 1.143429517745971680e+00
6.865423202514648438e+00 1.025996923446655273e+00 1.154078125953674316e+00
6.797039985656738281e+00 1.037287354469299316e+00 1.161501765251159668e+00
6.766026020050048828e+00 1.042432665824890137e+00 1.163644194602966309e+00
6.721517086029052734e+00 1.049834489822387695e+00 1.165924429893493652e+00
6.670759201049804688e+00 1.058305382728576660e+00 1.167224287986755371e+00
6.576960563659667969e+00 1.074025750160217285e+00 1.166882872581481934e+00
6.531137943267822266e+00 1.081769227981567383e+00 1.164228916168212891e+00
6.469903945922851562e+00 1.092163324356079102e+00 1.159049034118652344e+00
6.425272464752197266e+00 1.099786639213562012e+00 1.153671264648437500e+00
6.386640071868896484e+00 1.106417298316955566e+00 1.147996187210083008e+00
6.342304229736328125e+00 1.114060282707214355e+00 1.140461325645446777e+00
6.254166126251220703e+00 1.129333615303039551e+00 1.123128890991210938e+00
6.219812870025634766e+00 1.135351538658142090e+00 1.114520907402038574e+00
6.170835018157958984e+00 1.143971085548400879e+00 1.101197719573974609e+00
6.110588550567626953e+00 1.154645919799804688e+00 1.082941532135009766e+00
6.078055381774902344e+00 1.160461187362670898e+00 1.071817636489868164e+00
6.017732143402099609e+00 1.171297907829284668e+00 1.049897909164428711e+00
5.952742099761962891e+00 1.183086156845092773e+00 1.023647785186767578e+00
5.923694610595703125e+00 1.188413381576538086e+00 1.010607600212097168e+00
5.871726512908935547e+00 1.197994351387023926e+00 9.862015843391418457e-01
5.806643486022949219e+00 1.210110306739807129e+00 9.531733393669128418e-01
5.752823352813720703e+00 1.220259189605712891e+00 9.232188463211059570e-01
5.721122741699218750e+00 1.226305603981018066e+00 9.042333960533142090e-01
5.678551197052001953e+00 1.234483361244201660e+00 8.776388168334960938e-01
5.595444202423095703e+00 1.250606536865234375e+00 8.227606415748596191e-01
5.583469390869140625e+00 1.252977609634399414e+00 8.139804601669311523e-01
5.537735462188720703e+00 1.262062549591064453e+00 7.799401879310607910e-01
5.479991912841796875e+00 1.273677825927734375e+00 7.344605922698974609e-01
5.438591480255126953e+00 1.282146573066711426e+00 6.994718909263610840e-01
5.381793022155761719e+00 1.293916344642639160e+00 6.489888429641723633e-01
5.327235698699951172e+00 1.305436611175537109e+00 5.970435738563537598e-01
5.298842906951904297e+00 1.311550736427307129e+00 5.681542754173278809e-01
5.247327804565429688e+00 1.322766542434692383e+00 5.138705968856811523e-01
5.202040672302246094e+00 1.332835197448730469e+00 4.630066454410552979e-01
5.185033798217773438e+00 1.336692690849304199e+00 4.427827596664428711e-01
5.136186599731445312e+00 1.347861766815185547e+00 3.834073543548583984e-01
5.093131542205810547e+00 1.357946038246154785e+00 3.276452124118804932e-01
5.065090656280517578e+00 1.364667415618896484e+00 2.891742587089538574e-01
5.016577720642089844e+00 1.376487016677856445e+00 2.199879884719848633e-01
4.982175827026367188e+00 1.385124802589416504e+00 1.674390137195587158e-01
4.955711841583251953e+00 1.391927957534790039e+00 1.249009668827056885e-01
4.931068897247314453e+00 1.398387908935546875e+00 8.364357054233551025e-02
4.900325298309326172e+00 1.406605124473571777e+00 3.011449053883552551e-02
4.859569549560546875e+00 1.417783737182617188e+00 -4.453342035412788391e-02
4.822800159454345703e+00 1.430314779281616211e+00 2.989698201417922974e-03
4.747306823730468750e+00 1.455931067466735840e+00 9.655635058879852295e-02
4.715210437774658203e+00 1.466733455657958984e+00 1.330837905406951904e-01
4.651449203491210938e+00 1.488128662109375000e+00 2.031415551900863647e-01
4.613051891326904297e+00 1.500941872596740723e+00 2.424861490726470947e-01
4.542211055755615234e+00 1.524511575698852539e+00 3.121287226676940918e-01
4.485129833221435547e+00 1.543407917022705078e+00 3.640891909599304199e-01
4.433418273925781250e+00 1.560466170310974121e+00 4.083361327648162842e-01
4.394167900085449219e+00 1.573376655578613281e+00 4.400790333747863770e-01
4.356574535369873047e+00 1.585717678070068359e+00 4.691996574401855469e-01
4.288464546203613281e+00 1.608037233352661133e+00 5.198050737380981445e-01
4.229800224304199219e+00 1.627205133438110352e+00 5.601486563682556152e-01
4.148746490478515625e+00 1.653630733489990234e+00 6.122127175331115723e-01
4.109500885009765625e+00 1.666391849517822266e+00 6.350652575492858887e-01
4.048234462738037109e+00 1.686292290687561035e+00 6.690359711647033691e-01
3.983438730239868164e+00 1.707307934761047363e+00 7.022182345390319824e-01
3.934731483459472656e+00 1.723084807395935059e+00 7.250480055809020996e-01
3.874380588531494141e+00 1.742617845535278320e+00 7.514229416847229004e-01
3.831795692443847656e+00 1.756389856338500977e+00 7.683979272842407227e-01
3.781271219253540039e+00 1.772722721099853516e+00 7.871983051300048828e-01
3.690058231353759766e+00 1.802197933197021484e+00 8.183145523071289062e-01
3.624142169952392578e+00 1.823489785194396973e+00 8.371841311454772949e-01
3.584880352020263672e+00 1.836172342300415039e+00 8.469038009643554688e-01
3.518116950988769531e+00 1.857741951942443848e+00 8.619140982627868652e-01
3.469451904296875000e+00 1.873470664024353027e+00 8.709896802902221680e-01
3.402351856231689453e+00 1.895167708396911621e+00 8.816477656364440918e-01
3.353648662567138672e+00 1.910928726196289062e+00 8.875382542610168457e-01
3.266768217086791992e+00 1.939065933227539062e+00 8.956713676452636719e-01
3.219533920288085938e+00 1.954387426376342773e+00 8.977948427200317383e-01
3.156776189804077148e+00 1.974766254425048828e+00 8.989599943161010742e-01
3.121140956878662109e+00 1.986356258392333984e+00 8.983698487281799316e-01
3.033288002014160156e+00 2.014959096908569336e+00 8.951586484909057617e-01
2.993777751922607422e+00 2.027857780456542969e+00 8.917555212974548340e-01
2.925703525543212891e+00 2.050113439559936523e+00 8.843621611595153809e-01
2.865164756774902344e+00 2.069957733154296875e+00 8.754225969314575195e-01
2.804760217666625977e+00 2.089809894561767578e+00 8.643773198127746582e-01
2.756615161895751953e+00 2.105678319931030273e+00 8.538584709167480469e-01
2.669621706008911133e+00 2.134422302246093750e+00 8.323425650596618652e-01
2.631494522094726562e+00 2.147081136703491211e+00 8.208850622177124023e-01
2.565786361694335938e+00 2.168948888778686523e+00 7.995687127113342285e-01
2.509087085723876953e+00 2.187900304794311523e+00 7.787923812866210938e-01
2.453284263610839844e+00 2.206628322601318359e+00 7.562629580497741699e-01
2.399860143661499023e+00 2.224635839462280273e+00 7.326759099960327148e-01
2.333452463150024414e+00 2.247119903564453125e+00 7.008811235427856445e-01
2.279528856277465820e+00 2.265486955642700195e+00 6.724762320518493652e-01
2.242966175079345703e+00 2.278007030487060547e+00 6.517323851585388184e-01
2.180599451065063477e+00 2.299445629119873047e+00 6.145718693733215332e-01
2.150602340698242188e+00 2.309829473495483398e+00 5.951890945434570312e-01
2.099270820617675781e+00 2.327663421630859375e+00 5.607249140739440918e-01
2.032468318939208984e+00 2.351024866104125977e+00 5.128909349441528320e-01
1.965753078460693359e+00 2.374572515487670898e+00 4.610317349433898926e-01
1.926674723625183105e+00 2.388507127761840820e+00 4.280948638916015625e-01
1.877917885780334473e+00 2.406008005142211914e+00 3.850045800209045410e-01
1.850070595741271973e+00 2.416092157363891602e+00 3.588966131210327148e-01
1.792445659637451172e+00 2.437072992324829102e+00 3.030033111572265625e-01
1.748969435691833496e+00 2.453092098236083984e+00 2.577628493309020996e-01
1.691124200820922852e+00 2.474618434906005859e+00 1.942386329174041748e-01
1.670218586921691895e+00 2.482511281967163086e+00 1.695502996444702148e-01
1.614125967025756836e+00 2.503811359405517578e+00 1.014933437108993530e-01
1.560879230499267578e+00 2.524365425109863281e+00 3.197942674160003662e-02
1.521880865097045898e+00 2.539686679840087891e+00 -2.274267002940177917e-02
1.468895792961120605e+00 2.564510583877563477e+00 3.720686584711074829e-02
1.434260368347167969e+00 2.580679178237915039e+00 7.409849017858505249e-02
1.352279186248779297e+00 2.618869066238403320e+00 1.580907404422760010e-01
1.300461888313293457e+00 2.642897129058837891e+00 2.064829766750335693e-01
1.239361763000488281e+00 2.671160459518432617e+00 2.603325843811035156e-01
1.175698041915893555e+00 2.700533866882324219e+00 3.127121925354003906e-01
1.114649415016174316e+00 2.728634357452392578e+00 3.594287037849426270e-01
1.087358832359313965e+00 2.741171360015869141e+00 3.788882195949554443e-01
1.031061768531799316e+00 2.767013788223266602e+00 4.177719354629516602e-01
9.402785897254943848e-01 2.808625221252441406e+00 4.763951301574707031e-01
8.831261396408081055e-01 2.834767580032348633e+00 5.093451142311096191e-01
8.311756849288940430e-01 2.858506679534912109e+00 5.371487140655517578e-01
7.483788728713989258e-01 2.896312236785888672e+00 5.784481167793273926e-01
7.154498100280761719e-01 2.911332845687866211e+00 5.930215120315551758e-01
6.508798599243164062e-01 2.940778732299804688e+00 6.202020049095153809e-01
5.690995454788208008e-01 2.978056669235229492e+00 6.512175798416137695e-01
5.113408565521240234e-01 3.004376173019409180e+00 6.701516509056091309e-01
4.172124266624450684e-01 3.047266721725463867e+00 6.976745724678039551e-01
3.384146988391876221e-01 3.083177089691162109e+00 7.162480354309082031e-01
2.868554592132568359e-01 3.106683731079101562e+00 7.260050177574157715e-01
2.203250825405120850e-01 3.137028932571411133e+00 7.365983128547668457e-01
1.880360990762710571e-01 3.151766300201416016e+00 7.404975295066833496e-01
9.404519200325012207e-02 3.194683790206909180e+00 7.501042485237121582e-01
1.091437041759490967e-02 3.232692718505859375e+00 7.541174292564392090e-01
-4.706612229347229004e-02 3.259242057800292969e+00 7.541561722755432129e-01
-9.092772006988525391e-02 3.279351234436035156e+00 7.527261972427368164e-01
-1.899706423282623291e-01 3.324806690216064453e+00 7.469945549964904785e-01
-2.619917988777160645e-01 3.357945442199707031e+00 7.386819720268249512e-01
-2.916574776172637939e-01 3.371625423431396484e+00 7.339990735054016113e-01
-3.531726896762847900e-01 3.400021076202392578e+00 7.232005596160888672e-01
-4.249384105205535889e-01 3.433221340179443359e+00 7.079420685768127441e-01
-4.751919507980346680e-01 3.456535339355468750e+00 6.950424313545227051e-01
-5.802645087242126465e-01 3.505387544631958008e+00 6.647584438323974609e-01
-6.461412310600280762e-01 3.536167621612548828e+00 6.413087248802185059e-01
-6.935086846351623535e-01 3.558378458023071289e+00 6.223527193069458008e-01
-7.616956233978271484e-01 3.590441465377807617e+00 5.928292274475097656e-01
-8.177636861801147461e-01 3.616920232772827148e+00 5.658226609230041504e-01
-8.638674020767211914e-01 3.638778448104858398e+00 5.416943430900573730e-01
-9.353672862052917480e-01 3.672795295715332031e+00 5.017345547676086426e-01
-1.003059625625610352e+00 3.705187797546386719e+00 4.600168764591217041e-01
-1.058941960334777832e+00 3.732092380523681641e+00 4.223614037036895752e-01
-1.082523941993713379e+00 3.743509292602539062e+00 4.052843153476715088e-01
-1.155079007148742676e+00 3.778725147247314453e+00 3.511328101158142090e-01
-1.206548810005187988e+00 3.803913593292236328e+00 3.090521693229675293e-01
-1.274784445762634277e+00 3.837526321411132812e+00 2.495521456003189087e-01
-1.315971016883850098e+00 3.858009338378906250e+00 2.104489505290985107e-01
-1.360518217086791992e+00 3.880307197570800781e+00 1.658988445997238159e-01
-1.424223661422729492e+00 3.912436485290527344e+00 9.847286343574523926e-02
-1.463143348693847656e+00 3.932300806045532227e+00 5.375680327415466309e-02
-1.501611828804016113e+00 3.952096700668334961e+00 7.215637713670730591e-03
-1.599036455154418945e+00 4.010560035705566406e+00 1.090546399354934692e-01
-1.624497532844543457e+00 4.025764942169189453e+00 1.328502297401428223e-01
-1.686640381813049316e+00 4.062836647033691406e+00 1.892908662557601929e-01
-1.762259125709533691e+00 4.107838153839111328e+00 2.532884478569030762e-01
-1.833150267601013184e+00 4.149917125701904297e+00 3.082842826843261719e-01
-1.925457715988159180e+00 4.204594612121582031e+00 3.741893768310546875e-01
-2.002855777740478516e+00 4.250334739685058594e+00 4.235957264900207520e-01
-2.065640449523925781e+00 4.287380218505859375e+00 4.599392712116241455e-01
-2.125366926193237305e+00 4.322584152221679688e+00 4.917629063129425049e-01
-2.195593357086181641e+00 4.363942146301269531e+00 5.262122154235839844e-01
-2.292292833328247070e+00 4.420843601226806641e+00 5.689918398857116699e-01
-2.372483968734741211e+00 4.467989444732666016e+00 5.993334054946899414e-01
-2.432871818542480469e+00 4.503476619720458984e+00 6.190905570983886719e-01
-2.504540920257568359e+00 4.545585155487060547e+00 6.398434638977050781e-01
-2.572665691375732422e+00 4.585608482360839844e+00 6.565814018249511719e-01
-2.646503210067749023e+00 4.628992080688476562e+00 6.716937422752380371e-01
-2.728545665740966797e+00 4.677209377288818359e+00 6.848827600479125977e-01
-2.844812870025634766e+00 4.745574474334716797e+00 6.979575157165527344e-01
-2.897428989410400391e+00 4.776543617248535156e+00 7.002957463264465332e-01
-2.955000400543212891e+00 4.810451984405517578e+00 7.010893821716308594e-01
-3.061032533645629883e+00 4.872953891754150391e+00 6.989875435829162598e-01
-3.139145374298095703e+00 4.919078350067138672e+00 6.925715208053588867e-01
-3.208324193954467773e+00 4.959992408752441406e+00 6.836770772933959961e-01
-3.264691829681396484e+00 4.993383884429931641e+00 6.740792989730834961e-01
-3.377962827682495117e+00 5.060583114624023438e+00 6.508849859237670898e-01
-3.447993278503417969e+00 5.102266311645507812e+00 6.315773725509643555e-01
-3.503866434097290039e+00 5.135602951049804688e+00 6.136388182640075684e-01
-3.575374841690063477e+00 5.178359508514404297e+00 5.880213975906372070e-01
-3.633996725082397461e+00 5.213515281677246094e+00 5.641475319862365723e-01
-3.738267421722412109e+00 5.276216030120849609e+00 5.173423290252685547e-01
-3.798716783523559570e+00 5.312758445739746094e+00 4.855256378650665283e-01
-3.838841676712036133e+00 5.337100982666015625e+00 4.624933898448944092e-01
-3.921725749969482422e+00 5.387513637542724609e+00 4.121844768524169922e-01
-4.014638900756835938e+00 5.444350242614746094e+00 3.491634130477905273e-01
-4.055294513702392578e+00 5.469403266906738281e+00 3.180692493915557861e-01
-4.111546516418457031e+00 5.504195213317871094e+00 2.727447748184204102e-01
-4.188208103179931641e+00 5.551871776580810547e+00 2.063985466957092285e-01
-4.226425170898437500e+00 5.575839042663574219e+00 1.699580103158950806e-01
-4.299334049224853516e+00 5.621780395507812500e+00 9.694457799196243286e-02
-4.361597061157226562e+00 5.661405086517333984e+00 2.844813466072082520e-02
-4.423338413238525391e+00 5.701086044311523438e+00 -4.531725496053695679e-02
-4.491419315338134766e+00 5.751998901367187500e+00 2.376722544431686401e-02
-4.551784038543701172e+00 5.796978473663330078e+00 8.043132722377777100e-02
-4.658026695251464844e+00 5.875917434692382812e+00 1.735047250986099243e-01
-4.750161647796630859e+00 5.944067478179931641e+00 2.447703480720520020e-01
-4.806645870208740234e+00 5.985711574554443359e+00 2.838774323463439941e-01
-4.860323429107666016e+00 6.025218486785888672e+00 3.185377717018127441e-01
-5.007965564727783203e+00 6.133721351623535156e+00 4.075753390789031982e-01
-5.045839309692382812e+00 6.161452293395996094e+00 4.261804819107055664e-01
-5.132140159606933594e+00 6.224595546722412109e+00 4.662616848945617676e-01
-5.235125064849853516e+00 6.299830436706542969e+00 5.079393982887268066e-01
-5.330927848815917969e+00 6.369712352752685547e+00 5.401276350021362305e-01
-5.452683448791503906e+00 6.458428382873535156e+00 5.735148787498474121e-01
-5.514280319213867188e+00 6.503264904022216797e+00 5.856959223747253418e-01
-5.581028938293457031e+00 6.551837444305419922e+00 5.963703393936157227e-01
-5.715409755706787109e+00 6.649606704711914062e+00 6.123947501182556152e-01
-5.809608936309814453e+00 6.718133926391601562e+00 6.159499287605285645e-01
-5.910896301269531250e+00 6.791839122772216797e+00 6.140053868293762207e-01
-5.971463203430175781e+00 6.835939407348632812e+00 6.091116070747375488e-01
-6.038812160491943359e+00 6.885005474090576172e+00 6.011652946472167969e-01
-6.161479949951171875e+00 6.974441528320312500e+00 5.815606117248535156e-01
-6.219367027282714844e+00 7.016717433929443359e+00 5.678028464317321777e-01
-6.299461841583251953e+00 7.075273990631103516e+00 5.457421541213989258e-01
-6.438381671905517578e+00 7.177005290985107422e+00 5.000395178794860840e-01
-6.497566223144531250e+00 7.220494270324707031e+00 4.748210608959197998e-01
-6.588753223419189453e+00 7.287622928619384766e+00 4.319766759872436523e-01
-6.679047107696533203e+00 7.354307174682617188e+00 3.831915855407714844e-01
-6.741868972778320312e+00 7.400876045227050781e+00 3.445799946784973145e-01
-6.798120498657226562e+00 7.442700862884521484e+00 3.069043755531311035e-01
-6.886690616607666016e+00 7.508755683898925781e+00 2.429638504981994629e-01
-6.957375049591064453e+00 7.561754226684570312e+00 1.857257783412933350e-01
-7.074129581451416016e+00 7.649737358093261719e+00 8.221276849508285522e-02
-7.129289150238037109e+00 7.691711902618408203e+00 2.548811212182044983e-02
-7.179966926574707031e+00 7.730497360229492188e+00 -3.052648156881332397e-02
-7.247424125671386719e+00 7.791267395019531250e+00 3.830213099718093872e-02
-7.351650238037109375e+00 7.884760856628417969e+00 1.363978981971740723e-01
-7.511319637298583984e+00 8.027143478393554688e+00 2.687225937843322754e-01
-7.628812789916992188e+00 8.131109237670898438e+00 3.480033278465270996e-01
-7.657934665679931641e+00 8.156759262084960938e+00 3.647215366363525391e-01
-7.842908382415771484e+00 8.319520950317382812e+00 4.665740132331848145e-01
-7.906953811645507812e+00 8.375538825988769531e+00 4.926184713840484619e-01
-8.003414154052734375e+00 8.459771156311035156e+00 5.273852348327636719e-01
-8.105096817016601562e+00 8.548362731933593750e+00 5.571222305297851562e-01
-8.277349472045898438e+00 8.698124885559082031e+00 5.954889059066772461e-01
-8.362421989440917969e+00 8.771864891052246094e+00 6.046034693717956543e-01
-8.506731033325195312e+00 8.896813392639160156e+00 6.119914054870605469e-01
-8.563941955566406250e+00 8.946271896362304688e+00 6.094811558723449707e-01
-8.714435577392578125e+00 9.076320648193359375e+00 5.971873998641967773e-01
-8.774462699890136719e+00 9.128149986267089844e+00 5.862101316452026367e-01
-8.880084037780761719e+00 9.219340324401855469e+00 5.625362396240234375e-01
-8.989974975585937500e+00 9.314222335815429688e+00 5.297246575355529785e-01
-9.150399208068847656e+00 9.452798843383789062e+00 4.688836634159088135e-01
-9.238650321960449219e+00 9.529130935668945312e+00 4.243434369564056396e-01
-9.298690795898437500e+00 9.581131935119628906e+00 3.895513117313385010e-01
-9.412170410156250000e+00 9.679533004760742188e+00 3.176764249801635742e-01
-9.533344268798828125e+00 9.784889221191406250e+00 2.277073860168457031e-01
-9.588051795959472656e+00 9.832641601562500000e+00 1.799378544092178345e-01
-9.718252182006835938e+00 9.946557998657226562e+00 5.764485895633697510e-02
-9.798582077026367188e+00 1.001731491088867188e+01 -3.196624666452407837e-02
-9.894221305847167969e+00 1.011795043945312500e+01 6.287389248609542847e-02
-1.004069042205810547e+01 1.027073097229003906e+01 1.913079321384429932e-01
-1.018535518646240234e+01 1.041985416412353516e+01 2.954022884368896484e-01
-1.028464698791503906e+01 1.052118206024169922e+01 3.532368540763854980e-01
-1.044435596466064453e+01 1.068317699432373047e+01 4.325570762157440186e-01
-1.056601142883300781e+01 1.080546569824218750e+01 4.771359264850616455e-01
-1.080937767028808594e+01 1.104859924316406250e+01 5.436769127845764160e-01
-1.093512916564941406e+01 1.117280578613281250e+01 5.554860830307006836e-01
-1.100343227386474609e+01 1.123992443084716797e+01 5.557998418807983398e-01
-1.121056842803955078e+01 1.144293880462646484e+01 5.467479825019836426e-01
-1.133123970031738281e+01 1.156029033660888672e+01 5.234662294387817383e-01
-1.152711200714111328e+01 1.174999237060546875e+01 4.681652188301086426e-01
-1.161250019073486328e+01 1.183215808868408203e+01 4.309842586517333984e-01
-1.177878665924072266e+01 1.199176025390625000e+01 3.467025458812713623e-01
-1.185765266418457031e+01 1.206708621978759766e+01 2.948948144912719727e-01
-1.202080917358398438e+01 1.222259330749511719e+01 1.748783886432647705e-01
-1.211244010925292969e+01 1.230955410003662109e+01 9.083233773708343506e-02
-1.221228504180908203e+01 1.240411472320556641e+01 -1.267994195222854614e-02
-1.235482597351074219e+01 1.253883838653564453e+01 -1.817845702171325684e-01
-1.258009910583496094e+01 1.279098892211914062e+01 8.962258696556091309e-03
-1.287714290618896484e+01 1.311256790161132812e+01 1.891299784183502197e-01
-1.305741024017333984e+01 1.330046749114990234e+01 2.514432370662689209e-01
-1.326966476440429688e+01 1.351721286773681641e+01 2.958917319774627686e-01
-1.358755779266357422e+01 1.383431529998779297e+01 3.142028152942657471e-01
-1.380909156799316406e+01 1.404766273498535156e+01 2.779040932655334473e-01
-1.398707199096679688e+01 1.421480274200439453e+01 2.211612164974212646e-01
-1.420275592803955078e+01 1.441303825378417969e+01 1.242750287055969238e-01
-1.448527812957763672e+01 1.466534328460693359e+01 -5.110095441341400146e-02
-1.462742328643798828e+01 1.478669643402099609e+01 -1.766473352909088135e-01
-1.519490146636962891e+01 1.538676834106445312e+01 2.118596434593200684e-01
-1.548143577575683594e+01 1.565847969055175781e+01 2.640728950500488281e-01
-1.633854293823242188e+01 1.643467712402343750e+01 2.583380043506622314e-01
-1.667607307434082031e+01 1.669627761840820312e+01 6.313247978687286377e-02
-1.709237098693847656e+01 1.699337768554687500e+01 -2.875248789787292480e-01
-2.608511352539062500e+01 1.955947875976562500e+01 -3.089431285858154297e+00
4.262294921875000000e+04 -1.835534687500000000e+05 -2.520775781250000000e+05
