2.342509078979492188e+01 -1.752161681652069092e-01 2.137205898761749268e-01
2.327173423767089844e+01 -1.611952781677246094e-01 3.098922967910766602e-01
2.307344436645507812e+01 -1.431414932012557983e-01 4.333739578723907471e-01
2.294047164916992188e+01 -1.310975402593612671e-01 5.153929591178894043e-01
2.274999809265136719e+01 -1.139018759131431580e-01 6.320893764495849609e-01
2.259268760681152344e+01 -9.976448118686676025e-02 7.274960875511169434e-01
2.245537948608398438e+01 -8.746786415576934814e-02 8.100399971008300781e-01
2.229846382141113281e+01 -7.345589995384216309e-02 9.036133885383605957e-01
2.223167991638183594e+01 -6.751098483800888062e-02 9.430572986602783203e-01
2.208341598510742188e+01 -5.432935059070587158e-02 1.030253171920776367e+00
2.190812683105468750e+01 -3.878659382462501526e-02 1.132346987724304199e+00
2.174485015869140625e+01 -2.435176074504852295e-02 1.226304173469543457e+00
2.168615722656250000e+01 -1.917579211294651031e-02 1.259681940078735352e+00
2.152385902404785156e+01 -4.874695092439651489e-03 1.351571798324584961e+00
2.138883781433105469e+01 6.997179239988327026e-03 1.427061676979064941e+00
2.119848823547363281e+01 2.370751649141311646e-02 1.532325744628906250e+00
2.108074760437011719e+01 3.402308374643325806e-02 1.596388220787048340e+00
2.096143913269042969e+01 4.446550086140632629e-02 1.660622477531433105e+00
2.088103103637695312e+01 5.149714648723602295e-02 1.703436613082885742e+00
2.072019577026367188e+01 6.555512547492980957e-02 1.788416147232055664e+00
2.064662361145019531e+01 7.198023796081542969e-02 1.826671242713928223e+00
2.050278854370117188e+01 8.453808724880218506e-02 1.900893211364746094e+00
2.032225608825683594e+01 1.002934128046035767e-01 1.992628574371337891e+00
2.021580696105957031e+01 1.095811575651168823e-01 2.045629501342773438e+00
2.010682106018066406e+01 1.190909668803215027e-01 2.099214792251586914e+00
1.996057510375976562e+01 1.318544447422027588e-01 2.170165061950683594e+00
1.988127899169921875e+01 1.387780159711837769e-01 2.207922220230102539e+00
1.978040885925292969e+01 1.475886404514312744e-01 2.255449056625366211e+00
1.961445236206054688e+01 1.620922982692718506e-01 2.332567930221557617e+00
1.954978752136230469e+01 1.677499264478683472e-01 2.361910343170166016e+00
1.938772583007812500e+01 1.819369196891784668e-01 2.434740543365478516e+00
1.929378509521484375e+01 1.901731342077255249e-01 2.475907087326049805e+00
1.918666648864746094e+01 1.995744705200195312e-01 2.522134542465209961e+00
1.912576103210449219e+01 2.049269676208496094e-01 2.547946929931640625e+00
1.898304367065429688e+01 2.174794524908065796e-01 2.607792139053344727e+00
1.888483428955078125e+01 2.261349260807037354e-01 2.647922754287719727e+00
1.873179626464843750e+01 2.396437525749206543e-01 2.709302663803100586e+00
1.870359420776367188e+01 2.421397119760513306e-01 2.720274209976196289e+00
1.855000495910644531e+01 2.557400166988372803e-01 2.779677629470825195e+00
1.846268463134765625e+01 2.634950578212738037e-01 2.812355995178222656e+00
1.832827949523925781e+01 2.754536271095275879e-01 2.861674547195434570e+00
1.822471618652343750e+01 2.846954464912414551e-01 2.898488759994506836e+00
1.815424156188964844e+01 2.909996807575225830e-01 2.922902822494506836e+00
1.807872962951660156e+01 2.977663576602935791e-01 2.948589563369750977e+00
1.797626304626464844e+01 3.069660961627960205e-01 2.982748270034790039e+00
1.783749771118164062e+01 3.194585442543029785e-01 3.027705669403076172e+00
1.773285865783691406e+01 3.289148211479187012e-01 3.060246467590332031e+00
1.767174339294433594e+01 3.344547450542449951e-01 3.078639507293701172e+00
1.757619667053222656e+01 3.431316018104553223e-01 3.106825590133666992e+00
1.749641990661621094e+01 3.503977060317993164e-01 3.129606246948242188e+00
1.736537933349609375e+01 3.623632788658142090e-01 3.165975332260131836e+00
1.731210517883300781e+01 3.672486543655395508e-01 3.180045843124389648e+00
1.717609786987304688e+01 3.797436356544494629e-01 3.215212345123291016e+00
1.709205436706542969e+01 3.875011205673217773e-01 3.235730886459350586e+00
1.698562812805175781e+01 3.973542451858520508e-01 3.260745763778686523e+00
1.691054153442382812e+01 4.043330252170562744e-01 3.277514219284057617e+00
1.684884834289550781e+01 4.100830554962158203e-01 3.290772438049316406e+00
1.673321914672851562e+01 4.208853840827941895e-01 3.314811944961547852e+00
1.662173843383789062e+01 4.313469231128692627e-01 3.336503028869628906e+00
1.654201507568359375e+01 4.388613402843475342e-01 3.350968599319458008e+00
1.649811935424804688e+01 4.430119991302490234e-01 3.358513832092285156e+00
1.641675567626953125e+01 4.507192373275756836e-01 3.372066497802734375e+00
1.627103233337402344e+01 4.645690023899078369e-01 3.394886016845703125e+00
1.620037078857421875e+01 4.713254570960998535e-01 3.404663085937500000e+00
1.611023330688476562e+01 4.799697101116180420e-01 3.416321992874145508e+00
1.602141571044921875e+01 4.885197877883911133e-01 3.426773071289062500e+00
1.596681213378906250e+01 4.937960207462310791e-01 3.432559728622436523e+00
1.585679054260253906e+01 5.044518709182739258e-01 3.443418025970458984e+00
1.582340908050537109e+01 5.077000856399536133e-01 3.446215391159057617e+00
1.572764873504638672e+01 5.170311331748962402e-01 3.453801155090332031e+00
1.564602470397949219e+01 5.250169038772583008e-01 3.459182500839233398e+00
1.558495903015136719e+01 5.310117602348327637e-01 3.462505340576171875e+00
1.549469757080078125e+01 5.398952960968017578e-01 3.466629266738891602e+00
1.538031959533691406e+01 5.511941909790039062e-01 3.470360040664672852e+00
1.531795883178710938e+01 5.573831796646118164e-01 3.471342086791992188e+00
1.523075103759765625e+01 5.660594701766967773e-01 3.471899986267089844e+00
1.515138816833496094e+01 5.739821195602416992e-01 3.471356391906738281e+00
1.509882164001464844e+01 5.792455077171325684e-01 3.470352888107299805e+00
1.497729682922363281e+01 5.914370417594909668e-01 3.467036008834838867e+00
1.494874668121337891e+01 5.943139195442199707e-01 3.465707063674926758e+00
1.488064861297607422e+01 6.011824011802673340e-01 3.462224960327148438e+00
1.478888893127441406e+01 6.104587316513061523e-01 3.456520557403564453e+00
1.469888210296630859e+01 6.195851564407348633e-01 3.449568033218383789e+00
1.464424514770507812e+01 6.251406669616699219e-01 3.444526672363281250e+00
1.453371143341064453e+01 6.363976597785949707e-01 3.433306455612182617e+00
1.449311637878417969e+01 6.405448913574218750e-01 3.428415775299072266e+00
1.437577438354492188e+01 6.525453329086303711e-01 3.413450956344604492e+00
1.431710338592529297e+01 6.585633754730224609e-01 3.404755115509033203e+00
1.423611450195312500e+01 6.668816208839416504e-01 3.391900777816772461e+00
1.418173408508300781e+01 6.724765896797180176e-01 3.382471799850463867e+00
1.410974502563476562e+01 6.798912286758422852e-01 3.369271516799926758e+00
1.401452541351318359e+01 6.897116303443908691e-01 3.350540876388549805e+00
1.399226760864257812e+01 6.920108795166015625e-01 3.345763921737670898e+00
1.389555835723876953e+01 7.020044326782226562e-01 3.324599266052246094e+00
1.385423183441162109e+01 7.062809467315673828e-01 3.314787626266479492e+00
1.373309326171875000e+01 7.188231348991394043e-01 3.285054206848144531e+00
1.368390655517578125e+01 7.239229083061218262e-01 3.271806955337524414e+00
1.364526271820068359e+01 7.279314994812011719e-01 3.261018753051757812e+00
1.356565761566162109e+01 7.361916303634643555e-01 3.238175153732299805e+00
1.346475982666015625e+01 7.466675639152526855e-01 3.207585096359252930e+00
1.344089221954345703e+01 7.491471767425537109e-01 3.199850559234619141e+00
1.336332702636718750e+01 7.572063207626342773e-01 3.174326896667480469e+00
1.328409290313720703e+01 7.654413580894470215e-01 3.146955728530883789e+00
1.319242191314697266e+01 7.749708294868469238e-01 3.113732576370239258e+00
1.316737174987792969e+01 7.775751352310180664e-01 3.104154586791992188e+00
1.307109832763671875e+01 7.875840067863464355e-01 3.066813945770263672e+00
1.302929210662841797e+01 7.919299602508544922e-01 3.049704551696777344e+00
1.298175334930419922e+01 7.968714833259582520e-01 3.029801607131958008e+00
1.287727642059326172e+01 8.077300190925598145e-01 2.984933376312255859e+00
1.282829189300537109e+01 8.128192424774169922e-01 2.962718963623046875e+00
1.276506900787353516e+01 8.193860650062561035e-01 2.933324813842773438e+00
1.269200611114501953e+01 8.269722461700439453e-01 2.898266315460205078e+00
1.263037109375000000e+01 8.333688378334045410e-01 2.867615222930908203e+00
1.256752777099609375e+01 8.398878574371337891e-01 2.835425615310668945e+00
1.252179431915283203e+01 8.446294665336608887e-01 2.811296701431274414e+00
1.244739055633544922e+01 8.523405194282531738e-01 2.771198987960815430e+00
1.237140178680419922e+01 8.602102398872375488e-01 2.728831529617309570e+00
1.230972099304199219e+01 8.665931820869445801e-01 2.693250656127929688e+00
1.227270793914794922e+01 8.704208135604858398e-01 2.671311378479003906e+00
1.222060489654541016e+01 8.758065700531005859e-01 2.639926433563232422e+00
1.216811180114746094e+01 8.812292218208312988e-01 2.607588768005371094e+00
1.207106781005859375e+01 8.912475705146789551e-01 2.546454668045043945e+00
1.204456329345703125e+01 8.939802050590515137e-01 2.529065608978271484e+00
1.197848129272460938e+01 9.007909893989562988e-01 2.485232114791870117e+00
1.189668655395507812e+01 9.092132449150085449e-01 2.429488658905029297e+00
1.183988475799560547e+01 9.150550365447998047e-01 2.389478683471679688e+00
1.179816818237304688e+01 9.193416237831115723e-01 2.359422445297241211e+00
1.172879409790039062e+01 9.264654517173767090e-01 2.308609724044799805e+00
1.169239330291748047e+01 9.301992058753967285e-01 2.281215429306030273e+00
1.160410499572753906e+01 9.392497539520263672e-01 2.213828802108764648e+00
1.154683208465576172e+01 9.451121687889099121e-01 2.168610811233520508e+00
1.149123096466064453e+01 9.507978558540344238e-01 2.123749971389770508e+00
1.144974040985107422e+01 9.550364613533020020e-01 2.089567899703979492e+00
1.141876506805419922e+01 9.581984877586364746e-01 2.063651084899902344e+00
1.133964824676513672e+01 9.662703871726989746e-01 1.996689915657043457e+00
1.129336929321289062e+01 9.709851741790771484e-01 1.956364512443542480e+00
1.124008655548095703e+01 9.764088392257690430e-01 1.909145593643188477e+00
1.120178699493408203e+01 9.803035259246826172e-01 1.874542713165283203e+00
1.111160564422607422e+01 9.894673228263854980e-01 1.791933894157409668e+00
1.105901432037353516e+01 9.948022365570068359e-01 1.742179751396179199e+00
1.102856731414794922e+01 9.978876709938049316e-01 1.712833166122436523e+00
1.094830322265625000e+01 1.006016731262207031e+00 1.634633660316467285e+00
1.093111133575439453e+01 1.007755160331726074e+00 1.617405056953430176e+00
1.084982204437255859e+01 1.015972375869750977e+00 1.535453677177429199e+00
1.080703163146972656e+01 1.020290970802307129e+00 1.491078376770019531e+00
1.076116847991943359e+01 1.024915814399719238e+00 1.442808032035827637e+00
1.069060611724853516e+01 1.032024979591369629e+00 1.367360830307006836e+00
1.065539932250976562e+01 1.035567045211791992e+00 1.328796505928039551e+00
1.059493255615234375e+01 1.041646480560302734e+00 1.261762499809265137e+00
1.056892776489257812e+01 1.044257879257202148e+00 1.232335329055786133e+00
1.052700805664062500e+01 1.048465371131896973e+00 1.184478640556335449e+00
1.047041225433349609e+01 1.054141402244567871e+00 1.118944406509399414e+00
1.039065742492675781e+01 1.062131285667419434e+00 1.024817109107971191e+00
1.035856056213378906e+01 1.065341949462890625e+00 9.859088063240051270e-01
1.029927539825439453e+01 1.071268558502197266e+00 9.132674932479858398e-01
1.025718498229980469e+01 1.075471639633178711e+00 8.606641292572021484e-01
1.022963714599609375e+01 1.078220367431640625e+00 8.257496356964111328e-01
1.018362617492675781e+01 1.082809090614318848e+00 7.668989896774291992e-01
1.012227821350097656e+01 1.088922381401062012e+00 6.872242689132690430e-01
1.005823040008544922e+01 1.095297813415527344e+00 6.023364663124084473e-01
1.004178333282470703e+01 1.096933126449584961e+00 5.800714492797851562e-01
9.981814384460449219e+00 1.102894306182861328e+00 4.984482824802398682e-01
9.926400184631347656e+00 1.108397245407104492e+00 4.215185046195983887e-01
9.905629158020019531e+00 1.110458016395568848e+00 3.921523094177246094e-01
9.848278045654296875e+00 1.116146326065063477e+00 3.105118870735168457e-01
9.798617362976074219e+00 1.121067523956298828e+00 2.384726554155349731e-01
9.769144058227539062e+00 1.123986124992370605e+00 1.950151175260543823e-01
9.705239295959472656e+00 1.130311608314514160e+00 9.987166523933410645e-02
9.658252716064453125e+00 1.134958505630493164e+00 2.843209356069564819e-02
9.617982864379882812e+00 1.138938665390014648e+00 -3.374649956822395325e-02
9.598650932312011719e+00 1.142660260200500488e+00 7.370300590991973877e-04
9.564841270446777344e+00 1.149128794670104980e+00 5.940259248018264771e-02
9.505201339721679688e+00 1.160423636436462402e+00 1.581006944179534912e-01
9.476592063903808594e+00 1.165754079818725586e+00 2.017532438039779663e-01
9.435833930969238281e+00 1.173295855522155762e+00 2.616761326789855957e-01
9.385767936706542969e+00 1.182475090026855469e+00 3.315512239933013916e-01
9.356685638427734375e+00 1.187752485275268555e+00 3.696775138378143311e-01
9.325818061828613281e+00 1.193323373794555664e+00 4.087342023849487305e-01
9.278097152709960938e+00 1.201889038085937500e+00 4.669079780578613281e-01
9.234663009643554688e+00 1.209623694419860840e+00 5.169075727462768555e-01
9.185147285461425781e+00 1.218383073806762695e+00 5.710428953170776367e-01
9.152990341186523438e+00 1.224032044410705566e+00 6.042000055313110352e-01
9.091789245605468750e+00 1.234738349914550781e+00 6.649660468101501465e-01
9.057819366455078125e+00 1.240636467933654785e+00 6.963343024253845215e-01
9.012082099914550781e+00 1.248547554016113281e+00 7.369070649147033691e-01
8.958289146423339844e+00 1.257806658744812012e+00 7.820919156074523926e-01
8.936924934387207031e+00 1.261464357376098633e+00 7.989074587821960449e-01
8.860043525695800781e+00 1.274600505828857422e+00 8.578689098358154297e-01
8.838781356811523438e+00 1.278208494186401367e+00 8.726794123649597168e-01
8.785651206970214844e+00 1.287208437919616699e+00 9.087046980857849121e-01
8.746640205383300781e+00 1.293788790702819824e+00 9.333913922309875488e-01
8.683152198791503906e+00 1.304467201232910156e+00 9.715320467948913574e-01
8.639083862304687500e+00 1.311846137046813965e+00 9.957743883132934570e-01
8.594308853149414062e+00 1.319321870803833008e+00 1.018887162208557129e+00
8.545938491821289062e+00 1.327375650405883789e+00 1.042230486869812012e+00
8.497073173522949219e+00 1.335488796234130859e+00 1.064081192016601562e+00
8.449475288391113281e+00 1.343370318412780762e+00 1.083702087402343750e+00
8.392341613769531250e+00 1.352807641029357910e+00 1.105352282524108887e+00
8.349773406982421875e+00 1.359819531440734863e+00 1.119817495346069336e+00
8.295079231262207031e+00 1.368811726570129395e+00 1.136841297149658203e+00
8.206689834594726562e+00 1.383309841156005859e+00 1.161160349845886230e+00
8.178093910217285156e+00 1.387984037399291992e+00 1.167392015457153320e+00
8.104249954223632812e+00 1.400042057037353516e+00 1.182142734527587891e+00
8.073484420776367188e+00 1.405053257942199707e+00 1.186858773231506348e+00
8.004934310913085938e+00 1.416208505630493164e+00 1.196055769920349121e+00
7.955504417419433594e+00 1.424236297607421875e+00 1.200594782829284668e+00
7.925280570983886719e+00 1.429138541221618652e+00 1.202454924583435059e+00
7.859479427337646484e+00 1.439803600311279297e+00 1.205291152000427246e+00
7.821135520935058594e+00 1.446008920669555664e+00 1.205408811569213867e+00
7.756122112274169922e+00 1.456522107124328613e+00 1.204094767570495605e+00
7.708281517028808594e+00 1.464248776435852051e+00 1.201240181922912598e+00
7.641108512878417969e+00 1.475089192390441895e+00 1.195278525352478027e+00
7.582794189453125000e+00 1.484490752220153809e+00 1.187714338302612305e+00
7.522747039794921875e+00 1.494164586067199707e+00 1.177776455879211426e+00
7.506466865539550781e+00 1.496785759925842285e+00 1.174477338790893555e+00
7.424469470977783203e+00 1.509986162185668945e+00 1.157027959823608398e+00
7.397827148437500000e+00 1.514272570610046387e+00 1.149986505508422852e+00
7.314348697662353516e+00 1.527701616287231445e+00 1.126505374908447266e+00
7.271351814270019531e+00 1.534616470336914062e+00 1.112096309661865234e+00
7.209014892578125000e+00 1.544641494750976562e+00 1.089438915252685547e+00
7.189306259155273438e+00 1.547811269760131836e+00 1.081451535224914551e+00
7.123219490051269531e+00 1.558441042900085449e+00 1.053777694702148438e+00
7.071879863739013672e+00 1.566701412200927734e+00 1.029927015304565430e+00
7.011043071746826172e+00 1.576493978500366211e+00 9.994374513626098633e-01
6.951613426208496094e+00 1.586066246032714844e+00 9.670047163963317871e-01
6.939920425415039062e+00 1.587951183319091797e+00 9.600971341133117676e-01
6.864929676055908203e+00 1.600042462348937988e+00 9.151152968406677246e-01
6.839840412139892578e+00 1.604093313217163086e+00 8.985740542411804199e-01
6.776258468627929688e+00 1.614364981651306152e+00 8.553372025489807129e-01
6.711811065673828125e+00 1.624792814254760742e+00 8.080366849899291992e-01
6.675259113311767578e+00 1.630718231201171875e+00 7.791100740432739258e-01
6.617612838745117188e+00 1.640075087547302246e+00 7.315199971199035645e-01
6.579166889190673828e+00 1.646329164505004883e+00 6.976259946823120117e-01
6.523951053619384766e+00 1.655326128005981445e+00 6.467769742012023926e-01
6.483181953430175781e+00 1.661986589431762695e+00 6.068223714828491211e-01
6.441469192504882812e+00 1.668816089630126953e+00 5.640169382095336914e-01
6.397267818450927734e+00 1.676070690155029297e+00 5.164657831192016602e-01
6.360597133636474609e+00 1.682106137275695801e+00 4.749833941459655762e-01
6.309016227722167969e+00 1.690617322921752930e+00 4.141246080398559570e-01
6.280575275421142578e+00 1.695328712463378906e+00 3.785030245780944824e-01
6.252975463867187500e+00 1.699911713600158691e+00 3.427526354789733887e-01
6.191243648529052734e+00 1.710188150405883789e+00 2.601031064987182617e-01
6.152974605560302734e+00 1.716597318649291992e+00 2.048868387937545776e-01
6.133426189422607422e+00 1.719885349273681641e+00 1.752891689538955688e-01
6.092785835266113281e+00 1.726737499237060547e+00 1.121782734990119934e-01
6.056720256805419922e+00 1.732850670814514160e+00 5.309303849935531616e-02
6.011726856231689453e+00 1.740517377853393555e+00 -2.434162050485610962e-02
5.968713760375976562e+00 1.749505639076232910e+00 3.353506326675415039e-02
5.939321517944335938e+00 1.755603551864624023e+00 7.106181979179382324e-02
5.881778240203857422e+00 1.767487406730651855e+00 1.420015692710876465e-01
5.850208759307861328e+00 1.773952603340148926e+00 1.783641129732131958e-01
5.797436714172363281e+00 1.784713864326477051e+00 2.369776368141174316e-01
5.752165794372558594e+00 1.793883562088012695e+00 2.843090891838073730e-01
5.685789585113525391e+00 1.807255983352661133e+00 3.502392768859863281e-01
5.652505874633789062e+00 1.813912272453308105e+00 3.809078335762023926e-01
5.564921855926513672e+00 1.831368088722229004e+00 4.586574435234069824e-01
5.525937557220458984e+00 1.839072108268737793e+00 4.899822473526000977e-01
5.466553211212158203e+00 1.850767254829406738e+00 5.356324911117553711e-01
5.428079128265380859e+00 1.858306646347045898e+00 5.632506012916564941e-01
5.350256443023681641e+00 1.873510241508483887e+00 6.166634559631347656e-01
5.302497863769531250e+00 1.882785677909851074e+00 6.465177536010742188e-01
5.267162322998046875e+00 1.889625310897827148e+00 6.673450469970703125e-01
5.219492912292480469e+00 1.898830294609069824e+00 6.942204236984252930e-01
5.147274494171142578e+00 1.912732362747192383e+00 7.325010895729064941e-01
5.085517406463623047e+00 1.924567103385925293e+00 7.621845006942749023e-01
5.028262138366699219e+00 1.935499310493469238e+00 7.873759269714355469e-01
4.950530529022216797e+00 1.950293540954589844e+00 8.187342882156372070e-01
4.902967929840087891e+00 1.959308147430419922e+00 8.356283307075500488e-01
4.854393959045410156e+00 1.968492150306701660e+00 8.514887094497680664e-01
4.782694816589355469e+00 1.982016086578369141e+00 8.728374838829040527e-01
4.739932537078857422e+00 1.990054488182067871e+00 8.837883472442626953e-01
4.657686710357666016e+00 2.005484819412231445e+00 9.028453826904296875e-01
4.592730522155761719e+00 2.017627000808715820e+00 9.148951768875122070e-01
4.528447151184082031e+00 2.029610395431518555e+00 9.245159029960632324e-01
4.511812210083007812e+00 2.032703399658203125e+00 9.264225959777832031e-01
4.437810420989990234e+00 2.046453475952148438e+00 9.342386722564697266e-01
4.382294178009033203e+00 2.056739091873168945e+00 9.378904700279235840e-01
4.295818805694580078e+00 2.072727203369140625e+00 9.410125613212585449e-01
4.254232883453369141e+00 2.080391645431518555e+00 9.406008124351501465e-01
4.182076930999755859e+00 2.093670845031738281e+00 9.382935762405395508e-01
4.104169368743896484e+00 2.107973098754882812e+00 9.328188300132751465e-01
4.039001464843750000e+00 2.119905471801757812e+00 9.255382418632507324e-01
3.989311695098876953e+00 2.128984689712524414e+00 9.182546138763427734e-01
3.935146331787109375e+00 2.138866424560546875e+00 9.088653326034545898e-01
3.892575740814208984e+00 2.146620035171508789e+00 9.002349376678466797e-01
3.797965764999389648e+00 2.163829565048217773e+00 8.788500428199768066e-01
3.738051891326904297e+00 2.174697637557983398e+00 8.621700406074523926e-01
3.700248479843139648e+00 2.181543350219726562e+00 8.503659963607788086e-01
3.615544319152832031e+00 2.196865797042846680e+00 8.220803141593933105e-01
3.579174280166625977e+00 2.203429698944091797e+00 8.081391453742980957e-01
3.497769594192504883e+00 2.218106985092163086e+00 7.751654982566833496e-01
3.463358879089355469e+00 2.224298000335693359e+00 7.595196962356567383e-01
3.367919445037841797e+00 2.241453886032104492e+00 7.140638232231140137e-01
3.333376169204711914e+00 2.247648477554321289e+00 6.954898238182067871e-01
3.265672922134399414e+00 2.259779214859008789e+00 6.575181484222412109e-01
3.226397037506103516e+00 2.266805171966552734e+00 6.336617469787597656e-01
3.139837026596069336e+00 2.282275676727294922e+00 5.786592960357666016e-01
3.078577995300292969e+00 2.293202400207519531e+00 5.358138084411621094e-01
3.052487134933471680e+00 2.297849893569946289e+00 5.163139104843139648e-01
3.001930952072143555e+00 2.306850433349609375e+00 4.774535000324249268e-01
2.933236360549926758e+00 2.319067478179931641e+00 4.217373728752136230e-01
2.862079381942749023e+00 2.331704616546630859e+00 3.597119748592376709e-01
2.818081617355346680e+00 2.339507818222045898e+00 3.184070587158203125e-01
2.757680416107177734e+00 2.350212335586547852e+00 2.590237557888031006e-01
2.711801052093505859e+00 2.358335256576538086e+00 2.109624445438385010e-01
2.669911623001098633e+00 2.365746974945068359e+00 1.648857444524765015e-01
2.640829563140869141e+00 2.370889663696289062e+00 1.314208507537841797e-01
2.566407442092895508e+00 2.384045600891113281e+00 4.301908612251281738e-02
2.530310392379760742e+00 2.390421390533447266e+00 -3.518465906381607056e-03
2.483290910720825195e+00 2.400166034698486328e+00 4.972122982144355774e-02
2.426208019256591797e+00 2.411930322647094727e+00 1.110106706619262695e-01
2.349200010299682617e+00 2.427701234817504883e+00 1.886065304279327393e-01
2.335302591323852539e+00 2.430525302886962891e+00 2.014736682176589966e-01
2.242646217346191406e+00 2.449329137802124023e+00 2.859904766082763672e-01
2.181838750839233398e+00 2.461567401885986328e+00 3.361338376998901367e-01
2.153211832046508789e+00 2.467300415039062500e+00 3.582381904125213623e-01
2.048315763473510742e+00 2.488261461257934570e+00 4.367697238922119141e-01
2.008641242980957031e+00 2.496128797531127930e+00 4.632149338722229004e-01
1.933053493499755859e+00 2.511077404022216797e+00 5.114150643348693848e-01
1.882766842842102051e+00 2.520973682403564453e+00 5.408197045326232910e-01
1.822422385215759277e+00 2.532813072204589844e+00 5.740813016891479492e-01
1.742079496383666992e+00 2.548520565032958984e+00 6.152430772781372070e-01
1.656717658042907715e+00 2.565134525299072266e+00 6.547340154647827148e-01
1.601730704307556152e+00 2.575788736343383789e+00 6.773980855941772461e-01
1.531617403030395508e+00 2.589336395263671875e+00 7.041020989418029785e-01
1.480359554290771484e+00 2.599207401275634766e+00 7.216327786445617676e-01
1.414520740509033203e+00 2.611856222152709961e+00 7.423281669616699219e-01
1.321014165878295898e+00 2.629767656326293945e+00 7.684645652770996094e-01
1.276946783065795898e+00 2.638175010681152344e+00 7.786564826965332031e-01
1.187558293342590332e+00 2.655197620391845703e+00 7.973435521125793457e-01
1.126384377479553223e+00 2.666805505752563477e+00 8.074151873588562012e-01
1.026924014091491699e+00 2.685633659362792969e+00 8.208189010620117188e-01
9.636256694793701172e-01 2.697571516036987305e+00 8.263151049613952637e-01
9.155816435813903809e-01 2.706611871719360352e+00 8.290383815765380859e-01
8.148219585418701172e-01 2.725539684295654297e+00 8.324570655822753906e-01
7.384156584739685059e-01 2.739842891693115234e+00 8.314216136932373047e-01
6.827809214591979980e-01 2.750231266021728516e+00 8.286703824996948242e-01
6.063787937164306641e-01 2.764472007751464844e+00 8.228935599327087402e-01
5.003226995468139648e-01 2.784192323684692383e+00 8.110562562942504883e-01
4.713893234729766846e-01 2.789554595947265625e+00 8.063724040985107422e-01
3.470833301544189453e-01 2.812573194503784180e+00 7.845269441604614258e-01
3.178372979164123535e-01 2.817969083786010742e+00 7.776333689689636230e-01
2.428820133209228516e-01 2.831786632537841797e+00 7.588884234428405762e-01
1.610415428876876831e-01 2.846841812133789062e+00 7.353790402412414551e-01
5.611377954483032227e-02 2.866100549697875977e+00 7.008945345878601074e-01
-1.292012631893157959e-02 2.878735542297363281e+00 6.744458079338073730e-01
-7.597580552101135254e-02 2.890255689620971680e+00 6.479515433311462402e-01
-1.496883034706115723e-01 2.903701305389404297e+00 6.144172549247741699e-01
-2.046413421630859375e-01 2.913706779479980469e+00 5.871181488037109375e-01
-2.957589924335479736e-01 2.930274724960327148e+00 5.389157533645629883e-01
-3.218214213848114014e-01 2.935003280639648438e+00 5.236857533454895020e-01
-4.129375219345092773e-01 2.951525211334228516e+00 4.689364731311798096e-01
-4.952459335327148438e-01 2.966418981552124023e+00 4.145921468734741211e-01
-5.480661988258361816e-01 2.975959777832031250e+00 3.767084181308746338e-01
-6.261107325553894043e-01 2.990041017532348633e+00 3.177177309989929199e-01
-6.569955945014953613e-01 2.995604515075683594e+00 2.925195991992950439e-01
-7.139568328857421875e-01 3.005859375000000000e+00 2.446151226758956909e-01
-8.023276329040527344e-01 3.021751880645751953e+00 1.660444438457489014e-01
-8.697019219398498535e-01 3.033849239349365234e+00 1.007613465189933777e-01
-9.221931695938110352e-01 3.043263912200927734e+00 4.639906063675880432e-02
-9.713296294212341309e-01 3.052070140838623047e+00 -7.246546447277069092e-03
-1.057676911354064941e+00 3.068975687026977539e+00 7.866694778203964233e-02
-1.138942241668701172e+00 3.084792375564575195e+00 1.525014787912368774e-01
-1.190001130104064941e+00 3.094680070877075195e+00 1.951593607664108276e-01
-1.239779949188232422e+00 3.104291915893554688e+00 2.346394211053848267e-01
-1.334886074066162109e+00 3.122606754302978516e+00 3.063410818576812744e-01
-1.425193428993225098e+00 3.139913797378540039e+00 3.680649101734161377e-01
-1.468811869621276855e+00 3.148238182067871094e+00 3.951902985572814941e-01
-1.563408493995666504e+00 3.166257143020629883e+00 4.513651132583618164e-01
-1.658672809600830078e+00 3.184332132339477539e+00 5.023863315582275391e-01
-1.702273130416870117e+00 3.192574262619018555e+00 5.233341455459594727e-01
-1.793684363365173340e+00 3.209827184677124023e+00 5.650506615638732910e-01
-1.912845849990844727e+00 3.232245922088623047e+00 6.136007308959960938e-01
-1.970711350440979004e+00 3.243090152740478516e+00 6.336624026298522949e-01
-2.042046308517456055e+00 3.256434917449951172e+00 6.563766598701477051e-01
-2.174901485443115234e+00 3.281235933303833008e+00 6.941553354263305664e-01
-2.225590705871582031e+00 3.290663003921508789e+00 7.054524421691894531e-01
-2.307211875915527344e+00 3.305822610855102539e+00 7.217849493026733398e-01
-2.434213161468505859e+00 3.329361677169799805e+00 7.426103353500366211e-01
-2.545377254486083984e+00 3.349901914596557617e+00 7.547162175178527832e-01
-2.605010509490966797e+00 3.360892772674560547e+00 7.583902478218078613e-01
-2.677801370620727539e+00 3.374291419982910156e+00 7.610462307929992676e-01
-2.795489311218261719e+00 3.395921468734741211e+00 7.617486119270324707e-01
-2.891218185424804688e+00 3.413474559783935547e+00 7.576163411140441895e-01
-3.005286455154418945e+00 3.434353113174438477e+00 7.481334805488586426e-01
-3.099309682846069336e+00 3.451528072357177734e+00 7.358207702636718750e-01
-3.145085811614990234e+00 3.459877014160156250e+00 7.280045151710510254e-01
-3.265302419662475586e+00 3.481787443161010742e+00 7.051234245300292969e-01
-3.365420579910278320e+00 3.500002145767211914e+00 6.808662414550781250e-01
-3.439877986907958984e+00 3.513530015945434570e+00 6.595303416252136230e-01
-3.545265197753906250e+00 3.532660007476806641e+00 6.257812976837158203e-01
-3.611141204833984375e+00 3.544603586196899414e+00 6.014677882194519043e-01
-3.705352067947387695e+00 3.561673164367675781e+00 5.637286305427551270e-01
-3.758157491683959961e+00 3.571232557296752930e+00 5.401292443275451660e-01
-3.864972591400146484e+00 3.590561866760253906e+00 4.895207881927490234e-01
-3.925673961639404297e+00 3.601538658142089844e+00 4.573528468608856201e-01
-4.060436248779296875e+00 3.625901222229003906e+00 3.814274370670318604e-01
-4.120721340179443359e+00 3.636794567108154297e+00 3.427663445472717285e-01
-4.235431671142578125e+00 3.657522201538085938e+00 2.649085223674774170e-01
-4.264636039733886719e+00 3.662800312042236328e+00 2.428882569074630737e-01
-4.338907241821289062e+00 3.676224946975708008e+00 1.853621602058410645e-01
-4.438670635223388672e+00 3.694265604019165039e+00 1.026828214526176453e-01
-4.550457000732421875e+00 3.714498996734619141e+00 1.258239150047302246e-03
-4.623095512390136719e+00 3.727667570114135742e+00 -7.175786793231964111e-02
-4.690147876739501953e+00 3.740113019943237305e+00 -1.062750816345214844e-02
-4.749320983886718750e+00 3.751084566116333008e+00 3.988922387361526489e-02
-4.857625484466552734e+00 3.771148681640625000e+00 1.272060871124267578e-01
-4.990385532379150391e+00 3.795708417892456055e+00 2.235799133777618408e-01
-5.075468540191650391e+00 3.811424255371093750e+00 2.778418958187103271e-01
-5.166067123413085938e+00 3.828144788742065430e+00 3.309716880321502686e-01
-5.290784358978271484e+00 3.851143836975097656e+00 3.977068960666656494e-01
-5.376960754394531250e+00 3.867020130157470703e+00 4.381159543991088867e-01
-5.450336933135986328e+00 3.880530834197998047e+00 4.693742394447326660e-01
-5.582667827606201172e+00 3.904886722564697266e+00 5.211064219474792480e-01
-5.667686939239501953e+00 3.920524835586547852e+00 5.491877198219299316e-01
-5.807025909423828125e+00 3.946146726608276367e+00 5.900254249572753906e-01
-5.957235813140869141e+00 3.973757505416870117e+00 6.252049207687377930e-01
-6.031159400939941406e+00 3.987343072891235352e+00 6.380120515823364258e-01
-6.147689342498779297e+00 4.008759021759033203e+00 6.547982692718505859e-01
-6.244319915771484375e+00 4.026519298553466797e+00 6.643404364585876465e-01
-6.356968402862548828e+00 4.047228336334228516e+00 6.712949275970458984e-01
-6.464545249938964844e+00 4.067011833190917969e+00 6.733401417732238770e-01
-6.635956287384033203e+00 4.098549842834472656e+00 6.696476340293884277e-01
-6.746130466461181641e+00 4.118840694427490234e+00 6.601720452308654785e-01
-6.860320091247558594e+00 4.139889717102050781e+00 6.455886363983154297e-01
-7.019288539886474609e+00 4.169224739074707031e+00 6.183459758758544922e-01
-7.109628200531005859e+00 4.185925483703613281e+00 5.972813367843627930e-01
-7.200809478759765625e+00 4.202803611755371094e+00 5.727334618568420410e-01
-7.308095932006835938e+00 4.222691535949707031e+00 5.398627519607543945e-01
-7.444238185882568359e+00 4.247976779937744141e+00 4.920408129692077637e-01
-7.544576168060302734e+00 4.266664505004882812e+00 4.508671164512634277e-01
-7.659151077270507812e+00 4.288055419921875000e+00 3.986229598522186279e-01
-7.801797389984130859e+00 4.314771175384521484e+00 3.258014619350433350e-01
-7.875815868377685547e+00 4.328696727752685547e+00 2.826762199401855469e-01
-7.959596157073974609e+00 4.344502925872802734e+00 2.305051386356353760e-01
-8.093578338623046875e+00 4.369868278503417969e+00 1.406883299350738525e-01
-8.243492126464843750e+00 4.398427963256835938e+00 2.794295549392700195e-02
-8.320475578308105469e+00 4.413218498229980469e+00 -3.781146556138992310e-02
-8.428234100341796875e+00 4.433666229248046875e+00 4.977792501449584961e-02
-8.547456741333007812e+00 4.456379413604736328e+00 1.371203213930130005e-01
-8.721890449523925781e+00 4.489743232727050781e+00 2.510737180709838867e-01
-8.780503273010253906e+00 4.501013278961181641e+00 2.833285331726074219e-01
-8.941662788391113281e+00 4.532053947448730469e+00 3.669632077217102051e-01
-9.117618560791015625e+00 4.566095829010009766e+00 4.439937472343444824e-01
-9.279866218566894531e+00 4.597633361816406250e+00 5.018967390060424805e-01
-9.391551017761230469e+00 4.619436264038085938e+00 5.340318083763122559e-01
-9.608770370483398438e+00 4.661970138549804688e+00 5.867072939872741699e-01
-9.706914901733398438e+00 4.681302070617675781e+00 6.022453904151916504e-01
-9.831364631652832031e+00 4.705884933471679688e+00 6.173866391181945801e-01
-1.005628967285156250e+01 4.750480175018310547e+00 6.344771385192871094e-01
-1.028477859497070312e+01 4.796098709106445312e+00 6.333309412002563477e-01
-1.036254310607910156e+01 4.811745166778564453e+00 6.266043782234191895e-01
-1.052604770660400391e+01 4.844738960266113281e+00 6.078909635543823242e-01
-1.071348190307617188e+01 4.882804870605468750e+00 5.753387212753295898e-01
-1.083730602264404297e+01 4.908155441284179688e+00 5.452382564544677734e-01
-1.105514049530029297e+01 4.953017234802246094e+00 4.819563627243041992e-01
-1.119217586517333984e+01 4.981560707092285156e+00 4.302681982517242432e-01
-1.134777259826660156e+01 5.014237880706787109e+00 3.625367283821105957e-01
-1.153958511352539062e+01 5.054940223693847656e+00 2.656265199184417725e-01
-1.162806510925292969e+01 5.073990821838378906e+00 2.126527726650238037e-01
-1.187138271331787109e+01 5.126791000366210938e+00 5.547177791595458984e-02
-1.196104621887207031e+01 5.146721839904785156e+00 -1.525396108627319336e-02
-1.209801673889160156e+01 5.176214694976806641e+00 8.695052564144134521e-02
-1.228687572479248047e+01 5.217335700988769531e+00 2.104618251323699951e-01
-1.261949157714843750e+01 5.290740013122558594e+00 3.912166357040405273e-01
-1.275651454925537109e+01 5.321601867675781250e+00 4.432185292243957520e-01
-1.309515476226806641e+01 5.398471355438232422e+00 5.517975091934204102e-01
-1.334423637390136719e+01 5.456052780151367188e+00 5.982803702354431152e-01
-1.365984535217285156e+01 5.530004978179931641e+00 6.284409761428833008e-01
-1.373247528076171875e+01 5.547324657440185547e+00 6.273290514945983887e-01
-1.409365844726562500e+01 5.633831501007080078e+00 6.126462221145629883e-01
-1.438945674896240234e+01 5.706255912780761719e+00 5.634177327156066895e-01
-1.454598522186279297e+01 5.745374202728271484e+00 5.206305384635925293e-01
-1.492669963836669922e+01 5.841702938079833984e+00 3.937820196151733398e-01
-1.512510204315185547e+01 5.893589973449707031e+00 2.967650592327117920e-01
-1.533994388580322266e+01 5.950991630554199219e+00 1.716896742582321167e-01
-1.557073593139648438e+01 6.014338016510009766e+00 1.114149391651153564e-02
-1.579095840454101562e+01 6.076928138732910156e+00 -1.734858155250549316e-01
-1.635526847839355469e+01 6.234448432922363281e+00 1.705415248870849609e-01
-1.692580223083496094e+01 6.401710510253906250e+00 3.565459549427032471e-01
-1.733302116394042969e+01 6.526054859161376953e+00 3.998944163322448730e-01
-1.769168472290039062e+01 6.638854980468750000e+00 3.869191706180572510e-01
-1.819950294494628906e+01 6.803117275238037109e+00 3.049976825714111328e-01
-1.872448921203613281e+01 6.980626583099365234e+00 1.226782798767089844e-01
-1.943074417114257812e+01 7.233451366424560547e+00 -2.800120413303375244e-01
-1.998433685302734375e+01 7.454381465911865234e+00 -8.229875564575195312e-01
-2.130009841918945312e+01 8.033894538879394531e+00 -6.128973364830017090e-01
-2.305096435546875000e+01 8.873658180236816406e+00 -1.097526788711547852e+00
-1.438244628906250000e+02 9.157242584228515625e+01 -1.229827499389648438e+02
-1.053003456000000000e+09 9.897572480000000000e+08 -5.783246720000000000e+08
-1.504433722739392512e+18 2.082345418074619904e+18 1.502414332196028416e+18
-2.563020977973755904e+18 3.547577565554147328e+18 2.559580606090444800e+18
-4.186664850908250112e+18 5.794926556170158080e+18 4.181045246978686976e+18
-5.891371867867971584e+18 8.154477959621640192e+18 5.883464180241006592e+18
-7.269442567517765632e+18 1.006191897782465331e+19 7.259684951577067520e+18
-8.463929459945242624e+18 1.171525461251142451e+19 8.452568756051247104e+18
-1.063117243140800512e+19 1.471502030073547981e+19 1.061690296950272819e+19
-1.174459617981025485e+19 1.625615407234259354e+19 1.172883248160283034e+19
-1.315366211224705434e+19 1.820649638499398451e+19 1.313600615452822733e+19
-1.486552145234545869e+19 2.057594834089777562e+19 1.484556751532457984e+19
