2.334489822387695312e+01 -2.164866179227828979e-01 3.213134109973907471e-01
2.316876029968261719e+01 -2.142929732799530029e-01 4.284239709377288818e-01
2.306953048706054688e+01 -2.131348401308059692e-01 4.881936311721801758e-01
2.286018562316894531e+01 -2.107808440923690796e-01 6.135880947113037109e-01
2.266464996337890625e+01 -2.087570428848266602e-01 7.292901277542114258e-01
2.252143287658691406e+01 -2.073902338743209839e-01 8.130222558975219727e-01
2.236467742919921875e+01 -2.059833109378814697e-01 9.038304686546325684e-01
2.221384239196777344e+01 -2.047210633754730225e-01 9.902996420860290527e-01
2.215279197692871094e+01 -2.042447626590728760e-01 1.024933099746704102e+00
2.194597434997558594e+01 -2.026769369840621948e-01 1.141748189926147461e+00
2.181196403503417969e+01 -2.017613649368286133e-01 1.216291189193725586e+00
2.173968315124511719e+01 -2.013008892536163330e-01 1.256082057952880859e+00
2.151623725891113281e+01 -1.999310851097106934e-01 1.378383636474609375e+00
2.144131851196289062e+01 -1.995272487401962280e-01 1.418638706207275391e+00
2.122719764709472656e+01 -1.984228044748306274e-01 1.532948255538940430e+00
2.110171890258789062e+01 -1.978582590818405151e-01 1.598661780357360840e+00
2.097598648071289062e+01 -1.973380893468856812e-01 1.663735508918762207e+00
2.085208320617675781e+01 -1.968688815832138062e-01 1.727082490921020508e+00
2.074558448791503906e+01 -1.965009868144989014e-01 1.780854940414428711e+00
2.058284187316894531e+01 -1.959834992885589600e-01 1.862119674682617188e+00
2.045343589782714844e+01 -1.956247538328170776e-01 1.925608992576599121e+00
2.040009117126464844e+01 -1.954931765794754028e-01 1.951401591300964355e+00
2.025147628784179688e+01 -1.951443850994110107e-01 2.022813796997070312e+00
2.012915420532226562e+01 -1.948975324630737305e-01 2.080556869506835938e+00
2.002536773681640625e+01 -1.947145462036132812e-01 2.128809452056884766e+00
1.982126808166503906e+01 -1.943965554237365723e-01 2.222440242767333984e+00
1.973920059204101562e+01 -1.943005770444869995e-01 2.259065389633178711e+00
1.961994361877441406e+01 -1.941778361797332764e-01 2.311673164367675781e+00
1.952176666259765625e+01 -1.940960288047790527e-01 2.354235172271728516e+00
1.936925888061523438e+01 -1.939919590950012207e-01 2.419378042221069336e+00
1.928100967407226562e+01 -1.939513534307479858e-01 2.456179141998291016e+00
1.914221191406250000e+01 -1.939035952091217041e-01 2.513229846954345703e+00
1.901685142517089844e+01 -1.938820779323577881e-01 2.563554286956787109e+00
1.892465019226074219e+01 -1.938791722059249878e-01 2.599750280380249023e+00
1.881645965576171875e+01 -1.938857734203338623e-01 2.641504526138305664e+00
1.869189834594726562e+01 -1.939058154821395874e-01 2.688589572906494141e+00
1.860744857788085938e+01 -1.939280927181243896e-01 2.719726085662841797e+00
1.847234535217285156e+01 -1.939718723297119141e-01 2.768670797348022461e+00
1.842672348022460938e+01 -1.939905881881713867e-01 2.784720897674560547e+00
1.830712509155273438e+01 -1.940424740314483643e-01 2.826368570327758789e+00
1.814353370666503906e+01 -1.941227465867996216e-01 2.881775617599487305e+00
1.810194969177246094e+01 -1.941456645727157593e-01 2.895304679870605469e+00
1.797433280944824219e+01 -1.942171603441238403e-01 2.936383724212646484e+00
1.786894798278808594e+01 -1.942786574363708496e-01 2.969174146652221680e+00
1.777181243896484375e+01 -1.943360418081283569e-01 2.998519659042358398e+00
1.763389778137207031e+01 -1.944171637296676636e-01 3.039015769958496094e+00
1.754285621643066406e+01 -1.944693028926849365e-01 3.064631462097167969e+00
1.743836593627929688e+01 -1.945269256830215454e-01 3.093169212341308594e+00
1.732508850097656250e+01 -1.945856809616088867e-01 3.123016834259033203e+00
1.722834396362304688e+01 -1.946314275264739990e-01 3.147480964660644531e+00
1.713743591308593750e+01 -1.946700066328048706e-01 3.169630765914916992e+00
1.706597328186035156e+01 -1.946965605020523071e-01 3.186413764953613281e+00
1.699014854431152344e+01 -1.947211772203445435e-01 3.203689813613891602e+00
1.686232757568359375e+01 -1.947557479143142700e-01 3.231850147247314453e+00
1.675068283081054688e+01 -1.947748512029647827e-01 3.255007028579711914e+00
1.665375709533691406e+01 -1.947819590568542480e-01 3.273997306823730469e+00
1.658868980407714844e+01 -1.947806924581527710e-01 3.286086082458496094e+00
1.648945999145507812e+01 -1.947721689939498901e-01 3.303837060928344727e+00
1.642852020263671875e+01 -1.947604715824127197e-01 3.314088821411132812e+00
1.634256172180175781e+01 -1.947380751371383667e-01 3.327979087829589844e+00
1.621981620788574219e+01 -1.946938037872314453e-01 3.346652030944824219e+00
1.615947151184082031e+01 -1.946630477905273438e-01 3.355002641677856445e+00
1.605756950378417969e+01 -1.946033388376235962e-01 3.368405103683471680e+00
1.596162033081054688e+01 -1.945344954729080200e-01 3.379898786544799805e+00
1.584215068817138672e+01 -1.944336295127868652e-01 3.392868757247924805e+00
1.575146102905273438e+01 -1.943425089120864868e-01 3.401424169540405273e+00
1.571520042419433594e+01 -1.943016499280929565e-01 3.404446601867675781e+00
1.563640594482421875e+01 -1.942090541124343872e-01 3.410664796829223633e+00
1.554372406005859375e+01 -1.940904259681701660e-01 3.417076587677001953e+00
1.543797206878662109e+01 -1.939422488212585449e-01 3.423165321350097656e+00
1.533505916595458984e+01 -1.937842518091201782e-01 3.427705526351928711e+00
1.526834774017333984e+01 -1.936736106872558594e-01 3.429760217666625977e+00
1.515686225891113281e+01 -1.934804618358612061e-01 3.432217836380004883e+00
1.509332466125488281e+01 -1.933629810810089111e-01 3.432675838470458984e+00
1.502073192596435547e+01 -1.932245790958404541e-01 3.432576417922973633e+00
1.491951465606689453e+01 -1.930255591869354248e-01 3.431435346603393555e+00
1.482580184936523438e+01 -1.928344964981079102e-01 3.429066658020019531e+00
1.478491210937500000e+01 -1.927490234375000000e-01 3.427494764328002930e+00
1.470776653289794922e+01 -1.925865262746810913e-01 3.424081325531005859e+00
1.463125896453857422e+01 -1.924235075712203979e-01 3.419850349426269531e+00
1.453071689605712891e+01 -1.922079473733901978e-01 3.413174867630004883e+00
1.445566558837890625e+01 -1.920468211174011230e-01 3.407082557678222656e+00
1.439070224761962891e+01 -1.919081509113311768e-01 3.401082515716552734e+00
1.428242969512939453e+01 -1.916792094707489014e-01 3.390022754669189453e+00
1.423090839385986328e+01 -1.915726810693740845e-01 3.383908510208129883e+00
1.412498378753662109e+01 -1.913571208715438843e-01 3.370494842529296875e+00
1.404298305511474609e+01 -1.911965757608413696e-01 3.358752489089965820e+00
1.396485710144042969e+01 -1.910495012998580933e-01 3.346548795700073242e+00
1.393253040313720703e+01 -1.909913122653961182e-01 3.341093540191650391e+00
1.384709453582763672e+01 -1.908408105373382568e-01 3.326228857040405273e+00
1.375867557525634766e+01 -1.906944364309310913e-01 3.309610843658447266e+00
1.366469764709472656e+01 -1.905502974987030029e-01 3.290572166442871094e+00
1.361679935455322266e+01 -1.904836297035217285e-01 3.280112504959106445e+00
1.352757167816162109e+01 -1.903664618730545044e-01 3.259902477264404297e+00
1.346611785888671875e+01 -1.902951598167419434e-01 3.245042562484741211e+00
1.341786861419677734e+01 -1.902446150779724121e-01 3.232861042022705078e+00
1.332836723327636719e+01 -1.901590824127197266e-01 3.209508419036865234e+00
1.323064422607421875e+01 -1.900829523801803589e-01 3.182463169097900391e+00
1.316042518615722656e+01 -1.900425702333450317e-01 3.161798000335693359e+00
1.308035182952880859e+01 -1.900088489055633545e-01 3.137209653854370117e+00
1.302588367462158203e+01 -1.899958252906799316e-01 3.119681119918823242e+00
1.294556427001953125e+01 -1.899869292974472046e-01 3.093019247055053711e+00
1.289509773254394531e+01 -1.899911463260650635e-01 3.075504779815673828e+00
1.282894325256347656e+01 -1.900049895048141479e-01 3.051911115646362305e+00
1.276003742218017578e+01 -1.900310218334197998e-01 3.026461839675903320e+00
1.270089721679687500e+01 -1.900639981031417847e-01 3.003829002380371094e+00
1.261690616607666016e+01 -1.901240944862365723e-01 2.970712423324584961e+00
1.252829933166503906e+01 -1.902078241109848022e-01 2.934300661087036133e+00
1.250378417968750000e+01 -1.902370750904083252e-01 2.923789739608764648e+00
1.240576648712158203e+01 -1.903609484434127808e-01 2.881276369094848633e+00
1.236023807525634766e+01 -1.904314458370208740e-01 2.860614538192749023e+00
1.226297760009765625e+01 -1.905951797962188721e-01 2.815556049346923828e+00
1.222865772247314453e+01 -1.906630396842956543e-01 2.798955202102661133e+00
1.216135978698730469e+01 -1.908032000064849854e-01 2.765912294387817383e+00
1.210207843780517578e+01 -1.909390687942504883e-01 2.735950946807861328e+00
1.201586723327636719e+01 -1.911527961492538452e-01 2.691272020339965820e+00
1.194037818908691406e+01 -1.913608163595199585e-01 2.650722742080688477e+00
1.189441204071044922e+01 -1.914988011121749878e-01 2.625260353088378906e+00
1.184294033050537109e+01 -1.916611343622207642e-01 2.596216440200805664e+00
1.173359680175781250e+01 -1.920247822999954224e-01 2.533241510391235352e+00
1.167396926879882812e+01 -1.922451704740524292e-01 2.497400760650634766e+00
1.163105583190917969e+01 -1.924125850200653076e-01 2.471009254455566406e+00
1.155033397674560547e+01 -1.927395313978195190e-01 2.420549154281616211e+00
1.148924732208251953e+01 -1.930042654275894165e-01 2.381188392639160156e+00
1.143918418884277344e+01 -1.932320743799209595e-01 2.348192930221557617e+00
1.137934780120849609e+01 -1.935150772333145142e-01 2.308025121688842773e+00
1.131200790405273438e+01 -1.938481181859970093e-01 2.261828422546386719e+00
1.124771881103515625e+01 -1.941818594932556152e-01 2.216645240783691406e+00
1.118244171142578125e+01 -1.945361644029617310e-01 2.169708728790283203e+00
1.113417625427246094e+01 -1.948098391294479370e-01 2.134199142456054688e+00
1.106612682342529297e+01 -1.952079534530639648e-01 2.083286523818969727e+00
1.103328132629394531e+01 -1.954085379838943481e-01 2.058128595352172852e+00
1.094752216339111328e+01 -1.959429234266281128e-01 1.991699218750000000e+00
1.092105007171630859e+01 -1.961165517568588257e-01 1.970588088035583496e+00
1.083434295654296875e+01 -1.966940760612487793e-01 1.900821328163146973e+00
1.077373504638671875e+01 -1.971181035041809082e-01 1.850620865821838379e+00
1.070424747467041016e+01 -1.976206600666046143e-01 1.791899681091308594e+00
1.067188453674316406e+01 -1.978635489940643311e-01 1.763920664787292480e+00
1.062877178192138672e+01 -1.981925964355468750e-01 1.726252317428588867e+00
1.056182003021240234e+01 -1.987150013446807861e-01 1.666930437088012695e+00
1.050149440765380859e+01 -1.992017626762390137e-01 1.612313270568847656e+00
1.042960166931152344e+01 -1.997991800308227539e-01 1.545953631401062012e+00
1.039985370635986328e+01 -2.000549733638763428e-01 1.517860412597656250e+00
1.034503650665283203e+01 -2.005328983068466187e-01 1.465603470802307129e+00
1.028759098052978516e+01 -2.010464668273925781e-01 1.409887313842773438e+00
1.023222255706787109e+01 -2.015543729066848755e-01 1.355211257934570312e+00
1.014746189117431641e+01 -2.023510187864303589e-01 1.270054340362548828e+00
1.012632942199707031e+01 -2.025569826364517212e-01 1.248259186744689941e+00
1.006151485443115234e+01 -2.031942903995513916e-01 1.180974364280700684e+00
1.000838756561279297e+01 -2.037308216094970703e-01 1.124715089797973633e+00
9.966899871826171875e+00 -2.041589021682739258e-01 1.080062031745910645e+00
9.914669990539550781e+00 -2.047067433595657349e-01 1.023133158683776855e+00
9.828357696533203125e+00 -2.056307047605514526e-01 9.275539517402648926e-01
9.779244422912597656e+00 -2.061740756034851074e-01 8.717324733734130859e-01
9.723412513732910156e+00 -2.068031579256057739e-01 8.073318600654602051e-01
9.697256088256835938e+00 -2.071039378643035889e-01 7.766527533531188965e-01
9.637327194213867188e+00 -2.077995687723159790e-01 7.058103680610656738e-01
9.597352981567382812e+00 -2.082735449075698853e-01 6.577053666114807129e-01
9.541084289550781250e+00 -2.089500427246093750e-01 5.891833901405334473e-01
9.474520683288574219e+00 -2.097658962011337280e-01 5.067617297172546387e-01
9.437213897705078125e+00 -2.102334946393966675e-01 4.596504569053649902e-01
9.402031898498535156e+00 -2.106798887252807617e-01 4.147311747074127197e-01
9.356740951538085938e+00 -2.112611532211303711e-01 3.563032746315002441e-01
9.298332214355468750e+00 -2.120217233896255493e-01 2.799440622329711914e-01
9.251482963562011719e+00 -2.126431167125701904e-01 2.176383882761001587e-01
9.179207801818847656e+00 -2.136157155036926270e-01 1.201922297477722168e-01
9.135982513427734375e+00 -2.142103016376495361e-01 6.066992133855819702e-02
9.081542015075683594e+00 -2.149688154458999634e-01 -1.524610072374343872e-02
9.055433273315429688e+00 -2.142876088619232178e-01 2.485511824488639832e-02
9.010343551635742188e+00 -2.131448388099670410e-01 9.184569120407104492e-02
8.974970817565917969e+00 -2.122913450002670288e-01 1.415087431669235229e-01
8.939967155456542969e+00 -2.114776670932769775e-01 1.885764300823211670e-01
8.884057998657226562e+00 -2.102240324020385742e-01 2.606627345085144043e-01
8.849227905273437500e+00 -2.094860076904296875e-01 3.026854097843170166e-01
8.810347557067871094e+00 -2.086898833513259888e-01 3.477344810962677002e-01
8.741525650024414062e+00 -2.073328644037246704e-01 4.239761829376220703e-01
8.726213455200195312e+00 -2.070502936840057373e-01 4.396434724330902100e-01
8.656092643737792969e+00 -2.057747840881347656e-01 5.101545453071594238e-01
8.617863655090332031e+00 -2.051240354776382446e-01 5.456163287162780762e-01
8.562623977661132812e+00 -2.042167633771896362e-01 5.946615338325500488e-01
8.540479660034179688e+00 -2.038715034723281860e-01 6.131043434143066406e-01
8.480750083923339844e+00 -2.029595524072647095e-01 6.615884304046630859e-01
8.416061401367187500e+00 -2.020268291234970093e-01 7.105214595794677734e-01
8.365771293640136719e+00 -2.013461589813232422e-01 7.457025051116943359e-01
8.316739082336425781e+00 -2.007150352001190186e-01 7.779367566108703613e-01
8.268048286437988281e+00 -2.001189589500427246e-01 8.080161809921264648e-01
8.232058525085449219e+00 -1.997003406286239624e-01 8.288782238960266113e-01
8.166895866394042969e+00 -1.989712715148925781e-01 8.648668527603149414e-01
8.140201568603515625e+00 -1.986936032772064209e-01 8.783200383186340332e-01
8.086043357849121094e+00 -1.981474012136459351e-01 9.045749306678771973e-01
8.017933845520019531e+00 -1.975037008523941040e-01 9.349848031997680664e-01
7.964787006378173828e+00 -1.970430463552474976e-01 9.562242627143859863e-01
7.914997100830078125e+00 -1.966414749622344971e-01 9.743514657020568848e-01
7.850431442260742188e+00 -1.961567550897598267e-01 9.957500100135803223e-01
7.804105281829833984e+00 -1.958421468734741211e-01 1.009178638458251953e+00
7.771685600280761719e+00 -1.956384778022766113e-01 1.017627477645874023e+00
7.682297229766845703e+00 -1.951085180044174194e-01 1.039113998413085938e+00
7.639262199401855469e+00 -1.948950439691543579e-01 1.047085523605346680e+00
7.573206424713134766e+00 -1.945980191230773926e-01 1.057596564292907715e+00
7.538951873779296875e+00 -1.944683045148849487e-01 1.061685800552368164e+00
7.502989292144775391e+00 -1.943453699350357056e-01 1.065243601799011230e+00
7.415124893188476562e+00 -1.940790116786956787e-01 1.072057008743286133e+00
7.368968963623046875e+00 -1.939827352762222290e-01 1.073234200477600098e+00
7.338105678558349609e+00 -1.939337998628616333e-01 1.073180913925170898e+00
7.259191989898681641e+00 -1.938352286815643311e-01 1.071608185768127441e+00
7.188790798187255859e+00 -1.938081085681915283e-01 1.066925644874572754e+00
7.165673732757568359e+00 -1.938172578811645508e-01 1.064423799514770508e+00
7.107861995697021484e+00 -1.938551813364028931e-01 1.057371020317077637e+00
7.037391185760498047e+00 -1.939475387334823608e-01 1.046337366104125977e+00
6.975683212280273438e+00 -1.940784454345703125e-01 1.034050703048706055e+00
6.929322242736816406e+00 -1.942104101181030273e-01 1.023070454597473145e+00
6.874148368835449219e+00 -1.943981200456619263e-01 1.008417844772338867e+00
6.835229873657226562e+00 -1.945567429065704346e-01 9.967340230941772461e-01
6.795277595520019531e+00 -1.947389543056488037e-01 9.837486147880554199e-01
6.706752777099609375e+00 -1.951875239610671997e-01 9.526915550231933594e-01
6.647483825683593750e+00 -1.955558508634567261e-01 9.284414052963256836e-01
6.600540637969970703e+00 -1.958850622177124023e-01 9.073407053947448730e-01
6.568029403686523438e+00 -1.961342245340347290e-01 8.916610479354858398e-01
6.518231868743896484e+00 -1.965388804674148560e-01 8.664887547492980957e-01
6.442035198211669922e+00 -1.972131729125976562e-01 8.252072334289550781e-01
6.390299797058105469e+00 -1.977303624153137207e-01 7.942079305648803711e-01
6.355289936065673828e+00 -1.981089562177658081e-01 7.718045711517333984e-01
6.309471607208251953e+00 -1.986306458711624146e-01 7.411801815032958984e-01
6.260236263275146484e+00 -1.992292404174804688e-01 7.063840031623840332e-01
6.223869323730468750e+00 -1.997027248144149780e-01 6.791272759437561035e-01
6.155531406402587891e+00 -2.006377428770065308e-01 6.256664991378784180e-01
6.129344940185546875e+00 -2.010300606489181519e-01 6.034974455833435059e-01
6.081103801727294922e+00 -2.017781585454940796e-01 5.614045262336730957e-01
6.017906188964843750e+00 -2.028216123580932617e-01 5.031320452690124512e-01
5.965812206268310547e+00 -2.037543803453445435e-01 4.515174627304077148e-01
5.928794384002685547e+00 -2.044629156589508057e-01 4.125898182392120361e-01
5.891893386840820312e+00 -2.052037268877029419e-01 3.720917403697967529e-01
5.841530323028564453e+00 -2.062643319368362427e-01 3.143964409828186035e-01
5.807704925537109375e+00 -2.070250064134597778e-01 2.732895612716674805e-01
5.760021209716796875e+00 -2.081465870141983032e-01 2.129490822553634644e-01
5.715902805328369141e+00 -2.092529386281967163e-01 1.537968367338180542e-01
5.700721740722656250e+00 -2.096574306488037109e-01 1.322942078113555908e-01
5.655701637268066406e+00 -2.108830362558364868e-01 6.727454066276550293e-02
5.603576660156250000e+00 -2.123961597681045532e-01 -1.252668350934982300e-02
5.568534374237060547e+00 -2.127998620271682739e-01 2.805792167782783508e-02
5.517162322998046875e+00 -2.134285271167755127e-01 8.516110479831695557e-02
5.463162422180175781e+00 -2.141440808773040771e-01 1.417003422975540161e-01
5.420565128326416016e+00 -2.147520780563354492e-01 1.836062967777252197e-01
5.358831882476806641e+00 -2.156813740730285645e-01 2.414474487304687500e-01
5.326842308044433594e+00 -2.161979228258132935e-01 2.693665325641632080e-01
5.263224124908447266e+00 -2.172603905200958252e-01 3.228923380374908447e-01
5.222430706024169922e+00 -2.179854512214660645e-01 3.547697663307189941e-01
5.165719032287597656e+00 -2.190315872430801392e-01 3.970224857330322266e-01
5.130267620086669922e+00 -2.197179645299911499e-01 4.217118620872497559e-01
5.046081542968750000e+00 -2.213951647281646729e-01 4.778890311717987061e-01
5.013898849487304688e+00 -2.220782786607742310e-01 4.972205460071563721e-01
4.959935188293457031e+00 -2.232502102851867676e-01 5.283284783363342285e-01
4.913999080657958984e+00 -2.242851555347442627e-01 5.529892444610595703e-01
4.839666366577148438e+00 -2.260107994079589844e-01 5.904673337936401367e-01
4.787264347076416016e+00 -2.272846698760986328e-01 6.142028570175170898e-01
4.744911670684814453e+00 -2.283466905355453491e-01 6.319102644920349121e-01
4.658042907714843750e+00 -2.305785715579986572e-01 6.658391356468200684e-01
4.631910800933837891e+00 -2.312827557325363159e-01 6.746054887771606445e-01
4.570424556732177734e+00 -2.329629510641098022e-01 6.942402720451354980e-01
4.497559547424316406e+00 -2.350188195705413818e-01 7.147782444953918457e-01
4.443819999694824219e+00 -2.365916669368743896e-01 7.275878787040710449e-01
4.388854026794433594e+00 -2.382433563470840454e-01 7.389592528343200684e-01
4.316281318664550781e+00 -2.404823750257492065e-01 7.516655921936035156e-01
4.258905410766601562e+00 -2.423136979341506958e-01 7.593315243721008301e-01
4.203907489776611328e+00 -2.441159784793853760e-01 7.648963928222656250e-01
4.128080368041992188e+00 -2.466634213924407959e-01 7.702286243438720703e-01
4.081727027893066406e+00 -2.482739984989166260e-01 7.715266346931457520e-01
3.999222278594970703e+00 -2.511997222900390625e-01 7.717103362083435059e-01
3.948012113571166992e+00 -2.530817091464996338e-01 7.694770693778991699e-01
3.921485185623168945e+00 -2.540783286094665527e-01 7.675644159317016602e-01
3.853962898254394531e+00 -2.566442489624023438e-01 7.616966962814331055e-01
3.782021045684814453e+00 -2.594578564167022705e-01 7.527266144752502441e-01
3.725862741470336914e+00 -2.617221772670745850e-01 7.434461712837219238e-01
3.686621427536010742e+00 -2.633425295352935791e-01 7.357057332992553711e-01
3.604936599731445312e+00 -2.667721807956695557e-01 7.177488803863525391e-01
3.542585372924804688e+00 -2.694821059703826904e-01 7.010776400566101074e-01
3.490821361541748047e+00 -2.717924714088439941e-01 6.853208541870117188e-01
3.413986921310424805e+00 -2.752988636493682861e-01 6.595276594161987305e-01
3.370583772659301758e+00 -2.773462533950805664e-01 6.428986787796020508e-01
3.302693843841552734e+00 -2.806101441383361816e-01 6.150206923484802246e-01
3.254908323287963867e+00 -2.829772233963012695e-01 5.932961106300354004e-01
3.183935880661010742e+00 -2.865689396858215332e-01 5.587661862373352051e-01
3.159101724624633789e+00 -2.878667712211608887e-01 5.454726219177246094e-01
3.076165914535522461e+00 -2.922512292861938477e-01 4.996152520179748535e-01
3.038214683532714844e+00 -2.943366467952728271e-01 4.763365387916564941e-01
2.973141193389892578e+00 -2.979783415794372559e-01 4.345357716083526611e-01
2.925297260284423828e+00 -3.007422983646392822e-01 4.013435244560241699e-01
2.891744375228881836e+00 -3.027278780937194824e-01 3.767367005348205566e-01
2.825643539428710938e+00 -3.067077994346618652e-01 3.263547420501708984e-01
2.764506340026855469e+00 -3.105186820030212402e-01 2.761451601982116699e-01
2.705024003982543945e+00 -3.143516480922698975e-01 2.238371521234512329e-01
2.682394266128540039e+00 -3.158596158027648926e-01 2.025727629661560059e-01
2.627999782562255859e+00 -3.195326030254364014e-01 1.501428633928298950e-01
2.579774379730224609e+00 -3.228963911533355713e-01 1.007389277219772339e-01
2.526515722274780273e+00 -3.267242610454559326e-01 4.312017560005187988e-02
2.468088865280151367e+00 -3.310709595680236816e-01 -2.406051009893417358e-02
2.434887647628784180e+00 -3.331092298030853271e-01 7.417030632495880127e-03
2.391898393630981445e+00 -3.357747495174407959e-01 4.665875062346458435e-02
2.321823835372924805e+00 -3.401741087436676025e-01 1.075613051652908325e-01
2.286996603012084961e+00 -3.424033522605895996e-01 1.354867517948150635e-01
2.216984510421752930e+00 -3.469265997409820557e-01 1.894268542528152466e-01
2.151859045028686523e+00 -3.512105941772460938e-01 2.356676757335662842e-01
2.093389749526977539e+00 -3.551191985607147217e-01 2.740943431854248047e-01
2.020076990127563477e+00 -3.600892722606658936e-01 3.189763426780700684e-01
1.960967421531677246e+00 -3.641653060913085938e-01 3.519810140132904053e-01
1.925381898880004883e+00 -3.666522502899169922e-01 3.703780770301818848e-01
1.863443493843078613e+00 -3.710154592990875244e-01 4.009057581424713135e-01
1.768156528472900391e+00 -3.778195977210998535e-01 4.439712464809417725e-01
1.735073804855346680e+00 -3.802304267883300781e-01 4.569198191165924072e-01
1.684613108634948730e+00 -3.839334845542907715e-01 4.756481051445007324e-01
1.595319867134094238e+00 -3.905558884143829346e-01 5.060757398605346680e-01
1.552493095397949219e+00 -3.937909901142120361e-01 5.184230804443359375e-01
1.469803452491760254e+00 -4.000923335552215576e-01 5.402381420135498047e-01
1.393805503845214844e+00 -4.059814214706420898e-01 5.567544698715209961e-01
1.362382173538208008e+00 -4.084539115428924561e-01 5.622696876525878906e-01
1.282670259475708008e+00 -4.147658050060272217e-01 5.749009847640991211e-01
1.220748186111450195e+00 -4.197478294372558594e-01 5.820581912994384766e-01
1.122713208198547363e+00 -4.277338385581970215e-01 5.901612639427185059e-01
1.071904540061950684e+00 -4.319545626640319824e-01 5.917337536811828613e-01
1.039072632789611816e+00 -4.347100555896759033e-01 5.918749570846557617e-01
9.654125571250915527e-01 -4.409335255622863770e-01 5.909246802330017090e-01
9.031328558921813965e-01 -4.462746679782867432e-01 5.877183675765991211e-01
8.446677923202514648e-01 -4.513530433177947998e-01 5.827971696853637695e-01
7.629402875900268555e-01 -4.585383534431457520e-01 5.733994245529174805e-01
6.967344284057617188e-01 -4.644590318202972412e-01 5.629154443740844727e-01
6.358647942543029785e-01 -4.699794352054595947e-01 5.511142015457153320e-01
5.539190769195556641e-01 -4.775092899799346924e-01 5.325177311897277832e-01
5.063356757164001465e-01 -4.819605946540832520e-01 5.195692777633666992e-01
4.042764902114868164e-01 -4.916101992130279541e-01 4.890665411949157715e-01
3.508301377296447754e-01 -4.967818558216094971e-01 4.699648320674896240e-01
3.181652128696441650e-01 -4.999826252460479736e-01 4.572570323944091797e-01
2.472223043441772461e-01 -5.069888830184936523e-01 4.282589554786682129e-01
1.485158503055572510e-01 -5.169067978858947754e-01 3.836018145084381104e-01
1.252713948488235474e-01 -5.193009972572326660e-01 3.716173171997070312e-01
6.768590211868286133e-02 -5.252686738967895508e-01 3.410340845584869385e-01
9.690970182418823242e-04 -5.322895050048828125e-01 3.029857575893402100e-01
-8.246690779924392700e-02 -5.412322878837585449e-01 2.514631152153015137e-01
-1.323455125093460083e-01 -5.467075705528259277e-01 2.175648808479309082e-01
-1.697785854339599609e-01 -5.508788824081420898e-01 1.906540393829345703e-01
-2.412716299295425415e-01 -5.589390993118286133e-01 1.370651423931121826e-01
-2.855221033096313477e-01 -5.640439391136169434e-01 1.011902093887329102e-01
-3.505523800849914551e-01 -5.716592669486999512e-01 4.585177078843116760e-02
-4.000961780548095703e-01 -5.775957107543945312e-01 6.007477641105651855e-04
-4.632962644100189209e-01 -5.849681496620178223e-01 5.207492783665657043e-02
-5.530009269714355469e-01 -5.955113768577575684e-01 1.200509816408157349e-01
-6.170545220375061035e-01 -6.031183004379272461e-01 1.637959182262420654e-01
-6.792477965354919434e-01 -6.105585694313049316e-01 2.031890898942947388e-01
-7.427465319633483887e-01 -6.182086467742919922e-01 2.405105531215667725e-01
-7.858743071556091309e-01 -6.234415769577026367e-01 2.639418244361877441e-01
-8.637495040893554688e-01 -6.329361796379089355e-01 3.039918541908264160e-01
-9.331955313682556152e-01 -6.414760351181030273e-01 3.361917138099670410e-01
-1.006522893905639648e+00 -6.505622267723083496e-01 3.670246303081512451e-01
-1.094488382339477539e+00 -6.615499854087829590e-01 4.001478552818298340e-01
-1.167191863059997559e+00 -6.707187891006469727e-01 4.238297939300537109e-01
-1.200303912162780762e+00 -6.749279499053955078e-01 4.332716763019561768e-01
-1.284450650215148926e+00 -6.856638193130493164e-01 4.557441174983978271e-01
-1.340404629707336426e+00 -6.928688883781433105e-01 4.681558907032012939e-01
-1.442178368568420410e+00 -7.060556411743164062e-01 4.877346754074096680e-01
-1.510975360870361328e+00 -7.150707244873046875e-01 4.973470270633697510e-01
-1.600955247879028320e+00 -7.269533276557922363e-01 5.067722797393798828e-01
-1.655239462852478027e+00 -7.341956496238708496e-01 5.100025534629821777e-01
-1.744764566421508789e+00 -7.462149262428283691e-01 5.129051208496093750e-01
-1.791509747505187988e+00 -7.525566220283508301e-01 5.123412013053894043e-01
-1.888004302978515625e+00 -7.657207846641540527e-01 5.089386701583862305e-01
-1.923411369323730469e+00 -7.706075310707092285e-01 5.059934258460998535e-01
-2.004196405410766602e+00 -7.818061113357543945e-01 4.978462457656860352e-01
-2.095645189285278320e+00 -7.946112751960754395e-01 4.849217534065246582e-01
-2.195366382598876953e+00 -8.087390065193176270e-01 4.662096798419952393e-01
-2.268648862838745117e+00 -8.192584514617919922e-01 4.486958980560302734e-01
-2.324991941452026367e+00 -8.274278044700622559e-01 4.330585598945617676e-01
-2.370458841323852539e+00 -8.340727686882019043e-01 4.190660119056701660e-01
-2.474690437316894531e+00 -8.494064211845397949e-01 3.844030499458312988e-01
-2.517448663711547852e+00 -8.557941317558288574e-01 3.676973581314086914e-01
-2.598480463027954102e+00 -8.679800629615783691e-01 3.340369462966918945e-01
-2.666903972625732422e+00 -8.784030675888061523e-01 3.023313879966735840e-01
-2.768286228179931641e+00 -8.940230607986450195e-01 2.510833144187927246e-01
-2.826311111450195312e+00 -9.031214714050292969e-01 2.179669141769409180e-01
-2.860296010971069336e+00 -9.085077047348022461e-01 1.972291022539138794e-01
-2.968873500823974609e+00 -9.258282780647277832e-01 1.283725500106811523e-01
-3.012765407562255859e+00 -9.329823851585388184e-01 9.703019261360168457e-02
-3.094236850738525391e+00 -9.463870525360107422e-01 3.602227568626403809e-02
-3.158537864685058594e+00 -9.571611881256103516e-01 -1.649203523993492126e-02
-3.241956233978271484e+00 -9.715988636016845703e-01 4.455101490020751953e-02
-3.276795148849487305e+00 -9.776533246040344238e-01 6.775896251201629639e-02
-3.380457639694213867e+00 -9.957004189491271973e-01 1.341437101364135742e-01
-3.421002864837646484e+00 -1.002796292304992676e+00 1.571428179740905762e-01
-3.539993047714233398e+00 -1.023665666580200195e+00 2.214466035366058350e-01
-3.581521987915039062e+00 -1.030995011329650879e+00 2.407605946063995361e-01
-3.675682783126831055e+00 -1.047651529312133789e+00 2.822170853614807129e-01
-3.776751995086669922e+00 -1.065623164176940918e+00 3.212086558341979980e-01
-3.806439399719238281e+00 -1.070932269096374512e+00 3.310056924819946289e-01
-3.915177822113037109e+00 -1.090411901473999023e+00 3.651665747165679932e-01
-4.022200107574462891e+00 -1.109705924987792969e+00 3.927040398120880127e-01
-4.101887702941894531e+00 -1.124164342880249023e+00 4.089060127735137939e-01
-4.137289047241210938e+00 -1.130619287490844727e+00 4.147173464298248291e-01
-4.213145256042480469e+00 -1.144481658935546875e+00 4.258681237697601318e-01
-4.319651603698730469e+00 -1.164039850234985352e+00 4.376441538333892822e-01
-4.427394866943359375e+00 -1.183962941169738770e+00 4.441164731979370117e-01
-4.514390945434570312e+00 -1.200166821479797363e+00 4.449457824230194092e-01
-4.587310791015625000e+00 -1.213831782341003418e+00 4.426782131195068359e-01
-4.673166275024414062e+00 -1.230005621910095215e+00 4.370830655097961426e-01
-4.724757671356201172e+00 -1.239786624908447266e+00 4.316440224647521973e-01
-4.831691741943359375e+00 -1.260140061378479004e+00 4.177661240100860596e-01
-4.925673007965087891e+00 -1.278178334236145020e+00 4.007868170738220215e-01
-5.017425537109375000e+00 -1.295924901962280273e+00 3.800352811813354492e-01
-5.061706542968750000e+00 -1.304557085037231445e+00 3.680121898651123047e-01
-5.185333251953125000e+00 -1.328752398490905762e+00 3.316818177700042725e-01
-5.284593582153320312e+00 -1.348400354385375977e+00 2.961859107017517090e-01
-5.356216907501220703e+00 -1.362716317176818848e+00 2.667489349842071533e-01
-5.426698684692382812e+00 -1.376909136772155762e+00 2.349561452865600586e-01
-5.473099231719970703e+00 -1.386324405670166016e+00 2.121302485466003418e-01
-5.596860885620117188e+00 -1.411569952964782715e+00 1.478026956319808960e-01
-5.666380882263183594e+00 -1.425960183143615723e+00 1.062874197959899902e-01
-5.735940456390380859e+00 -1.440488338470458984e+00 6.150199845433235168e-02
-5.826447010040283203e+00 -1.459571838378906250e+00 -1.223336905241012573e-03
-5.902789115905761719e+00 -1.476541876792907715e+00 4.643257334828376770e-02
-5.975394248962402344e+00 -1.492704987525939941e+00 8.794684708118438721e-02
-6.047070503234863281e+00 -1.508685946464538574e+00 1.255553662776947021e-01
-6.156157016754150391e+00 -1.533048272132873535e+00 1.779722571372985840e-01
-6.222232341766357422e+00 -1.547844290733337402e+00 2.055054455995559692e-01
-6.307998180389404297e+00 -1.567083835601806641e+00 2.380986511707305908e-01
-6.415080070495605469e+00 -1.591162919998168945e+00 2.738724052906036377e-01
-6.520622730255126953e+00 -1.614970922470092773e+00 3.033143579959869385e-01
-6.638859748840332031e+00 -1.641730904579162598e+00 3.301190137863159180e-01
-6.725096702575683594e+00 -1.661325097084045410e+00 3.447837829589843750e-01
-6.842028617858886719e+00 -1.687974452972412109e+00 3.599568009376525879e-01
-6.941299438476562500e+00 -1.710695743560791016e+00 3.675077259540557861e-01
-7.038339614868164062e+00 -1.732992053031921387e+00 3.705252408981323242e-01
-7.125530719757080078e+00 -1.753104448318481445e+00 3.694295585155487061e-01
-7.234691143035888672e+00 -1.778378009796142578e+00 3.637827932834625244e-01
-7.359665870666503906e+00 -1.807453155517578125e+00 3.511760830879211426e-01
-7.437644958496093750e+00 -1.825701117515563965e+00 3.388840854167938232e-01
-7.539944648742675781e+00 -1.849733233451843262e+00 3.190796375274658203e-01
-7.603149890899658203e+00 -1.864660382270812988e+00 3.038140833377838135e-01
-7.716182708740234375e+00 -1.891447901725769043e+00 2.730941176414489746e-01
-7.810274124145507812e+00 -1.913890361785888672e+00 2.423192262649536133e-01
-7.900502204895019531e+00 -1.935534954071044922e+00 2.085036784410476685e-01
-8.004053115844726562e+00 -1.960520744323730469e+00 1.647811830043792725e-01
-8.108531951904296875e+00 -1.985910534858703613e+00 1.147277206182479858e-01
-8.202940940856933594e+00 -2.009031534194946289e+00 6.378168612718582153e-02
-8.309327125549316406e+00 -2.035284042358398438e+00 1.863241195678710938e-04
-8.399744987487792969e+00 -2.058952569961547852e+00 4.888530820608139038e-02
-8.526494026184082031e+00 -2.092128992080688477e+00 1.101418733596801758e-01
-8.618894577026367188e+00 -2.116320610046386719e+00 1.480987071990966797e-01
-8.704324722290039062e+00 -2.138697862625122070e+00 1.789591163396835327e-01
-8.844756126403808594e+00 -2.175504684448242188e+00 2.235256731510162354e-01
-8.970901489257812500e+00 -2.208608150482177734e+00 2.548446059226989746e-01
-9.085437774658203125e+00 -2.238708257675170898e+00 2.764936983585357666e-01
-9.221001625061035156e+00 -2.274389505386352539e+00 2.950524091720581055e-01
-9.347308158874511719e+00 -2.307703018188476562e+00 3.047371506690979004e-01
-9.413609504699707031e+00 -2.325228452682495117e+00 3.061638474464416504e-01
-9.510657310485839844e+00 -2.350913763046264648e+00 3.054606020450592041e-01
-9.689059257507324219e+00 -2.398223638534545898e+00 2.966713905334472656e-01
-9.758004188537597656e+00 -2.416578054428100586e+00 2.879395782947540283e-01
-9.955270767211914062e+00 -2.469183206558227539e+00 2.569763660430908203e-01
-1.007031917572021484e+01 -2.500020503997802734e+00 2.287909984588623047e-01
-1.017990970611572266e+01 -2.529495477676391602e+00 1.960996538400650024e-01
-1.031900787353515625e+01 -2.567038536071777344e+00 1.472996771335601807e-01
-1.043234252929687500e+01 -2.597776889801025391e+00 9.965160489082336426e-02
-1.055074787139892578e+01 -2.630031585693359375e+00 4.276269301772117615e-02
-1.064680480957031250e+01 -2.656329870223999023e+00 -9.784545749425888062e-03
-1.074461936950683594e+01 -2.684849500656127930e+00 3.945271670818328857e-02
-1.085006332397460938e+01 -2.715525627136230469e+00 8.654071390628814697e-02
-1.099650859832763672e+01 -2.758043050765991211e+00 1.435092687606811523e-01
-1.123221969604492188e+01 -2.826316118240356445e+00 2.175217866897583008e-01
-1.131221580505371094e+01 -2.849419116973876953e+00 2.336963117122650146e-01
-1.148239040374755859e+01 -2.898534297943115234e+00 2.620034813880920410e-01
-1.167422866821289062e+01 -2.953838348388671875e+00 2.796617150306701660e-01
-1.177557754516601562e+01 -2.983031034469604492e+00 2.807371318340301514e-01
-1.204410362243652344e+01 -3.060360908508300781e+00 2.721530795097351074e-01
-1.218271064758300781e+01 -3.100265741348266602e+00 2.521200776100158691e-01
-1.231258106231689453e+01 -3.137664318084716797e+00 2.256399542093276978e-01
-1.251174640655517578e+01 -3.195039987564086914e+00 1.736755222082138062e-01
-1.261601543426513672e+01 -3.225103378295898438e+00 1.370058655738830566e-01
-1.281983661651611328e+01 -3.283908367156982422e+00 5.507097393274307251e-02
-1.296120929718017578e+01 -3.324757575988769531e+00 -1.647883653640747070e-02
-1.303327083587646484e+01 -3.346947193145751953e+00 1.494770124554634094e-02
-1.337077808380126953e+01 -3.450530767440795898e+00 1.488963663578033447e-01
-1.359031391143798828e+01 -3.516974687576293945e+00 1.992074549198150635e-01
-1.373308467864990234e+01 -3.559875726699829102e+00 2.180289775133132935e-01
-1.399564361572265625e+01 -3.638440847396850586e+00 2.367188334465026855e-01
-1.416299724578857422e+01 -3.688154458999633789e+00 2.304434925317764282e-01
-1.449582576751708984e+01 -3.786597728729248047e+00 1.950530409812927246e-01
-1.473022747039794922e+01 -3.855345726013183594e+00 1.376247555017471313e-01
-1.501563453674316406e+01 -3.938559055328369141e+00 3.817553073167800903e-02
-1.519192981719970703e+01 -3.989568471908569336e+00 -4.735896736383438110e-02
-1.547764301300048828e+01 -4.077083587646484375e+00 6.006120145320892334e-02
-1.578282737731933594e+01 -4.168577671051025391e+00 1.312782168388366699e-01
-1.638302612304687500e+01 -4.344947338104248047e+00 1.898771822452545166e-01
-1.665917396545410156e+01 -4.423219203948974609e+00 1.491902023553848267e-01
-1.727581405639648438e+01 -4.595119476318359375e+00 -1.225928962230682373e-02
-1.746324348449707031e+01 -4.645230293273925781e+00 -1.134893223643302917e-01
-1.837487983703613281e+01 -4.897855758666992188e+00 1.875865161418914795e-01
-1.992045211791992188e+01 -5.281452178955078125e+00 8.525060117244720459e-02
-2.135851287841796875e+01 -5.576227188110351562e+00 -8.804682493209838867e-01
-2.164242935180664062e+01 -5.607823848724365234e+00 -1.426410794258117676e+00
-3.034265899658203125e+01 -5.021532058715820312e+00 -1.579710245132446289e-01
-4.463521575927734375e+01 5.024626731872558594e+00 -3.069754791259765625e+01
-6.747615625000000000e+04 6.650623437500000000e+04 -6.355013281250000000e+04
-4.158014221114360726e+21 4.393868296549707022e+21 -5.527817824776302363e+21
