2.342499542236328125e+01 -1.762054115533828735e-01 2.141915112733840942e-01
2.327178764343261719e+01 -1.606803536415100098e-01 3.096477389335632324e-01
2.307368469238281250e+01 -1.406761556863784790e-01 4.322067797183990479e-01
2.294083213806152344e+01 -1.273194998502731323e-01 5.136091709136962891e-01
2.275052642822265625e+01 -1.082389652729034424e-01 6.294242739677429199e-01
2.259334945678710938e+01 -9.253952652215957642e-02 7.241052389144897461e-01
2.245615386962890625e+01 -7.887566834688186646e-02 8.060171604156494141e-01
2.229936218261718750e+01 -6.329745799303054810e-02 8.988695740699768066e-01
2.223262977600097656e+01 -5.668411403894424438e-02 9.380072355270385742e-01
2.208447837829589844e+01 -4.201684147119522095e-02 1.024523854255676270e+00
2.190931510925292969e+01 -2.471314556896686554e-02 1.125815868377685547e+00
2.174615287780761719e+01 -8.633136749267578125e-03 1.219027519226074219e+00
2.168749809265136719e+01 -2.864141948521137238e-03 1.252137660980224609e+00
2.152530670166015625e+01 1.307838130742311478e-02 1.343288064002990723e+00
2.139037132263183594e+01 2.631949260830879211e-02 1.418163537979125977e+00
2.120013809204101562e+01 4.496444016695022583e-02 1.522562265396118164e+00
2.108246612548828125e+01 5.648038163781166077e-02 1.586090087890625000e+00
2.096322631835937500e+01 6.814145296812057495e-02 1.649782896041870117e+00
2.088286209106445312e+01 7.599598914384841919e-02 1.692232251167297363e+00
2.072211265563964844e+01 9.170202165842056274e-02 1.776482462882995605e+00
2.064857864379882812e+01 9.888292104005813599e-02 1.814404129981994629e+00
2.050481796264648438e+01 1.129200235009193420e-01 1.887974143028259277e+00
2.032437515258789062e+01 1.305361390113830566e-01 1.978891372680664062e+00
2.021797752380371094e+01 1.409241259098052979e-01 2.031409740447998047e+00
2.010904121398925781e+01 1.515622138977050781e-01 2.084500789642333984e+00
1.996286010742187500e+01 1.658421456813812256e-01 2.154787778854370117e+00
1.988359832763671875e+01 1.735897362232208252e-01 2.192185163497924805e+00
1.978277015686035156e+01 1.834498047828674316e-01 2.239253997802734375e+00
1.961688041687011719e+01 1.996825486421585083e-01 2.315619230270385742e+00
1.955224037170410156e+01 2.060155272483825684e-01 2.344667673110961914e+00
1.939023971557617188e+01 2.218966037034988403e-01 2.416760683059692383e+00
1.929633331298828125e+01 2.311170548200607300e-01 2.457499265670776367e+00
1.918925285339355469e+01 2.416421473026275635e-01 2.503238439559936523e+00
1.912836837768554688e+01 2.476345151662826538e-01 2.528772830963134766e+00
1.898570060729980469e+01 2.616876065731048584e-01 2.587966203689575195e+00
1.888752365112304688e+01 2.713776826858520508e-01 2.627647399902343750e+00
1.873453521728515625e+01 2.865008115768432617e-01 2.688326358795166016e+00
1.870634269714355469e+01 2.892948687076568604e-01 2.699168205261230469e+00
1.855279922485351562e+01 3.045191168785095215e-01 2.757866144180297852e+00
1.846550559997558594e+01 3.131991922855377197e-01 2.790142536163330078e+00
1.833113861083984375e+01 3.265831470489501953e-01 2.838841199874877930e+00
1.822760391235351562e+01 3.369250893592834473e-01 2.875176429748535156e+00
1.815715026855468750e+01 3.439788520336151123e-01 2.899263858795166016e+00
1.808165931701660156e+01 3.515492975711822510e-01 2.924600124359130859e+00
1.797922134399414062e+01 3.618406057357788086e-01 2.958282470703125000e+00
1.784049224853515625e+01 3.758130669593811035e-01 3.002593278884887695e+00
1.773587989807128906e+01 3.863870501518249512e-01 3.034645080566406250e+00
1.767477989196777344e+01 3.925805091857910156e-01 3.052751541137695312e+00
1.757925796508789062e+01 4.022797346115112305e-01 3.080488920211791992e+00
1.749950027465820312e+01 4.104002714157104492e-01 3.102894067764282227e+00
1.736849212646484375e+01 4.237704277038574219e-01 3.138644933700561523e+00
1.731523132324218750e+01 4.292275309562683105e-01 3.152463197708129883e+00
1.717925643920898438e+01 4.431827962398529053e-01 3.186984539031982422e+00
1.709523391723632812e+01 4.518437087535858154e-01 3.207102775573730469e+00
1.698883247375488281e+01 4.628416597843170166e-01 3.231609344482421875e+00
1.691376304626464844e+01 4.706288278102874756e-01 3.248017787933349609e+00
1.685208511352539062e+01 4.770434200763702393e-01 3.260979413986206055e+00
1.673648452758789062e+01 4.890917837619781494e-01 3.284461975097656250e+00
1.662503051757812500e+01 5.007556080818176270e-01 3.305613994598388672e+00
1.654532623291015625e+01 5.091303586959838867e-01 3.319692611694335938e+00
1.650144195556640625e+01 5.137549042701721191e-01 3.327024221420288086e+00
1.642009925842285156e+01 5.223407149314880371e-01 3.340180158615112305e+00
1.627441215515136719e+01 5.377645492553710938e-01 3.362286806106567383e+00
1.620376968383789062e+01 5.452846884727478027e-01 3.371716260910034180e+00
1.611365699768066406e+01 5.549033284187316895e-01 3.382930517196655273e+00
1.602486419677734375e+01 5.644137859344482422e-01 3.392942190170288086e+00
1.597027587890625000e+01 5.702804923057556152e-01 3.398457765579223633e+00
1.586028385162353516e+01 5.821262598037719727e-01 3.408768415451049805e+00
1.582691192626953125e+01 5.857354998588562012e-01 3.411398887634277344e+00
1.573117923736572266e+01 5.961022973060607910e-01 3.418505430221557617e+00
1.564957904815673828e+01 6.049709320068359375e-01 3.423476934432983398e+00
1.558853149414062500e+01 6.116262674331665039e-01 3.426492214202880859e+00
1.549829673767089844e+01 6.214859485626220703e-01 3.430160522460937500e+00
1.538395500183105469e+01 6.340216994285583496e-01 3.433312177658081055e+00
1.532161426544189453e+01 6.408848762512207031e-01 3.433977127075195312e+00
1.523443508148193359e+01 6.505038142204284668e-01 3.434090852737426758e+00
1.515509891510009766e+01 6.592841148376464844e-01 3.433141708374023438e+00
1.510255050659179688e+01 6.651155352592468262e-01 3.431869029998779297e+00
1.498106861114501953e+01 6.786199808120727539e-01 3.427928924560546875e+00
1.495252895355224609e+01 6.818051934242248535e-01 3.426453113555908203e+00
1.488445663452148438e+01 6.894090771675109863e-01 3.422620296478271484e+00
1.479273223876953125e+01 6.996761560440063477e-01 3.416442632675170898e+00
1.470276069641113281e+01 7.097741365432739258e-01 3.409024953842163086e+00
1.464814662933349609e+01 7.159192562103271484e-01 3.403700590133666992e+00
1.453765964508056641e+01 7.283689975738525391e-01 3.391906976699829102e+00
1.449708175659179688e+01 7.329542040824890137e-01 3.386805295944213867e+00
1.437979125976562500e+01 7.462204694747924805e-01 3.371229887008666992e+00
1.432114696502685547e+01 7.528713345527648926e-01 3.362228155136108398e+00
1.424019622802734375e+01 7.620630860328674316e-01 3.348951101303100586e+00
1.418584251403808594e+01 7.682445645332336426e-01 3.339237689971923828e+00
1.411388874053955078e+01 7.764356136322021484e-01 3.325660705566406250e+00
1.401871776580810547e+01 7.872830033302307129e-01 3.306431293487548828e+00
1.399647235870361328e+01 7.898222804069519043e-01 3.301537752151489258e+00
1.389981460571289062e+01 8.008589744567871094e-01 3.279865503311157227e+00
1.385851097106933594e+01 8.055812716484069824e-01 3.269836664199829102e+00
1.373743915557861328e+01 8.194302916526794434e-01 3.239466190338134766e+00
1.368828105926513672e+01 8.250608444213867188e-01 3.225960016250610352e+00
1.364966011047363281e+01 8.294864892959594727e-01 3.214968204498291016e+00
1.357010269165039062e+01 8.386057615280151367e-01 3.191704750061035156e+00
1.346926689147949219e+01 8.501708507537841797e-01 3.160581827163696289e+00
1.344541454315185547e+01 8.529081940650939941e-01 3.152720928192138672e+00
1.336789894104003906e+01 8.618049621582031250e-01 3.126786947250366211e+00
1.328871631622314453e+01 8.708958625793457031e-01 3.098996400833129883e+00
1.319710731506347656e+01 8.814158439636230469e-01 3.065287590026855469e+00
1.317207431793212891e+01 8.842909336090087891e-01 3.055576562881469727e+00
1.307586860656738281e+01 8.953404426574707031e-01 3.017725229263305664e+00
1.303409290313720703e+01 9.001384377479553223e-01 3.000393867492675781e+00
1.298658847808837891e+01 9.055940508842468262e-01 2.980238199234008789e+00
1.288218879699707031e+01 9.175826907157897949e-01 2.934814453125000000e+00
1.283324146270751953e+01 9.232019782066345215e-01 2.912339210510253906e+00
1.277006816864013672e+01 9.304530620574951172e-01 2.882608413696289062e+00
1.269706344604492188e+01 9.388301968574523926e-01 2.847160339355468750e+00
1.263547801971435547e+01 9.458942413330078125e-01 2.816180467605590820e+00
1.257268619537353516e+01 9.530940055847167969e-01 2.783655643463134766e+00
1.252699184417724609e+01 9.583311676979064941e-01 2.759282350540161133e+00
1.245265197753906250e+01 9.668485522270202637e-01 2.718787193298339844e+00
1.237672996520996094e+01 9.755420684814453125e-01 2.676013469696044922e+00
1.231510448455810547e+01 9.825938940048217773e-01 2.640102863311767578e+00
1.227812480926513672e+01 9.868230223655700684e-01 2.617965459823608398e+00
1.222607040405273438e+01 9.927740097045898438e-01 2.586301803588867188e+00
1.217362689971923828e+01 9.987663030624389648e-01 2.553683042526245117e+00
1.207667541503906250e+01 1.009837985038757324e+00 2.492029428482055664e+00
1.205019760131835938e+01 1.012858390808105469e+00 2.474498271942138672e+00
1.198418045043945312e+01 1.020386815071105957e+00 2.430310964584350586e+00
1.190246868133544922e+01 1.029697656631469727e+00 2.374129295349121094e+00
1.184572505950927734e+01 1.036156654357910156e+00 2.333814859390258789e+00
1.180405235290527344e+01 1.040896654129028320e+00 2.303534984588623047e+00
1.173475265502929688e+01 1.048774719238281250e+00 2.252350330352783203e+00
1.169839096069335938e+01 1.052904367446899414e+00 2.224761009216308594e+00
1.161019897460937500e+01 1.062915205955505371e+00 2.156901121139526367e+00
1.155299091339111328e+01 1.069400787353515625e+00 2.111376285552978516e+00
1.149745273590087891e+01 1.075691580772399902e+00 2.066217660903930664e+00
1.145600986480712891e+01 1.080381870269775391e+00 2.031813383102416992e+00
1.142507076263427734e+01 1.083881139755249023e+00 2.005730628967285156e+00
1.134604740142822266e+01 1.092814564704895020e+00 1.938345670700073242e+00
1.129982471466064453e+01 1.098033547401428223e+00 1.897772431373596191e+00
1.124660682678222656e+01 1.104037761688232422e+00 1.850268244743347168e+00
1.120835494995117188e+01 1.108349800109863281e+00 1.815460324287414551e+00
1.111828708648681641e+01 1.118496656417846680e+00 1.732368826866149902e+00
1.106576347351074219e+01 1.124405026435852051e+00 1.682333469390869141e+00
1.103535652160644531e+01 1.127822518348693848e+00 1.652824163436889648e+00
1.095519828796386719e+01 1.136827111244201660e+00 1.574195742607116699e+00
1.093802928924560547e+01 1.138753175735473633e+00 1.556875348091125488e+00
1.085684967041015625e+01 1.147857546806335449e+00 1.474490046501159668e+00
1.081411838531494141e+01 1.152643322944641113e+00 1.429886579513549805e+00
1.076831912994384766e+01 1.157768964767456055e+00 1.381371736526489258e+00
1.069785594940185547e+01 1.165648698806762695e+00 1.305548667907714844e+00
1.066270065307617188e+01 1.169575452804565430e+00 1.266796946525573730e+00
1.060232162475585938e+01 1.176315546035766602e+00 1.199441194534301758e+00
1.057635593414306641e+01 1.179211139678955078e+00 1.169875860214233398e+00
1.053449916839599609e+01 1.183876872062683105e+00 1.121796488761901855e+00
1.047798824310302734e+01 1.190171718597412109e+00 1.055961847305297852e+00
1.039835548400878906e+01 1.199033856391906738e+00 9.614116549491882324e-01
1.036630821228027344e+01 1.202595591545104980e+00 9.223334193229675293e-01
1.030711650848388672e+01 1.209170937538146973e+00 8.493784070014953613e-01
1.026509284973144531e+01 1.213834762573242188e+00 7.965525984764099121e-01
1.023758888244628906e+01 1.216885089874267578e+00 7.614926695823669434e-01
1.019165229797363281e+01 1.221977591514587402e+00 7.023992538452148438e-01
1.013040447235107422e+01 1.228762745857238770e+00 6.224011182785034180e-01
1.006646251678466797e+01 1.235839843750000000e+00 5.371762514114379883e-01
1.005004310607910156e+01 1.237655401229858398e+00 5.148248076438903809e-01
9.990175247192382812e+00 1.244273781776428223e+00 4.328866600990295410e-01
9.934856414794921875e+00 1.250384211540222168e+00 3.556663095951080322e-01
9.914121627807617188e+00 1.252672791481018066e+00 3.261913657188415527e-01
9.856870651245117188e+00 1.258990168571472168e+00 2.442508637905120850e-01
9.807297706604003906e+00 1.264456272125244141e+00 1.719522178173065186e-01
9.777877807617187500e+00 1.267698287963867188e+00 1.283409595489501953e-01
9.714088439941406250e+00 1.274725198745727539e+00 3.286451101303100586e-02
9.667187690734863281e+00 1.279887914657592773e+00 -3.881939500570297241e-02
9.634346008300781250e+00 1.286556243896484375e+00 1.884572580456733704e-02
9.614357948303222656e+00 1.290575742721557617e+00 5.234594643115997314e-02
9.579422950744628906e+00 1.297562718391418457e+00 1.093110442161560059e-01
9.517862319946289062e+00 1.309764981269836426e+00 2.050643712282180786e-01
9.488380432128906250e+00 1.315525174140930176e+00 2.473449707031250000e-01
9.446409225463867188e+00 1.323675870895385742e+00 3.053364157676696777e-01
9.394902229309082031e+00 1.333597540855407715e+00 3.728756308555603027e-01
9.365015029907226562e+00 1.339302659034729004e+00 4.096677899360656738e-01
9.333311080932617188e+00 1.345325350761413574e+00 4.473205208778381348e-01
9.284325599670410156e+00 1.354586362838745117e+00 5.033417344093322754e-01
9.239778518676757812e+00 1.362949609756469727e+00 5.514048337936401367e-01
9.189031600952148438e+00 1.372421383857727051e+00 6.033526062965393066e-01
9.156101226806640625e+00 1.378530144691467285e+00 6.351018548011779785e-01
9.093457221984863281e+00 1.390107870101928711e+00 6.932020187377929688e-01
9.058718681335449219e+00 1.396485686302185059e+00 7.231037616729736328e-01
9.011968612670898438e+00 1.405039787292480469e+00 7.617098093032836914e-01
8.957018852233886719e+00 1.415050983428955078e+00 8.045923709869384766e-01
8.935210227966308594e+00 1.419005393981933594e+00 8.204976320266723633e-01
8.856752395629882812e+00 1.433206677436828613e+00 8.761877417564392090e-01
8.835074424743652344e+00 1.437106609344482422e+00 8.900973796844482422e-01
8.780920028686523438e+00 1.446834564208984375e+00 9.238730669021606445e-01
8.741182327270507812e+00 1.453946352005004883e+00 9.469101428985595703e-01
8.676539421081542969e+00 1.465486049652099609e+00 9.823670387268066406e-01
8.631701469421386719e+00 1.473458886146545410e+00 1.004746437072753906e+00
8.586166381835937500e+00 1.481535315513610840e+00 1.025964975357055664e+00
8.536998748779296875e+00 1.490235090255737305e+00 1.047259926795959473e+00
8.487354278564453125e+00 1.498997688293457031e+00 1.067038178443908691e+00
8.439023017883300781e+00 1.507508754730224609e+00 1.084636211395263672e+00
8.381037712097167969e+00 1.517698407173156738e+00 1.103852272033691406e+00
8.337861061096191406e+00 1.525267720222473145e+00 1.116497755050659180e+00
8.282409667968750000e+00 1.534973025321960449e+00 1.131176352500915527e+00
8.192849159240722656e+00 1.550617456436157227e+00 1.151689291000366211e+00
8.163901329040527344e+00 1.555659294128417969e+00 1.156680226325988770e+00
8.089171409606933594e+00 1.568663716316223145e+00 1.168218016624450684e+00
8.058061599731445312e+00 1.574066162109375000e+00 1.171585440635681152e+00
7.988767147064208984e+00 1.586090564727783203e+00 1.177766919136047363e+00
7.938838481903076172e+00 1.594740390777587891e+00 1.180114269256591797e+00
7.908327102661132812e+00 1.600020885467529297e+00 1.180626153945922852e+00
7.841922283172607422e+00 1.611506581306457520e+00 1.180515527725219727e+00
7.803256034851074219e+00 1.618186593055725098e+00 1.178900957107543945e+00
7.737726211547851562e+00 1.629500865936279297e+00 1.174634337425231934e+00
7.689543247222900391e+00 1.637812376022338867e+00 1.169586896896362305e+00
7.621930122375488281e+00 1.649469017982482910e+00 1.160524368286132812e+00
7.563283443450927734e+00 1.659572958946228027e+00 1.150240421295166016e+00
7.502941131591796875e+00 1.669964313507080078e+00 1.137476205825805664e+00
7.486594200134277344e+00 1.672778367996215820e+00 1.133403301239013672e+00
7.404279232025146484e+00 1.686947941780090332e+00 1.112045645713806152e+00
7.377564907073974609e+00 1.691545367240905762e+00 1.103716611862182617e+00
7.293894290924072266e+00 1.705944895744323730e+00 1.076182126998901367e+00
7.250853061676025391e+00 1.713352799415588379e+00 1.059653997421264648e+00
7.188494682312011719e+00 1.724087476730346680e+00 1.033899784088134766e+00
7.168799400329589844e+00 1.727479219436645508e+00 1.024921894073486328e+00
7.102779865264892578e+00 1.738850474357604980e+00 9.939140677452087402e-01
7.051551342010498047e+00 1.747680068016052246e+00 9.674402475357055664e-01
6.990902900695800781e+00 1.758140325546264648e+00 9.338105916976928711e-01
6.931725025177001953e+00 1.768356919288635254e+00 8.982722759246826172e-01
6.920094966888427734e+00 1.770367145538330078e+00 8.907459974288940430e-01
6.845527648925781250e+00 1.783259153366088867e+00 8.417863249778747559e-01
6.820619583129882812e+00 1.787573337554931641e+00 8.238923549652099609e-01
6.757532119750976562e+00 1.798508167266845703e+00 7.772079706192016602e-01
6.693679809570312500e+00 1.809597373008728027e+00 7.263614535331726074e-01
6.657522678375244141e+00 1.815891385078430176e+00 6.953924894332885742e-01
6.600553035736083984e+00 1.825823307037353516e+00 6.445519924163818359e-01
6.562618255615234375e+00 1.832454085350036621e+00 6.084579229354858398e-01
6.508196830749511719e+00 1.841985106468200684e+00 5.544174909591674805e-01
6.468080997467041016e+00 1.849032163619995117e+00 5.120720863342285156e-01
6.427089691162109375e+00 1.856250882148742676e+00 4.667930603027343750e-01
6.383714199066162109e+00 1.863910794258117676e+00 4.165894389152526855e-01
6.347785949707031250e+00 1.870275974273681641e+00 3.728774487972259521e-01
6.297318935394287109e+00 1.879242777824401855e+00 3.088466227054595947e-01
6.269550323486328125e+00 1.884198665618896484e+00 2.714464962482452393e-01
6.242636203765869141e+00 1.889015197753906250e+00 2.339532077312469482e-01
6.182513236999511719e+00 1.899805307388305664e+00 1.473668366670608521e-01
6.145353794097900391e+00 1.906520247459411621e+00 8.965298533439636230e-02
6.126411437988281250e+00 1.909959912300109863e+00 5.875954777002334595e-02
6.087075233459472656e+00 1.917122483253479004e+00 -7.067888975143432617e-03
6.042450904846191406e+00 1.926940560340881348e+00 5.247412249445915222e-02
5.983918666839599609e+00 1.939728260040283203e+00 1.264281272888183594e-01
5.938039779663085938e+00 1.949667096138000488e+00 1.804753690958023071e-01
5.906753540039062500e+00 1.956403732299804688e+00 2.154133170843124390e-01
5.845583438873291016e+00 1.969524145126342773e+00 2.813173532485961914e-01
5.812106609344482422e+00 1.976653337478637695e+00 3.149484395980834961e-01
5.756217479705810547e+00 1.988512516021728516e+00 3.690199255943298340e-01
5.708369255065917969e+00 1.998607635498046875e+00 4.124855995178222656e-01
5.638327598571777344e+00 2.013317823410034180e+00 4.727800190448760986e-01
5.603284835815429688e+00 2.020631790161132812e+00 5.006423592567443848e-01
5.511169910430908203e+00 2.039801836013793945e+00 5.710266828536987305e-01
5.470277786254882812e+00 2.048250436782836914e+00 5.990914106369018555e-01
5.408056735992431641e+00 2.061068058013916016e+00 6.397821307182312012e-01
5.367810726165771484e+00 2.069323539733886719e+00 6.641911864280700684e-01
5.286487102508544922e+00 2.085961341857910156e+00 7.111142873764038086e-01
5.236680030822753906e+00 2.096099853515625000e+00 7.369844913482666016e-01
5.199872970581054688e+00 2.103570461273193359e+00 7.548607587814331055e-01
5.150261402130126953e+00 2.113619089126586914e+00 7.777503728866577148e-01
5.075186729431152344e+00 2.128784418106079102e+00 8.099811673164367676e-01
5.011096477508544922e+00 2.141680479049682617e+00 8.344728350639343262e-01
4.951763153076171875e+00 2.153581857681274414e+00 8.548328280448913574e-01
4.871315479278564453e+00 2.169673442840576172e+00 8.796053528785705566e-01
4.822177886962890625e+00 2.179466724395751953e+00 8.924450874328613281e-01
4.772049903869628906e+00 2.189436435699462891e+00 9.041474461555480957e-01
4.698137760162353516e+00 2.204105854034423828e+00 9.193304181098937988e-01
4.654127120971679688e+00 2.212814807891845703e+00 9.265776872634887695e-01
4.569562435150146484e+00 2.229520320892333984e+00 9.384789466857910156e-01
4.502899646759033203e+00 2.242647647857666016e+00 9.448256492614746094e-01
4.437026500701904297e+00 2.255588531494140625e+00 9.487589597702026367e-01
4.420005798339843750e+00 2.258924722671508789e+00 9.491822123527526855e-01
4.344317913055419922e+00 2.273751497268676758e+00 9.503849148750305176e-01
4.287636756896972656e+00 2.284827232360839844e+00 9.490277171134948730e-01
4.199466228485107422e+00 2.302024841308593750e+00 9.442890882492065430e-01
4.157155990600585938e+00 2.310255050659179688e+00 9.400519132614135742e-01
4.083820819854736328e+00 2.324501991271972656e+00 9.310674667358398438e-01
4.004787921905517578e+00 2.339823007583618164e+00 9.183072447776794434e-01
3.938816308975219727e+00 2.352583646774291992e+00 9.048612117767333984e-01
3.888603925704956055e+00 2.362278461456298828e+00 8.928291797637939453e-01
3.833946228027343750e+00 2.372817516326904297e+00 8.782231211662292480e-01
3.791056394577026367e+00 2.381075859069824219e+00 8.654570579528808594e-01
3.695858240127563477e+00 2.399386405944824219e+00 8.348171114921569824e-01
3.635746717453002930e+00 2.410921096801757812e+00 8.121841549873352051e-01
3.597891807556152344e+00 2.418174505233764648e+00 7.965856194496154785e-01
3.513179540634155273e+00 2.434392213821411133e+00 7.597420215606689453e-01
3.476911544799804688e+00 2.441322088241577148e+00 7.420713901519775391e-01
3.395841598510742188e+00 2.456800460815429688e+00 7.006955146789550781e-01
3.361675739288330078e+00 2.463312149047851562e+00 6.814448833465576172e-01
3.267042636871337891e+00 2.481335878372192383e+00 6.259262561798095703e-01
3.232923030853271484e+00 2.487821817398071289e+00 6.036434173583984375e-01
3.166149616241455078e+00 2.500506877899169922e+00 5.583530068397521973e-01
3.127530097961425781e+00 2.507834434509277344e+00 5.301929712295532227e-01
3.042572975158691406e+00 2.523942947387695312e+00 4.656289219856262207e-01
2.982703208923339844e+00 2.535277843475341797e+00 4.158923029899597168e-01
2.957286357879638672e+00 2.540085315704345703e+00 3.934177458286285400e-01
2.908107757568359375e+00 2.549383878707885742e+00 3.487596213817596436e-01
2.841478347778320312e+00 2.561973571777343750e+00 2.850744426250457764e-01
2.772747516632080078e+00 2.574949741363525391e+00 2.146598994731903076e-01
2.730448007583618164e+00 2.582930088043212891e+00 1.680760532617568970e-01
2.672558546066284180e+00 2.593847990036010742e+00 1.013635322451591492e-01
2.628786087036132812e+00 2.602100372314453125e+00 4.764582216739654541e-02
2.588968038558959961e+00 2.609605789184570312e+00 -3.660328686237335205e-03
2.555960416793823242e+00 2.616788625717163086e+00 3.344726935029029846e-02
2.469057083129882812e+00 2.635630846023559570e+00 1.275983154773712158e-01
2.423693418502807617e+00 2.645379066467285156e+00 1.722123324871063232e-01
2.371970653533935547e+00 2.656447172164916992e+00 2.206449210643768311e-01
2.309361457824707031e+00 2.669784545898437500e+00 2.761008143424987793e-01
2.225178480148315430e+00 2.687626361846923828e+00 3.458229899406433105e-01
2.210049152374267578e+00 2.690812587738037109e+00 3.572662770748138428e-01
2.109249830245971680e+00 2.712018251419067383e+00 4.322836101055145264e-01
2.043395757675170898e+00 2.725777864456176758e+00 4.761638343334197998e-01
2.012477874755859375e+00 2.732211351394653320e+00 4.953070878982543945e-01
1.899327993392944336e+00 2.755713224411010742e+00 5.629631876945495605e-01
1.856718420982360840e+00 2.764506816864013672e+00 5.852589011192321777e-01
1.775666713714599609e+00 2.781196594238281250e+00 6.255223155021667480e-01
1.721902012825012207e+00 2.792222023010253906e+00 6.496058106422424316e-01
1.657505154609680176e+00 2.805393695831298828e+00 6.764462590217590332e-01
1.571956157684326172e+00 2.822839736938476562e+00 7.089995741844177246e-01
1.481323838233947754e+00 2.841252565383911133e+00 7.392565011978149414e-01
1.423115849494934082e+00 2.853032827377319336e+00 7.559089660644531250e-01
1.349036335945129395e+00 2.867990255355834961e+00 7.748926877975463867e-01
1.295008420944213867e+00 2.878867626190185547e+00 7.867266535758972168e-01
1.225732564926147461e+00 2.892786741256713867e+00 8.000535964965820312e-01
1.127563476562500000e+00 2.912461280822753906e+00 8.156297802925109863e-01
1.081444501876831055e+00 2.921672344207763672e+00 8.207795619964599609e-01
9.880341291427612305e-01 2.940299510955810547e+00 8.291740417480468750e-01
9.243014454841613770e-01 2.952969312667846680e+00 8.321105837821960449e-01
8.208979964256286621e-01 2.973483800888061523e+00 8.338088393211364746e-01
7.553157806396484375e-01 2.986453294754028320e+00 8.317452073097229004e-01
7.056490182876586914e-01 2.996256113052368164e+00 8.286755084991455078e-01
6.016645431518554688e-01 3.016750097274780273e+00 8.198558092117309570e-01
5.230988264083862305e-01 3.032188415527343750e+00 8.093964457511901855e-01
4.660535454750061035e-01 3.043373584747314453e+00 7.997016906738281250e-01
3.878794312477111816e-01 3.058678388595581055e+00 7.843061685562133789e-01
2.796835303306579590e-01 3.079817295074462891e+00 7.589554786682128906e-01
2.502906024456024170e-01 3.085544109344482422e+00 7.505225539207458496e-01
1.241611242294311523e-01 3.110100746154785156e+00 7.124948501586914062e-01
9.464071691036224365e-02 3.115830421447753906e+00 7.017170190811157227e-01
1.907985657453536987e-02 3.130486249923706055e+00 6.729689240455627441e-01
-6.314431875944137573e-02 3.146406650543212891e+00 6.384015083312988281e-01
-1.681617796421051025e-01 3.166702508926391602e+00 5.895443558692932129e-01
-2.369008064270019531e-01 3.179956674575805664e+00 5.534698963165283203e-01
-2.994630336761474609e-01 3.192002534866333008e+00 5.180777907371520996e-01
-3.723499774932861328e-01 3.206018686294555664e+00 4.740259945392608643e-01
-4.264621138572692871e-01 3.216409683227539062e+00 4.387821555137634277e-01
-5.158940553665161133e-01 3.233565568923950195e+00 3.772742152214050293e-01
-5.413300395011901855e-01 3.238437175750732422e+00 3.581736087799072266e-01
-6.301037073135375977e-01 3.255432128906250000e+00 2.898252308368682861e-01
-7.097995281219482422e-01 3.270666599273681641e+00 2.229785323143005371e-01
-7.606342434883117676e-01 3.280372381210327148e+00 1.769385933876037598e-01
-8.354325890541076660e-01 3.294643640518188477e+00 1.057645753026008606e-01
-8.648399114608764648e-01 3.300249099731445312e+00 7.566437125205993652e-02
-9.189260005950927734e-01 3.310555696487426758e+00 1.865726709365844727e-02
-1.017792463302612305e+00 3.330863714218139648e+00 1.142950952053070068e-01
-1.098602056503295898e+00 3.347370862960815430e+00 1.847557425498962402e-01
-1.165054082870483398e+00 3.360890388488769531e+00 2.380732595920562744e-01
-1.229986786842346191e+00 3.374060392379760742e+00 2.867499887943267822e-01
-1.330502390861511230e+00 3.394390344619750977e+00 3.572496175765991211e-01
-1.424330592155456543e+00 3.413291454315185547e+00 4.165119528770446777e-01
-1.482867240905761719e+00 3.425042629241943359e+00 4.499630928039550781e-01
-1.539698600769042969e+00 3.436428785324096680e+00 4.804299771785736084e-01
-1.647854328155517578e+00 3.458057403564453125e+00 5.348364710807800293e-01
-1.749821424484252930e+00 3.478380441665649414e+00 5.799953937530517578e-01
-1.798756361007690430e+00 3.488105058670043945e+00 5.990479588508605957e-01
-1.904565572738647461e+00 3.509104728698730469e+00 6.376332044601440430e-01
-2.010451078414916992e+00 3.530062198638916016e+00 6.707595586776733398e-01
-2.058615446090698242e+00 3.539570808410644531e+00 6.834293603897094727e-01
-2.159317016601562500e+00 3.559429883956909180e+00 7.077015042304992676e-01
-2.289843797683715820e+00 3.585114240646362305e+00 7.332665324211120605e-01
-2.352768659591674805e+00 3.597463369369506836e+00 7.420071959495544434e-01
-2.430068254470825195e+00 3.612615585327148438e+00 7.506654858589172363e-01
-2.573412179946899414e+00 3.640674591064453125e+00 7.620342969894409180e-01
-2.627668380737304688e+00 3.651268959045410156e+00 7.630886435508728027e-01
-2.714764833450317383e+00 3.668261528015136719e+00 7.628217339515686035e-01
-2.849614381790161133e+00 3.694536447525024414e+00 7.575508952140808105e-01
-2.966733217239379883e+00 3.717313528060913086e+00 7.464455962181091309e-01
-3.029125928878784180e+00 3.729429960250854492e+00 7.374904155731201172e-01
-3.104995250701904297e+00 3.744153022766113281e+00 7.246117591857910156e-01
-3.227083206176757812e+00 3.767826557159423828e+00 6.999610066413879395e-01
-3.325622320175170898e+00 3.786911487579345703e+00 6.748912334442138672e-01
-3.442273616790771484e+00 3.809486627578735352e+00 6.401481032371520996e-01
-3.537655115127563477e+00 3.827931165695190430e+00 6.067028045654296875e-01
-3.583772659301757812e+00 3.836844921112060547e+00 5.884703993797302246e-01
-3.704464912414550781e+00 3.860169172286987305e+00 5.380685329437255859e-01
-3.804040431976318359e+00 3.879406452178955078e+00 4.905245900154113770e-01
-3.877485990524291992e+00 3.893595218658447266e+00 4.516372978687286377e-01
-3.980773687362670898e+00 3.913551807403564453e+00 3.927951753139495850e-01
-4.044725418090820312e+00 3.925912857055664062e+00 3.525697886943817139e-01
-4.135609626770019531e+00 3.943486928939819336e+00 2.918670773506164551e-01
-4.186072349548339844e+00 3.953252315521240234e+00 2.552263438701629639e-01
-4.287580490112304688e+00 3.972907781600952148e+00 1.780400425195693970e-01
-4.344586849212646484e+00 3.983962059020996094e+00 1.305350959300994873e-01
-4.470235347747802734e+00 4.008352756500244141e+00 2.025614678859710693e-02
-4.525487899780273438e+00 4.019108772277832031e+00 -3.408627957105636597e-02
-4.653225898742675781e+00 4.044181823730468750e+00 8.286387473344802856e-02
-4.688371658325195312e+00 4.051077842712402344e+00 1.112259924411773682e-01
-4.779541969299316406e+00 4.068965435028076172e+00 1.823615878820419312e-01
-4.908318042755126953e+00 4.094226360321044922e+00 2.743811607360839844e-01
-5.062738418579101562e+00 4.124511241912841797e+00 3.717105984687805176e-01
-5.171141624450683594e+00 4.145768165588378906e+00 4.302281439304351807e-01
-5.256508350372314453e+00 4.162507534027099609e+00 4.713797569274902344e-01
-5.331068515777587891e+00 4.177128791809082031e+00 5.041243433952331543e-01
-5.466357707977294922e+00 4.203661441802978516e+00 5.586827993392944336e-01
-5.629728317260742188e+00 4.235708713531494141e+00 6.143909692764282227e-01
-5.732655048370361328e+00 4.255908012390136719e+00 6.421903371810913086e-01
-5.841124057769775391e+00 4.277203559875488281e+00 6.668639183044433594e-01
-5.988858699798583984e+00 4.306222915649414062e+00 6.940199732780456543e-01
-6.089502334594726562e+00 4.326008796691894531e+00 7.066980600357055664e-01
-6.174382686614990234e+00 4.342707633972167969e+00 7.141183018684387207e-01
-6.326238632202148438e+00 4.372602939605712891e+00 7.225130796432495117e-01
-6.422423839569091797e+00 4.391564369201660156e+00 7.223552465438842773e-01
-6.578638553619384766e+00 4.422390937805175781e+00 7.164940237998962402e-01
-6.744568347930908203e+00 4.455195426940917969e+00 7.006019949913024902e-01
-6.824933528900146484e+00 4.471120357513427734e+00 6.878905892372131348e-01
-6.950610160827636719e+00 4.496057033538818359e+00 6.641523838043212891e-01
-7.053511619567871094e+00 4.516520500183105469e+00 6.397029757499694824e-01
-7.172192096710205078e+00 4.540171623229980469e+00 6.066579818725585938e-01
-7.284095764160156250e+00 4.562531471252441406e+00 5.700907707214355469e-01
-7.460190773010253906e+00 4.597817897796630859e+00 5.042460560798645020e-01
-7.571076393127441406e+00 4.620149612426757812e+00 4.541814923286437988e-01
-7.684420108795166016e+00 4.643062114715576172e+00 3.971033096313476562e-01
-7.839865207672119141e+00 4.674622535705566406e+00 3.100867867469787598e-01
-7.926285743713378906e+00 4.692288398742675781e+00 2.545657157897949219e-01
-8.012359619140625000e+00 4.709962368011474609e+00 1.949602812528610229e-01
-8.112224578857421875e+00 4.730569362640380859e+00 1.205063685774803162e-01
-8.236763954162597656e+00 4.756433486938476562e+00 1.941615343093872070e-02
-8.326405525207519531e+00 4.775222778320312500e+00 -6.148991733789443970e-02
-8.459424018859863281e+00 4.802297115325927734e+00 4.858322441577911377e-02
-8.636424064636230469e+00 4.838543891906738281e+00 1.775926947593688965e-01
-8.735891342163085938e+00 4.859058856964111328e+00 2.388221621513366699e-01
-8.853109359741210938e+00 4.883323192596435547e+00 3.043880462646484375e-01
-9.049198150634765625e+00 4.924080371856689453e+00 4.020015001296997070e-01
-9.284774780273437500e+00 4.973363876342773438e+00 4.970638453960418701e-01
-9.415710449218750000e+00 5.000960826873779297e+00 5.365423560142517090e-01
-9.566737174987792969e+00 5.032925605773925781e+00 5.741347670555114746e-01
-9.729743003845214844e+00 5.067593574523925781e+00 6.052151918411254883e-01
-9.962202072143554688e+00 5.117298126220703125e+00 6.354450583457946777e-01
-1.003762149810791016e+01 5.133551597595214844e+00 6.389387249946594238e-01
-1.024267005920410156e+01 5.177863121032714844e+00 6.429523229598999023e-01
-1.045990753173828125e+01 5.225168228149414062e+00 6.315196752548217773e-01
-1.065395069122314453e+01 5.267793655395507812e+00 6.064338684082031250e-01
-1.078372764587402344e+01 5.296547889709472656e+00 5.806116461753845215e-01
-1.103118515014648438e+01 5.351725101470947266e+00 5.195215940475463867e-01
-1.113876342773437500e+01 5.376027107238769531e+00 4.827946722507476807e-01
-1.127276897430419922e+01 5.406497478485107422e+00 4.312048852443695068e-01
-1.150948143005371094e+01 5.460794925689697266e+00 3.266822397708892822e-01
-1.173992156982421875e+01 5.514570236206054688e+00 2.002475708723068237e-01
-1.181483078002929688e+01 5.532405853271484375e+00 1.503259986639022827e-01
-1.196973609924316406e+01 5.569577693939208984e+00 4.043101519346237183e-02
-1.214096450805664062e+01 5.611399650573730469e+00 -9.749034792184829712e-02
-1.231299972534179688e+01 5.652631759643554688e+00 1.916576176881790161e-02
-1.263542747497558594e+01 5.730947971343994141e+00 2.041127085685729980e-01
-1.285981082916259766e+01 5.786632537841796875e+00 2.957988977432250977e-01
-1.312921524047851562e+01 5.854397296905517578e+00 3.794935047626495361e-01
-1.348115348815917969e+01 5.944303989410400391e+00 4.511387348175048828e-01
-1.365433216094970703e+01 5.989435672760009766e+00 4.640213549137115479e-01
-1.414313793182373047e+01 6.118150711059570312e+00 4.704481065273284912e-01
-1.433590316772460938e+01 6.170449733734130859e+00 4.402376413345336914e-01
-1.454673671722412109e+01 6.228443145751953125e+00 3.925725817680358887e-01
-1.481997489929199219e+01 6.304840087890625000e+00 3.092790246009826660e-01
-1.526356983184814453e+01 6.431823253631591797e+00 1.258969604969024658e-01
-1.542273426055908203e+01 6.479493618011474609e+00 2.833953499794006348e-02
-1.579429817199707031e+01 6.593172550201416016e+00 -2.316152453422546387e-01
-1.637842559814453125e+01 6.784827232360839844e+00 -5.289107561111450195e-03
-1.718449401855468750e+01 7.060450553894042969e+00 1.084101647138595581e-01
-1.737841415405273438e+01 7.130485534667968750e+00 7.930272817611694336e-02
-1.833530235290527344e+01 7.481730937957763672e+00 -1.333909183740615845e-01
-1.907243347167968750e+01 7.777171611785888672e+00 -5.829323530197143555e-01
-2.163661766052246094e+01 9.087259292602539062e+00 -9.319590330123901367e-01
-9.918433837890625000e+02 6.997781372070312500e+02 -1.597826416015625000e+03
-3.561234104320000000e+12 3.215412690944000000e+12 -1.646689910784000000e+12
-4.086370708742731519e+25 5.329401329969436755e+25 3.512740148148816919e+25
-8.664551905909040764e+25 1.130021716513743939e+26 7.448252461519548039e+25
-1.329336111452284956e+26 1.733706173721147983e+26 1.142728571701478026e+26
-1.941930069346129608e+26 2.532644620795308467e+26 1.669328697110868282e+26
-2.472073260889757257e+26 3.224051831575475335e+26 2.125052373505370224e+26
-2.821403680632172726e+26 3.679645089489376151e+26 2.425345075606880643e+26
-3.122276348367360574e+26 4.072039802206748042e+26 2.683982262578343839e+26
-3.547548324112423526e+26 4.626674735857039863e+26 3.049555962814864254e+26
-3.995964322842125429e+26 5.211494076835142623e+26 3.435024661002321158e+26
-4.634595398827409270e+26 6.044390028269950598e+26 3.984006774398665423e+26
-5.215366417351095732e+26 6.801825145852671961e+26 4.483250931749066625e+26
-5.501773886253443498e+26 7.175354742340742569e+26 4.729453721942764423e+26
-5.867739210866648767e+26 7.652642847024851714e+26 5.044045971115333013e+26
-6.437661330265705167e+26 8.395929311903037851e+26 5.533964561466711088e+26
-7.027834654243761388e+26 9.165627087076198376e+26 6.041291344200448867e+26
-7.484206364757572746e+26 9.760822352660881285e+26 6.433599357220674324e+26
-7.805330237071760414e+26 1.017962837567322756e+27 6.709644552107056487e+26
-8.297864206797909029e+26 1.082198606289628221e+27 7.133038649305415806e+26
-8.814989162113838374e+26 1.149641452149612533e+27 7.577571239472720374e+26
-9.233028538442481284e+26 1.204161689703176651e+27 7.936927833554078459e+26
-9.595377194412595058e+26 1.251418853819110960e+27 8.248411437415345515e+26
-1.025281251237173694e+27 1.337160943587191442e+27 8.813558432643481461e+26
-1.059057092062183294e+27 1.381211030565446903e+27 9.103903543535803268e+26
-1.101801223346996413e+27 1.436957533878054937e+27 9.471342025130734981e+26
-1.153730652588896172e+27 1.504683352792129954e+27 9.917739950058773060e+26
