2.330008316040039062e+01 -2.151634842157363892e-01 2.455732524394989014e-01
2.310672760009765625e+01 -1.968936175107955933e-01 3.638766109943389893e-01
2.297157859802246094e+01 -1.842184513807296753e-01 4.457438588142395020e-01
2.273585891723632812e+01 -1.622223556041717529e-01 5.874916315078735352e-01
2.258925819396972656e+01 -1.486607789993286133e-01 6.744785308837890625e-01
2.250558471679687500e+01 -1.409602165222167969e-01 7.236938476562500000e-01
2.232669067382812500e+01 -1.245432645082473755e-01 8.283742666244506836e-01
2.211566925048828125e+01 -1.052950546145439148e-01 9.504519701004028320e-01
2.201048278808593750e+01 -9.576673060655593872e-02 1.010445952415466309e+00
2.181955909729003906e+01 -7.852805405855178833e-02 1.118540048599243164e+00
2.170223045349121094e+01 -6.799607723951339722e-02 1.184046149253845215e+00
2.149825477600097656e+01 -4.974818229675292969e-02 1.296914577484130859e+00
2.142181205749511719e+01 -4.294894635677337646e-02 1.338531732559204102e+00
2.119817352294921875e+01 -2.309737168252468109e-02 1.459516286849975586e+00
2.109782218933105469e+01 -1.424148306250572205e-02 1.512766838073730469e+00
2.094098854064941406e+01 -4.346519708633422852e-04 1.595235824584960938e+00
2.079604339599609375e+01 1.227887067943811417e-02 1.670340061187744141e+00
2.068845939636230469e+01 2.168522961437702179e-02 1.725299119949340820e+00
2.046715545654296875e+01 4.099144786596298218e-02 1.837122321128845215e+00
2.043343544006347656e+01 4.392009600996971130e-02 1.853763341903686523e+00
2.025740051269531250e+01 5.920010060071945190e-02 1.940314173698425293e+00
2.014982414245605469e+01 6.850890070199966431e-02 1.992152571678161621e+00
1.999289894104003906e+01 8.206486701965332031e-02 2.066806793212890625e+00
1.988891410827636719e+01 9.102648496627807617e-02 2.115320205688476562e+00
1.973092460632324219e+01 1.046233549714088440e-01 2.188043832778930664e+00
1.962190628051757812e+01 1.139872744679450989e-01 2.237168550491333008e+00
1.945868873596191406e+01 1.279897242784500122e-01 2.309595108032226562e+00
1.938774871826171875e+01 1.340659409761428833e-01 2.340327978134155273e+00
1.921432685852050781e+01 1.489111930131912231e-01 2.414646863937377930e+00
1.911369514465332031e+01 1.575140804052352905e-01 2.456597089767456055e+00
1.898835945129394531e+01 1.682226359844207764e-01 2.507975101470947266e+00
1.886482620239257812e+01 1.787708997726440430e-01 2.557524681091308594e+00
1.871733856201171875e+01 1.913590133190155029e-01 2.615371227264404297e+00
1.858980178833007812e+01 2.022405862808227539e-01 2.664006471633911133e+00
1.851309585571289062e+01 2.087844759225845337e-01 2.692518949508666992e+00
1.834230995178222656e+01 2.233551293611526489e-01 2.754995584487915039e+00
1.824438667297363281e+01 2.317111939191818237e-01 2.789504528045654297e+00
1.816201782226562500e+01 2.387420684099197388e-01 2.817883968353271484e+00
1.807698822021484375e+01 2.460024058818817139e-01 2.846608400344848633e+00
1.792389106750488281e+01 2.590798735618591309e-01 2.897248029708862305e+00
1.780873107910156250e+01 2.689252197742462158e-01 2.933849573135375977e+00
1.774106216430664062e+01 2.747151553630828857e-01 2.954683065414428711e+00
1.756993484497070312e+01 2.893653512001037598e-01 3.006350994110107422e+00
1.750290679931640625e+01 2.951122820377349854e-01 3.025560617446899414e+00
1.741566848754882812e+01 3.025973141193389893e-01 3.050027370452880859e+00
1.727835464477539062e+01 3.143900334835052490e-01 3.087427616119384766e+00
1.718162155151367188e+01 3.227111101150512695e-01 3.112520694732666016e+00
1.705918502807617188e+01 3.332563340663909912e-01 3.143140077590942383e+00
1.699471282958984375e+01 3.388185501098632812e-01 3.158488988876342773e+00
1.690443992614746094e+01 3.466141223907470703e-01 3.179400444030761719e+00
1.676544570922851562e+01 3.586337268352508545e-01 3.210331439971923828e+00
1.669029808044433594e+01 3.651464879512786865e-01 3.225979566574096680e+00
1.659014701843261719e+01 3.738372623920440674e-01 3.246045827865600586e+00
1.644920539855957031e+01 3.860890269279479980e-01 3.272784709930419922e+00
1.638376808166503906e+01 3.917917907238006592e-01 3.284199237823486328e+00
1.624041557312011719e+01 4.043000042438507080e-01 3.308169841766357422e+00
1.616868019104003906e+01 4.105763435363769531e-01 3.319010972976684570e+00
1.606525039672851562e+01 4.196384549140930176e-01 3.333794355392456055e+00
1.599161911010742188e+01 4.261029660701751709e-01 3.343435764312744141e+00
1.590399360656738281e+01 4.338073134422302246e-01 3.354150533676147461e+00
1.581447792053222656e+01 4.416916966438293457e-01 3.364161491394042969e+00
1.567978954315185547e+01 4.535761475563049316e-01 3.377766132354736328e+00
1.558835029602050781e+01 4.616663157939910889e-01 3.385485172271728516e+00
1.551064491271972656e+01 4.685538113117218018e-01 3.391153097152709961e+00
1.539801502227783203e+01 4.785519540309906006e-01 3.398254394531250000e+00
1.530568027496337891e+01 4.867662787437438965e-01 3.402731895446777344e+00
1.524146747589111328e+01 4.924885034561157227e-01 3.405066251754760742e+00
1.513682365417480469e+01 5.018244385719299316e-01 3.407975912094116211e+00
1.502931594848632812e+01 5.114331841468811035e-01 3.409446716308593750e+00
1.499958705902099609e+01 5.140949487686157227e-01 3.409414529800415039e+00
1.491638088226318359e+01 5.215481519699096680e-01 3.408980846405029297e+00
1.479670238494873047e+01 5.322815775871276855e-01 3.406961679458618164e+00
1.471983814239501953e+01 5.391865968704223633e-01 3.404354572296142578e+00
1.465046405792236328e+01 5.454245209693908691e-01 3.401229619979858398e+00
1.456045722961425781e+01 5.535238981246948242e-01 3.396260976791381836e+00
1.446796798706054688e+01 5.618540048599243164e-01 3.389920711517333984e+00
1.439413261413574219e+01 5.685092210769653320e-01 3.383831501007080078e+00
1.429534626007080078e+01 5.774179100990295410e-01 3.374572515487670898e+00
1.422437572479248047e+01 5.838217139244079590e-01 3.366836786270141602e+00
1.410885715484619141e+01 5.942479372024536133e-01 3.352960824966430664e+00
1.402188491821289062e+01 6.021000146865844727e-01 3.340916156768798828e+00
1.393514347076416016e+01 6.099314689636230469e-01 3.327684640884399414e+00
1.384792423248291016e+01 6.178052425384521484e-01 3.313140869140625000e+00
1.382308197021484375e+01 6.200473308563232422e-01 3.308638572692871094e+00
1.373158645629882812e+01 6.283043026924133301e-01 3.291675567626953125e+00
1.361112880706787109e+01 6.391701698303222656e-01 3.267479419708251953e+00
1.358156013488769531e+01 6.418353319168090820e-01 3.260927438735961914e+00
1.346269893646240234e+01 6.525461077690124512e-01 3.233978509902954102e+00
1.341485118865966797e+01 6.568530797958374023e-01 3.222128868103027344e+00
1.331679725646972656e+01 6.656745672225952148e-01 3.197008609771728516e+00
1.321146297454833984e+01 6.751399636268615723e-01 3.168158531188964844e+00
1.315407848358154297e+01 6.802891492843627930e-01 3.151332616806030273e+00
1.309496021270751953e+01 6.855892539024353027e-01 3.133367776870727539e+00
1.299968624114990234e+01 6.941227316856384277e-01 3.103358983993530273e+00
1.296550464630126953e+01 6.971793174743652344e-01 3.091974020004272461e+00
1.283386707305908203e+01 7.089431285858154297e-01 3.047265052795410156e+00
1.279555034637451172e+01 7.123587727546691895e-01 3.033269405364990234e+00
1.268398571014404297e+01 7.222958207130432129e-01 2.991676092147827148e+00
1.262845325469970703e+01 7.272301912307739258e-01 2.969734668731689453e+00
1.257818031311035156e+01 7.316915392875671387e-01 2.949305772781372070e+00
1.248648262023925781e+01 7.398193478584289551e-01 2.911101341247558594e+00
1.242792701721191406e+01 7.449978590011596680e-01 2.885594367980957031e+00
1.234115982055664062e+01 7.526599168777465820e-01 2.846733808517456055e+00
1.226157760620117188e+01 7.596714496612548828e-01 2.809626817703247070e+00
1.220893859863281250e+01 7.642990946769714355e-01 2.784181356430053711e+00
1.215253639221191406e+01 7.692500948905944824e-01 2.756271123886108398e+00
1.204003238677978516e+01 7.791096568107604980e-01 2.699205160140991211e+00
1.200215911865234375e+01 7.824176549911499023e-01 2.679044723510742188e+00
1.194606971740722656e+01 7.873110175132751465e-01 2.648707389831542969e+00
1.184643459320068359e+01 7.959881424903869629e-01 2.593544721603393555e+00
1.178282260894775391e+01 8.015102744102478027e-01 2.556862592697143555e+00
1.170633411407470703e+01 8.081362843513488770e-01 2.511614799499511719e+00
1.168283081054687500e+01 8.101670742034912109e-01 2.497284412384033203e+00
1.159714889526367188e+01 8.175643682479858398e-01 2.444559574127197266e+00
1.153225231170654297e+01 8.231504559516906738e-01 2.403279781341552734e+00
1.143385219573974609e+01 8.316007852554321289e-01 2.339122295379638672e+00
1.139830875396728516e+01 8.346422314643859863e-01 2.315076112747192383e+00
1.132364559173583984e+01 8.410226702690124512e-01 2.263895750045776367e+00
1.128586864471435547e+01 8.442418575286865234e-01 2.237281322479248047e+00
1.117964744567871094e+01 8.532806038856506348e-01 2.161412000656127930e+00
1.115107631683349609e+01 8.557018041610717773e-01 2.140211820602416992e+00
1.104809761047363281e+01 8.644186258316040039e-01 2.063021183013916016e+00
1.099228858947753906e+01 8.691231608390808105e-01 2.019646883010864258e+00
1.093843936920166016e+01 8.736522197723388672e-01 1.976976394653320312e+00
1.086628246307373047e+01 8.797075748443603516e-01 1.918728709220886230e+00
1.080207157135009766e+01 8.850798606872558594e-01 1.865602612495422363e+00
1.074241638183593750e+01 8.900574445724487305e-01 1.815161943435668945e+00
1.068558406829833984e+01 8.947873115539550781e-01 1.766136765480041504e+00
1.061398506164550781e+01 9.007315039634704590e-01 1.703192949295043945e+00
1.057563209533691406e+01 9.039056301116943359e-01 1.668668866157531738e+00
1.050854396820068359e+01 9.094484448432922363e-01 1.607513785362243652e+00
1.042951011657714844e+01 9.159587025642395020e-01 1.533874154090881348e+00
1.039847564697265625e+01 9.185059666633605957e-01 1.504208445549011230e+00
1.032153892517089844e+01 9.248119592666625977e-01 1.429926395416259766e+00
1.027976226806640625e+01 9.282239675521850586e-01 1.388585567474365234e+00
1.021781158447265625e+01 9.332739114761352539e-01 1.326460599899291992e+00
1.016608428955078125e+01 9.374783635139465332e-01 1.273559451103210449e+00
1.011692428588867188e+01 9.414644241333007812e-01 1.222457647323608398e+00
1.002219867706298828e+01 9.491271972656250000e-01 1.122460126876831055e+00
9.989326477050781250e+00 9.517742991447448730e-01 1.086718082427978516e+00
9.940452575683593750e+00 9.557037949562072754e-01 1.033032774925231934e+00
9.867928504943847656e+00 9.615210890769958496e-01 9.521542191505432129e-01
9.836091995239257812e+00 9.640657305717468262e-01 9.158481359481811523e-01
9.761548995971679688e+00 9.700145721435546875e-01 8.300057649612426758e-01
9.705289840698242188e+00 9.744878411293029785e-01 7.637241482734680176e-01
9.667191505432128906e+00 9.775087237358093262e-01 7.180622220039367676e-01
9.579831123352050781e+00 9.844226241111755371e-01 6.121397614479064941e-01
9.541770935058593750e+00 9.874216914176940918e-01 5.647551417350769043e-01
9.504203796386718750e+00 9.903762340545654297e-01 5.174440741539001465e-01
9.425042152404785156e+00 9.965903162956237793e-01 4.166157841682434082e-01
9.394517898559570312e+00 9.989768862724304199e-01 3.768004477024078369e-01
9.324378013610839844e+00 1.004452466964721680e+00 2.844697833061218262e-01
9.276628494262695312e+00 1.008166909217834473e+00 2.202797532081604004e-01
9.244279861450195312e+00 1.010677218437194824e+00 1.761682629585266113e-01
9.195533752441406250e+00 1.014453768730163574e+00 1.090521812438964844e-01
9.123523712158203125e+00 1.020018935203552246e+00 8.454009890556335449e-03
9.070473670959472656e+00 1.024103760719299316e+00 -6.726225465536117554e-02
9.046824455261230469e+00 1.027157664299011230e+00 -2.987584099173545837e-02
9.003438949584960938e+00 1.032722234725952148e+00 3.662796691060066223e-02
8.964653015136718750e+00 1.037638306617736816e+00 9.285925328731536865e-02
8.917837142944335938e+00 1.043514251708984375e+00 1.575229912996292114e-01
8.856761932373046875e+00 1.051095366477966309e+00 2.371802330017089844e-01
8.824929237365722656e+00 1.054994225502014160e+00 2.757578790187835693e-01
8.775039672851562500e+00 1.061065435409545898e+00 3.340018689632415771e-01
8.717372894287109375e+00 1.068015813827514648e+00 3.975134789943695068e-01
8.674335479736328125e+00 1.073148965835571289e+00 4.418421387672424316e-01
8.608247756958007812e+00 1.080973982810974121e+00 5.066179037094116211e-01
8.569065093994140625e+00 1.085564017295837402e+00 5.421849489212036133e-01
8.536111831665039062e+00 1.089401364326477051e+00 5.707687735557556152e-01
8.474632263183593750e+00 1.096525788307189941e+00 6.220885515213012695e-01
8.427884101867675781e+00 1.101895689964294434e+00 6.583685874938964844e-01
8.375384330749511719e+00 1.107887625694274902e+00 6.968863606452941895e-01
8.322364807128906250e+00 1.113896846771240234e+00 7.333589792251586914e-01
8.261734008789062500e+00 1.120722055435180664e+00 7.723761796951293945e-01
8.219852447509765625e+00 1.125401139259338379e+00 7.972831130027770996e-01
8.159928321838378906e+00 1.132062077522277832e+00 8.309716582298278809e-01
8.084933280944824219e+00 1.140339374542236328e+00 8.697418570518493652e-01
8.023475646972656250e+00 1.147064089775085449e+00 8.981586098670959473e-01
8.003782272338867188e+00 1.149204254150390625e+00 9.064149856567382812e-01
7.944234371185302734e+00 1.155661344528198242e+00 9.305754899978637695e-01
7.852480411529541016e+00 1.165546178817749023e+00 9.641030430793762207e-01
7.824476242065429688e+00 1.168533563613891602e+00 9.726421833038330078e-01
7.762509822845458984e+00 1.175124764442443848e+00 9.904229044914245605e-01
7.703643321990966797e+00 1.181346058845520020e+00 1.004997849464416504e+00
7.621152877807617188e+00 1.190011739730834961e+00 1.022389769554138184e+00
7.595616817474365234e+00 1.192672014236450195e+00 1.026478171348571777e+00
7.507007598876953125e+00 1.201879382133483887e+00 1.039291262626647949e+00
7.464568138122558594e+00 1.206250309944152832e+00 1.043160319328308105e+00
7.391177177429199219e+00 1.213777184486389160e+00 1.047990322113037109e+00
7.336943149566650391e+00 1.219298839569091797e+00 1.049191355705261230e+00
7.276135444641113281e+00 1.225456476211547852e+00 1.048581957817077637e+00
7.246376991271972656e+00 1.228451728820800781e+00 1.047210931777954102e+00
7.178577899932861328e+00 1.235255479812622070e+00 1.042889595031738281e+00
7.123725891113281250e+00 1.240722537040710449e+00 1.037180900573730469e+00
7.069942474365234375e+00 1.246053338050842285e+00 1.029818773269653320e+00
6.987559795379638672e+00 1.254173755645751953e+00 1.015873789787292480e+00
6.926803112030029297e+00 1.260111331939697266e+00 1.002545833587646484e+00
6.894428730010986328e+00 1.263254880905151367e+00 9.942296147346496582e-01
6.807661533355712891e+00 1.271650671958923340e+00 9.701843857765197754e-01
6.772330284118652344e+00 1.275037050247192383e+00 9.584501385688781738e-01
6.711009979248046875e+00 1.280890941619873047e+00 9.366797208786010742e-01
6.626223564147949219e+00 1.288928389549255371e+00 9.031544923782348633e-01
6.605961799621582031e+00 1.290830016136169434e+00 8.939806222915649414e-01
6.553162097930908203e+00 1.295773267745971680e+00 8.693290948867797852e-01
6.490826606750488281e+00 1.301571369171142578e+00 8.378984928131103516e-01
6.406529903411865234e+00 1.309350371360778809e+00 7.915699481964111328e-01
6.387451171875000000e+00 1.311091423034667969e+00 7.798666357994079590e-01
6.311942577362060547e+00 1.317963957786560059e+00 7.324107885360717773e-01
6.251199245452880859e+00 1.323433756828308105e+00 6.905248165130615234e-01
6.193301677703857422e+00 1.328600168228149414e+00 6.476032137870788574e-01
6.159933090209960938e+00 1.331550836563110352e+00 6.211368441581726074e-01
6.109539031982421875e+00 1.335982561111450195e+00 5.795931220054626465e-01
6.044128417968750000e+00 1.341685652732849121e+00 5.224712491035461426e-01
6.019646644592285156e+00 1.343795061111450195e+00 4.994494915008544922e-01
5.960193157196044922e+00 1.348893761634826660e+00 4.419613182544708252e-01
5.905470848083496094e+00 1.353531241416931152e+00 3.853676617145538330e-01
5.856169700622558594e+00 1.357660055160522461e+00 3.311038017272949219e-01
5.831804275512695312e+00 1.359677195549011230e+00 3.027202486991882324e-01
5.758935451507568359e+00 1.365672945976257324e+00 2.153801620006561279e-01
5.716825485229492188e+00 1.369070529937744141e+00 1.603988558053970337e-01
5.691113948822021484e+00 1.371118783950805664e+00 1.250646114349365234e-01
5.643543720245361328e+00 1.374876737594604492e+00 5.756129324436187744e-02
5.605608940124511719e+00 1.377823948860168457e+00 3.855675458908081055e-04
5.532301425933837891e+00 1.385164737701416016e+00 8.702421933412551880e-02
5.497330665588378906e+00 1.388603687286376953e+00 1.248957067728042603e-01
5.458392143249511719e+00 1.392401695251464844e+00 1.653882414102554321e-01
5.385681152343750000e+00 1.399430990219116211e+00 2.376801669597625732e-01
5.328326702117919922e+00 1.404887795448303223e+00 2.901028394699096680e-01
5.277472019195556641e+00 1.409668087959289551e+00 3.336141109466552734e-01
5.250300884246826172e+00 1.412195801734924316e+00 3.555358052253723145e-01
5.184803485870361328e+00 1.418256282806396484e+00 4.067453742027282715e-01
5.124146461486816406e+00 1.423797607421875000e+00 4.506497979164123535e-01
5.072812080383300781e+00 1.428433537483215332e+00 4.851990640163421631e-01
5.001660823822021484e+00 1.434798240661621094e+00 5.301676392555236816e-01
4.949762821197509766e+00 1.439380884170532227e+00 5.601404309272766113e-01
4.903154373168945312e+00 1.443458318710327148e+00 5.852882862091064453e-01
4.812676429748535156e+00 1.451308488845825195e+00 6.311163902282714844e-01
4.761720180511474609e+00 1.455660104751586914e+00 6.537682414054870605e-01
4.719890594482421875e+00 1.459200859069824219e+00 6.709631681442260742e-01
4.612490177154541016e+00 1.468226313591003418e+00 7.122287750244140625e-01
4.563516139984130859e+00 1.472266435623168945e+00 7.277574539184570312e-01
4.529298782348632812e+00 1.475065469741821289e+00 7.375956773757934570e-01
4.424089908599853516e+00 1.483620762825012207e+00 7.657047510147094727e-01
4.383871078491210938e+00 1.486832022666931152e+00 7.739754319190979004e-01
4.328735351562500000e+00 1.491203427314758301e+00 7.840458154678344727e-01
4.274025440216064453e+00 1.495499014854431152e+00 7.923301458358764648e-01
4.172994613647460938e+00 1.503354430198669434e+00 8.045300841331481934e-01
4.096129894256591797e+00 1.509222626686096191e+00 8.095037937164306641e-01
4.071709156036376953e+00 1.511060595512390137e+00 8.100529909133911133e-01
3.994326829910278320e+00 1.516857981681823730e+00 8.107589483261108398e-01
3.938329458236694336e+00 1.520991563796997070e+00 8.089010119438171387e-01
3.855513095855712891e+00 1.527037978172302246e+00 8.036175370216369629e-01
3.774681806564331055e+00 1.532841920852661133e+00 7.947910428047180176e-01
3.748031616210937500e+00 1.534723520278930664e+00 7.906920313835144043e-01
3.674239397048950195e+00 1.539903521537780762e+00 7.782478332519531250e-01
3.616297006607055664e+00 1.543905377388000488e+00 7.660819888114929199e-01
3.548317432403564453e+00 1.548538804054260254e+00 7.495734095573425293e-01
3.489052057266235352e+00 1.552513718605041504e+00 7.328622937202453613e-01
3.399203300476074219e+00 1.558452248573303223e+00 7.044079899787902832e-01
3.365674972534179688e+00 1.560617327690124512e+00 6.919869780540466309e-01
3.267772912979125977e+00 1.566881775856018066e+00 6.537007093429565430e-01
3.234530210494995117e+00 1.568950295448303223e+00 6.386576890945434570e-01
3.166087627410888672e+00 1.573166251182556152e+00 6.062061786651611328e-01
3.100635290145874023e+00 1.577111482620239258e+00 5.721940398216247559e-01
3.037941217422485352e+00 1.580807685852050781e+00 5.367842316627502441e-01
2.987698793411254883e+00 1.583703279495239258e+00 5.061477422714233398e-01
2.913060188293457031e+00 1.587922096252441406e+00 4.578383862972259521e-01
2.835406780242919922e+00 1.592177510261535645e+00 4.030725657939910889e-01
2.797903060913085938e+00 1.594161033630371094e+00 3.742208778858184814e-01
2.760534286499023438e+00 1.596100687980651855e+00 3.442501425743103027e-01
2.689148902893066406e+00 1.599733233451843262e+00 2.845863997936248779e-01
2.632294178009033203e+00 1.602510452270507812e+00 2.332217991352081299e-01
2.583389043807983398e+00 1.604813933372497559e+00 1.862114816904067993e-01
2.529791116714477539e+00 1.607252597808837891e+00 1.318511664867401123e-01
2.481876611709594727e+00 1.609343051910400391e+00 8.029267191886901855e-02
2.400228977203369141e+00 1.612758755683898926e+00 -1.240336149930953979e-02
2.367966890335083008e+00 1.614001035690307617e+00 -5.258123204112052917e-02
2.310406684875488281e+00 1.617247819900512695e+00 7.128734141588211060e-03
2.257023811340332031e+00 1.620194315910339355e+00 5.903224647045135498e-02
2.188175201416015625e+00 1.623920798301696777e+00 1.221133247017860413e-01
2.136471271514892578e+00 1.626651287078857422e+00 1.659982502460479736e-01
2.061203002929687500e+00 1.630554914474487305e+00 2.263312935829162598e-01
2.028163194656372070e+00 1.632224559783935547e+00 2.506753206253051758e-01
1.967159986495971680e+00 1.635272979736328125e+00 2.939882874488830566e-01
1.874517440795898438e+00 1.639807820320129395e+00 3.553419411182403564e-01
1.799057960510253906e+00 1.643388509750366211e+00 4.001459181308746338e-01
1.735163688659667969e+00 1.646344780921936035e+00 4.347394108772277832e-01
1.681653857231140137e+00 1.648768067359924316e+00 4.614487290382385254e-01
1.634583353996276855e+00 1.650861620903015137e+00 4.833368062973022461e-01
1.558752059936523438e+00 1.654180884361267090e+00 5.163847208023071289e-01
1.473433256149291992e+00 1.657819747924804688e+00 5.496656298637390137e-01
1.387153625488281250e+00 1.661392092704772949e+00 5.790401697158813477e-01
1.335674047470092773e+00 1.663459300994873047e+00 5.940718650817871094e-01
1.251078367233276367e+00 1.666793465614318848e+00 6.163914799690246582e-01
1.199148416519165039e+00 1.668776988983154297e+00 6.277350783348083496e-01
1.126731157302856445e+00 1.671488761901855469e+00 6.415758728981018066e-01
1.020024895668029785e+00 1.675373077392578125e+00 6.579592823982238770e-01
9.643115997314453125e-01 1.677315115928649902e+00 6.634762287139892578e-01
8.604935407638549805e-01 1.680849313735961914e+00 6.708401441574096680e-01
8.300577998161315918e-01 1.681838870048522949e+00 6.714169979095458984e-01
7.420564889907836914e-01 1.684659719467163086e+00 6.717501878738403320e-01
6.832641363143920898e-01 1.686466097831726074e+00 6.693980097770690918e-01
6.051958799362182617e-01 1.688794136047363281e+00 6.639887690544128418e-01
5.084744691848754883e-01 1.691560506820678711e+00 6.535152792930603027e-01
4.187147319316864014e-01 1.693989157676696777e+00 6.394284367561340332e-01
3.910309970378875732e-01 1.694697260856628418e+00 6.338181495666503906e-01
3.174809813499450684e-01 1.696544170379638672e+00 6.178622245788574219e-01
1.963076889514923096e-01 1.699433922767639160e+00 5.869369506835937500e-01
1.363064795732498169e-01 1.700735807418823242e+00 5.677585601806640625e-01
8.857820928096771240e-02 1.701717972755432129e+00 5.509329438209533691e-01
1.149165630340576172e-02 1.703233718872070312e+00 5.216997861862182617e-01
-8.128473162651062012e-02 1.704916715621948242e+00 4.824276268482208252e-01
-1.464562118053436279e-01 1.705973982810974121e+00 4.512590765953063965e-01
-2.109777629375457764e-01 1.706928968429565430e+00 4.178050756454467773e-01
-2.937464118003845215e-01 1.708032369613647461e+00 3.714727461338043213e-01
-3.316073417663574219e-01 1.708462119102478027e+00 3.481869697570800781e-01
-3.933612704277038574e-01 1.709103941917419434e+00 3.085723221302032471e-01
-4.700714647769927979e-01 1.709776997566223145e+00 2.559434473514556885e-01
-5.142164230346679688e-01 1.710070371627807617e+00 2.230835258960723877e-01
-6.041368246078491211e-01 1.710550546646118164e+00 1.529598087072372437e-01
-6.596615910530090332e-01 1.710690736770629883e+00 1.054262667894363403e-01
-7.097095847129821777e-01 1.710722208023071289e+00 6.003213301301002502e-02
-8.060334920883178711e-01 1.710607647895812988e+00 -3.202623501420021057e-02
-8.375371098518371582e-01 1.710779190063476562e+00 -6.756545975804328918e-03
-9.359177350997924805e-01 1.711272239685058594e+00 6.948625296354293823e-02
-1.007870912551879883e+00 1.711538434028625488e+00 1.194626390933990479e-01
-1.042387485504150391e+00 1.711633801460266113e+00 1.415718346834182739e-01
-1.139216303825378418e+00 1.711858272552490234e+00 2.012091130018234253e-01
-1.217846989631652832e+00 1.711944580078125000e+00 2.444249838590621948e-01
-1.315793633460998535e+00 1.711956262588500977e+00 2.933151721954345703e-01
-1.382112860679626465e+00 1.711884498596191406e+00 3.224662542343139648e-01
-1.425868988037109375e+00 1.711801767349243164e+00 3.400188386440277100e-01
-1.530254125595092773e+00 1.711548447608947754e+00 3.793239593505859375e-01
-1.601648092269897461e+00 1.711285114288330078e+00 4.021338820457458496e-01
-1.674914717674255371e+00 1.710951328277587891e+00 4.227906465530395508e-01
-1.764135599136352539e+00 1.710465192794799805e+00 4.445925951004028320e-01
-1.884577512741088867e+00 1.709677696228027344e+00 4.686422049999237061e-01
-1.953728795051574707e+00 1.709123253822326660e+00 4.783842861652374268e-01
-2.025504112243652344e+00 1.708485603332519531e+00 4.861227571964263916e-01
-2.129270792007446289e+00 1.707469463348388672e+00 4.937863051891326904e-01
-2.230857372283935547e+00 1.706339597702026367e+00 4.963476657867431641e-01
-2.313147068023681641e+00 1.705314755439758301e+00 4.945308268070220947e-01
-2.341814041137695312e+00 1.704926013946533203e+00 4.928011894226074219e-01
-2.442878723144531250e+00 1.703515768051147461e+00 4.853535592555999756e-01
-2.526616334915161133e+00 1.702229857444763184e+00 4.752308428287506104e-01
-2.627744197845458984e+00 1.700555443763732910e+00 4.590163230895996094e-01
-2.680977344512939453e+00 1.699594378471374512e+00 4.479136765003204346e-01
-2.821167707443237305e+00 1.696949005126953125e+00 4.150571227073669434e-01
-2.895386934280395508e+00 1.695384263992309570e+00 3.925291001796722412e-01
-2.934643030166625977e+00 1.694507837295532227e+00 3.791263997554779053e-01
-3.025914192199707031e+00 1.692407846450805664e+00 3.460956811904907227e-01
-3.100467681884765625e+00 1.690571308135986328e+00 3.154918849468231201e-01
-3.203138113021850586e+00 1.687898516654968262e+00 2.691207528114318848e-01
-3.309237241744995117e+00 1.684921741485595703e+00 2.149460017681121826e-01
-3.372231483459472656e+00 1.683012962341308594e+00 1.787225157022476196e-01
-3.447267532348632812e+00 1.680631875991821289e+00 1.325353980064392090e-01
-3.491158485412597656e+00 1.679160237312316895e+00 1.033021658658981323e-01
-3.616628408432006836e+00 1.674813508987426758e+00 1.584036648273468018e-02
-3.653213500976562500e+00 1.673422217369079590e+00 -1.309566199779510498e-02
-3.774525165557861328e+00 1.668366909027099609e+00 7.747988402843475342e-02
-3.828863859176635742e+00 1.666058778762817383e+00 1.129941046237945557e-01
-3.919687271118164062e+00 1.662166237831115723e+00 1.689031869173049927e-01
-4.012706756591796875e+00 1.658119797706604004e+00 2.205659747123718262e-01
-4.079574584960937500e+00 1.655166029930114746e+00 2.538522183895111084e-01
-4.210042953491210938e+00 1.649337768554687500e+00 3.136875033378601074e-01
-4.312174797058105469e+00 1.644675970077514648e+00 3.531094193458557129e-01
-4.355725765228271484e+00 1.642653703689575195e+00 3.675921857357025146e-01
-4.429275035858154297e+00 1.639212846755981445e+00 3.904335796833038330e-01
-4.565517425537109375e+00 1.632758378982543945e+00 4.277895092964172363e-01
-4.668213844299316406e+00 1.627779603004455566e+00 4.492511749267578125e-01
-4.725026130676269531e+00 1.624976038932800293e+00 4.584293067455291748e-01
-4.871903896331787109e+00 1.617655277252197266e+00 4.783772826194763184e-01
-4.941279888153076172e+00 1.614107847213745117e+00 4.832571744918823242e-01
-5.094587326049804688e+00 1.606170535087585449e+00 4.893707633018493652e-01
-5.180849075317382812e+00 1.601580142974853516e+00 4.870504438877105713e-01
-5.224489688873291016e+00 1.599220395088195801e+00 4.842405617237091064e-01
-5.395870208740234375e+00 1.589877128601074219e+00 4.699465632438659668e-01
-5.438035964965820312e+00 1.587503075599670410e+00 4.632678627967834473e-01
-5.583928585052490234e+00 1.579220175743103027e+00 4.374244213104248047e-01
-5.671237945556640625e+00 1.574118018150329590e+00 4.162296950817108154e-01
-5.761799335479736328e+00 1.568729519844055176e+00 3.905886411666870117e-01
-5.891271591186523438e+00 1.560876488685607910e+00 3.483743369579315186e-01
-5.962985515594482422e+00 1.556402087211608887e+00 3.204443454742431641e-01
-6.078712463378906250e+00 1.549062252044677734e+00 2.711281180381774902e-01
-6.171072959899902344e+00 1.543042421340942383e+00 2.260903716087341309e-01
-6.252808570861816406e+00 1.537591695785522461e+00 1.819946020841598511e-01
-6.331446647644042969e+00 1.532235264778137207e+00 1.357681751251220703e-01
-6.393585205078125000e+00 1.527911543846130371e+00 9.619481861591339111e-02
-6.486716270446777344e+00 1.521316409111022949e+00 3.308096528053283691e-02
-6.600271224975585938e+00 1.513050913810729980e+00 -5.122674256563186646e-02
-6.686349391937255859e+00 1.505916118621826172e+00 4.120562225580215454e-03
-6.781030178070068359e+00 1.498057484626770020e+00 5.966137349605560303e-02
-6.953839302062988281e+00 1.483684659004211426e+00 1.510408818721771240e-01
-7.055880069732666016e+00 1.475158572196960449e+00 1.950923353433609009e-01
-7.130838394165039062e+00 1.468872666358947754e+00 2.235163450241088867e-01
-7.286573886871337891e+00 1.455774068832397461e+00 2.768301963806152344e-01
-7.328055381774902344e+00 1.452262401580810547e+00 2.879897058010101318e-01
-7.450159072875976562e+00 1.441905379295349121e+00 3.185528516769409180e-01
-7.651243686676025391e+00 1.424748659133911133e+00 3.580401837825775146e-01
-7.748040676116943359e+00 1.416404485702514648e+00 3.687757253646850586e-01
-7.878107070922851562e+00 1.405130028724670410e+00 3.780040144920349121e-01
-8.008261680603027344e+00 1.393760085105895996e+00 3.803353905677795410e-01
-8.054909706115722656e+00 1.389651417732238770e+00 3.787140846252441406e-01
-8.244440078735351562e+00 1.372905731201171875e+00 3.685481548309326172e-01
-8.332514762878417969e+00 1.365023255348205566e+00 3.570569753646850586e-01
-8.501397132873535156e+00 1.349810004234313965e+00 3.289043307304382324e-01
-8.581869125366210938e+00 1.342466473579406738e+00 3.098083436489105225e-01
-8.740899085998535156e+00 1.327857017517089844e+00 2.665591835975646973e-01
-8.874241828918457031e+00 1.315438389778137207e+00 2.209103405475616455e-01
-8.939725875854492188e+00 1.309263348579406738e+00 1.944311857223510742e-01
-9.069763183593750000e+00 1.296920657157897949e+00 1.377052664756774902e-01
-9.191678047180175781e+00 1.285191297531127930e+00 7.649921625852584839e-02
-9.318515777587890625e+00 1.272819757461547852e+00 4.454113543033599854e-03
-9.442654609680175781e+00 1.260522365570068359e+00 -7.524733245372772217e-02
-9.509341239929199219e+00 1.253112196922302246e+00 -3.766134008765220642e-02
-9.727083206176757812e+00 1.228980779647827148e+00 7.653635740280151367e-02
-9.853122711181640625e+00 1.215114951133728027e+00 1.277944296598434448e-01
-9.924647331237792969e+00 1.207267999649047852e+00 1.525041460990905762e-01
-1.009738254547119141e+01 1.188339471817016602e+00 2.064674794673919678e-01
-1.024007701873779297e+01 1.172739982604980469e+00 2.401254177093505859e-01
-1.038398170471191406e+01 1.157026648521423340e+00 2.654354572296142578e-01
-1.060239887237548828e+01 1.133192420005798340e+00 2.910867929458618164e-01
-1.068812561035156250e+01 1.123840093612670898e+00 2.937744557857513428e-01
-1.091615867614746094e+01 1.098956108093261719e+00 2.933333218097686768e-01
-1.110623264312744141e+01 1.078192591667175293e+00 2.762317061424255371e-01
-1.120703220367431641e+01 1.067163586616516113e+00 2.596960365772247314e-01
-1.138305282592773438e+01 1.047882556915283203e+00 2.237604409456253052e-01
-1.149766826629638672e+01 1.035299777984619141e+00 1.921504139900207520e-01
-1.172677516937255859e+01 1.010103940963745117e+00 1.178482994437217712e-01
-1.190314102172851562e+01 9.906330108642578125e-01 4.271377623081207275e-02
-1.203179264068603516e+01 9.763782024383544922e-01 -2.308464050292968750e-02
-1.213242340087890625e+01 9.641150236129760742e-01 2.301408350467681885e-02
-1.236867618560791016e+01 9.355669021606445312e-01 1.188509687781333923e-01
-1.255012512207031250e+01 9.140288233757019043e-01 1.719204336404800415e-01
-1.283797454833984375e+01 8.802561759948730469e-01 2.333464473485946655e-01
-1.308488464355468750e+01 8.517634868621826172e-01 2.571227550506591797e-01
-1.335749053955078125e+01 8.207038640975952148e-01 2.573369741439819336e-01
-1.350003337860107422e+01 8.046792745590209961e-01 2.426703572273254395e-01
-1.375273132324218750e+01 7.764671444892883301e-01 2.028127759695053101e-01
-1.388337802886962891e+01 7.620639801025390625e-01 1.692334264516830444e-01
-1.411645889282226562e+01 7.365440726280212402e-01 9.678663313388824463e-02
-1.434962463378906250e+01 7.113476395606994629e-01 8.267462253570556641e-04
-1.453263187408447266e+01 6.918638348579406738e-01 -9.472753107547760010e-02
-1.496348667144775391e+01 6.402365565299987793e-01 8.052082359790802002e-02
-1.549028968811035156e+01 5.811765193939208984e-01 1.905935108661651611e-01
-1.578735923767089844e+01 5.501227974891662598e-01 1.918835937976837158e-01
-1.611293601989746094e+01 5.173814892768859863e-01 1.575704663991928101e-01
-1.652334785461425781e+01 4.779420495033264160e-01 6.424073129892349243e-02
-1.679996681213378906e+01 4.530559182167053223e-01 -4.396722465753555298e-02
-1.760994148254394531e+01 3.847053349018096924e-01 1.245574727654457092e-01
-1.867169380187988281e+01 3.130906522274017334e-01 9.207531809806823730e-03
-1.963974571228027344e+01 2.689672112464904785e-01 -4.914783239364624023e-01
-2.650389480590820312e+01 4.502588510513305664e-01 -3.499431610107421875e+00
-1.468142773437500000e+04 2.786133789062500000e+03 -1.428578906250000000e+04
-6.995807228972236800e+16 2.361659278911078400e+16 -3.512180515274752000e+16
-2.540283599629572637e+33 1.439386617543182172e+33 1.893204139742344102e+33
-1.219520234264837388e+34 6.910098357308360574e+33 9.088751508326779891e+33
-1.578933594162632557e+34 8.946621755506366453e+33 1.176736036155103217e+34
-2.365409032933019642e+34 1.340298368669668372e+34 1.762874771809909713e+34
-2.735406780166704812e+34 1.549948218494796806e+34 2.038624058650669241e+34
-3.442268314306586235e+34 1.950473195715247668e+34 2.565428699604539246e+34
-4.032700102223630501e+34 2.285026367538117759e+34 3.005461419032747663e+34
-4.665470182248258344e+34 2.643569208000287448e+34 3.477047496946285423e+34
-5.685725398089524496e+34 3.221670617950033612e+34 4.237415770640175267e+34
-6.029491938654776029e+34 3.416457264487486057e+34 4.493615879762551855e+34
-6.576204883732425662e+34 3.726238389566228188e+34 4.901066512532784777e+34
-7.195168961262927230e+34 4.076958439332145703e+34 5.362363575603806028e+34
-8.078745693246773116e+34 4.577614568012206334e+34 6.020869438693145498e+34
-8.733145061637795123e+34 4.948413262451309145e+34 6.508575229034233910e+34
-9.495690376684772237e+34 5.380489988835038280e+34 7.076879333925067717e+34
-9.948523891295207200e+34 5.637076335249671907e+34 7.414363576378953803e+34
-1.049569735006747099e+35 5.947117922912679683e+34 7.822156870952060918e+34
-1.100835605019242696e+35 6.237603029011072735e+34 8.204227257036864974e+34
-1.154632517718459609e+35 6.542429422876579061e+34 8.605160878264283940e+34
-1.260155517019176852e+35 7.140348519739229164e+34 9.391595465013374608e+34
-1.318646500276957642e+35 7.471772302936789742e+34 9.827512776574982707e+34
-1.382107565204461377e+35 7.831358231676061293e+34 1.030047123481607224e+35
-1.421362346744591357e+35 8.053785355822669851e+34 1.059302617666015045e+35
-1.486250013773367564e+35 8.421454537842459221e+34 1.107661606395862283e+35
-1.570834099108799313e+35 8.900728470987967050e+34 1.170699791005946131e+35
-1.629094924554476165e+35 9.230848455736152265e+34 1.214119993190263559e+35
-1.690300957906417651e+35 9.577656862565935835e+34 1.259735211617038680e+35
-1.748653886091017335e+35 9.908298762834683767e+34 1.303224045197134089e+35
-1.802358696051311417e+35 1.021260423153165880e+35 1.343248825441699576e+35
-1.884273683626840744e+35 1.067675449880522500e+35 1.404297788961456532e+35
-1.928222337655128314e+35 1.092577851710787210e+35 1.437051602661681695e+35
-2.010137325230657641e+35 1.138992878438143829e+35 1.498100566181438652e+35
-2.045848627202337149e+35 1.159227751144286941e+35 1.524715187638839757e+35
-2.129098213175419258e+35 1.206398911647639071e+35 1.586758761703760159e+35
-2.180502039225892818e+35 1.235525660067961212e+35 1.625068747405907537e+35
-2.267341057101683673e+35 1.284730805573460793e+35 1.689787559413325218e+35
-2.314833388768828002e+35 1.311641047112243247e+35 1.725182146805353954e+35
-2.383264535366054681e+35 1.350415805022739928e+35 1.776182107297411051e+35
-2.419113892410915295e+35 1.370728915539365875e+35 1.802899626330877556e+35
-2.503007603345238373e+35 1.418265218836705621e+35 1.865423323060634401e+35
-2.580504630508566035e+35 1.462176932734220916e+35 1.923179861251907961e+35
-2.647601178708239932e+35 1.500195556868722087e+35 1.973185112163598469e+35
-2.703745027651535641e+35 1.532008040963074646e+35 2.015027683561850607e+35
-2.751605374133558727e+35 1.559126949674879043e+35 2.050696796536991269e+35
-2.818794025072155456e+35 1.597197666326233343e+35 2.100770579809256616e+35
