2.330130004882812500e+01 -2.160003185272216797e-01 2.441871613264083862e-01
2.310567092895507812e+01 -1.962936669588088989e-01 3.649004101753234863e-01
2.296913337707519531e+01 -1.826031059026718140e-01 4.484186768531799316e-01
2.273123168945312500e+01 -1.588215082883834839e-01 5.930080413818359375e-01
2.258353042602539062e+01 -1.441328227519989014e-01 6.817225217819213867e-01
2.249931716918945312e+01 -1.357826441526412964e-01 7.319110631942749023e-01
2.231937408447265625e+01 -1.179688051342964172e-01 8.386575579643249512e-01
2.210738372802734375e+01 -9.705202281475067139e-02 9.631361961364746094e-01
2.200186920166015625e+01 -8.667909353971481323e-02 1.024307250976562500e+00
2.181048393249511719e+01 -6.789518147706985474e-02 1.134521722793579102e+00
2.169302368164062500e+01 -5.639958381652832031e-02 1.201313734054565430e+00
2.148897552490234375e+01 -3.646086901426315308e-02 1.316401124000549316e+00
2.141260719299316406e+01 -2.901750430464744568e-02 1.358839631080627441e+00
2.118929481506347656e+01 -7.269630208611488342e-03 1.482217431068420410e+00
2.108923149108886719e+01 2.453173510730266571e-03 1.536529421806335449e+00
2.093294525146484375e+01 1.762643642723560333e-02 1.620650053024291992e+00
2.078864479064941406e+01 3.161994740366935730e-02 1.697270870208740234e+00
2.068163299560546875e+01 4.198844358325004578e-02 1.753349661827087402e+00
2.046164321899414062e+01 6.329268217086791992e-02 1.867468476295471191e+00
2.042816734313964844e+01 6.653183698654174805e-02 1.884456992149353027e+00
2.025343894958496094e+01 8.343780785799026489e-02 1.972820878028869629e+00
2.014676856994628906e+01 9.375628083944320679e-02 2.025763273239135742e+00
1.999125671386718750e+01 1.087997108697891235e-01 2.102025270462036133e+00
1.988829803466796875e+01 1.187614053487777710e-01 2.151602268218994141e+00
1.973195457458496094e+01 1.338925510644912720e-01 2.225940465927124023e+00
1.962416267395019531e+01 1.443310379981994629e-01 2.276178598403930664e+00
1.946287345886230469e+01 1.599589586257934570e-01 2.350272178649902344e+00
1.939282989501953125e+01 1.667527556419372559e-01 2.381730079650878906e+00
1.922166252136230469e+01 1.833642125129699707e-01 2.457822084426879883e+00
1.912242698669433594e+01 1.930092871189117432e-01 2.500802993774414062e+00
1.899888992309570312e+01 2.050286382436752319e-01 2.553466796875000000e+00
1.887720298767089844e+01 2.168847769498825073e-01 2.604286193847656250e+00
1.873200607299804688e+01 2.310534566640853882e-01 2.663652420043945312e+00
1.860653686523437500e+01 2.433218955993652344e-01 2.713606357574462891e+00
1.853112030029296875e+01 2.507105469703674316e-01 2.742914676666259766e+00
1.836326026916503906e+01 2.671765685081481934e-01 2.807167053222656250e+00
1.826708793640136719e+01 2.766382098197937012e-01 2.842699527740478516e+00
1.818622589111328125e+01 2.846083045005798340e-01 2.871942520141601562e+00
1.810278129577636719e+01 2.928463816642761230e-01 2.901561021804809570e+00
1.795259475708007812e+01 3.076995611190795898e-01 2.953815698623657227e+00
1.783969688415527344e+01 3.189017772674560547e-01 2.991638898849487305e+00
1.777338790893554688e+01 3.254985511302947998e-01 3.013193607330322266e+00
1.760574531555175781e+01 3.422035574913024902e-01 3.066690683364868164e+00
1.754012870788574219e+01 3.487698435783386230e-01 3.086621761322021484e+00
1.745474815368652344e+01 3.573288023471832275e-01 3.112030506134033203e+00
1.732040405273437500e+01 3.708274960517883301e-01 3.150919437408447266e+00
1.722581291198730469e+01 3.803680241107940674e-01 3.177067518234252930e+00
1.710613059997558594e+01 3.924727439880371094e-01 3.209028244018554688e+00
1.704313850402832031e+01 3.988670408725738525e-01 3.225087642669677734e+00
1.695495605468750000e+01 4.078358411788940430e-01 3.246996641159057617e+00
1.681922340393066406e+01 4.216796755790710449e-01 3.279470443725585938e+00
1.674587631225585938e+01 4.291938245296478271e-01 3.295958042144775391e+00
1.664814949035644531e+01 4.392302632331848145e-01 3.317147016525268555e+00
1.651066589355468750e+01 4.533969461917877197e-01 3.345473051071166992e+00
1.644686508178710938e+01 4.600028991699218750e-01 3.357629299163818359e+00
1.630712509155273438e+01 4.745043516159057617e-01 3.383229494094848633e+00
1.623723030090332031e+01 4.817944765090942383e-01 3.394891262054443359e+00
1.613647651672363281e+01 4.923303723335266113e-01 3.410861253738403320e+00
1.606477355957031250e+01 4.998566806316375732e-01 3.421351194381713867e+00
1.597946166992187500e+01 5.088354945182800293e-01 3.433078527450561523e+00
1.589233303070068359e+01 5.180352330207824707e-01 3.444127321243286133e+00
1.576127147674560547e+01 5.319197177886962891e-01 3.459298372268676758e+00
1.567232894897460938e+01 5.413895845413208008e-01 3.468085765838623047e+00
1.559676551818847656e+01 5.494624376296997070e-01 3.474663972854614258e+00
1.548726463317871094e+01 5.611948966979980469e-01 3.483087539672851562e+00
1.539752292633056641e+01 5.708506107330322266e-01 3.488652229309082031e+00
1.533512973785400391e+01 5.775865912437438965e-01 3.491744041442871094e+00
1.523346900939941406e+01 5.885876417160034180e-01 3.495889186859130859e+00
1.512905597686767578e+01 5.999293327331542969e-01 3.498631238937377930e+00
1.510019111633300781e+01 6.030767560005187988e-01 3.498950958251953125e+00
1.501940917968750000e+01 6.118941903114318848e-01 3.499502182006835938e+00
1.490324401855468750e+01 6.246101856231689453e-01 3.498899698257446289e+00
1.482865905761718750e+01 6.328076720237731934e-01 3.497202157974243164e+00
1.476135635375976562e+01 6.402233242988586426e-01 3.494897842407226562e+00
1.467405223846435547e+01 6.498638391494750977e-01 3.490992546081542969e+00
1.458436107635498047e+01 6.597952842712402344e-01 3.485743284225463867e+00
1.451277732849121094e+01 6.677435040473937988e-01 3.480523109436035156e+00
1.441702175140380859e+01 6.783977746963500977e-01 3.472424030303955078e+00
1.434824562072753906e+01 6.860707402229309082e-01 3.465518712997436523e+00
1.423631954193115234e+01 6.985803842544555664e-01 3.452990055084228516e+00
1.415207767486572266e+01 7.080225944519042969e-01 3.441954374313354492e+00
1.406807804107666016e+01 7.174561023712158203e-01 3.429724216461181641e+00
1.398363590240478516e+01 7.269567847251892090e-01 3.416182279586791992e+00
1.395958995819091797e+01 7.296668291091918945e-01 3.411963701248168945e+00
1.387103271484375000e+01 7.396519780158996582e-01 3.396043539047241211e+00
1.375447273254394531e+01 7.528159022331237793e-01 3.373211145401000977e+00
1.372587013244628906e+01 7.560524940490722656e-01 3.366990804672241211e+00
1.361090087890625000e+01 7.690673470497131348e-01 3.341371297836303711e+00
1.356463527679443359e+01 7.743132114410400391e-01 3.330051183700561523e+00
1.346983623504638672e+01 7.850679755210876465e-01 3.306011199951171875e+00
1.336802673339843750e+01 7.966303825378417969e-01 3.278310775756835938e+00
1.331257915496826172e+01 8.029335141181945801e-01 3.262104511260986328e+00
1.325546646118164062e+01 8.094287514686584473e-01 3.244774103164672852e+00
1.316343975067138672e+01 8.198986649513244629e-01 3.215781450271606445e+00
1.313043308258056641e+01 8.236559033393859863e-01 3.204757213592529297e+00
1.300333213806152344e+01 8.381261825561523438e-01 3.161432266235351562e+00
1.296635055541992188e+01 8.423386216163635254e-01 3.147833347320556641e+00
1.285868740081787109e+01 8.546029925346374512e-01 3.107389926910400391e+00
1.280511665344238281e+01 8.607064485549926758e-01 3.086013317108154297e+00
1.275662803649902344e+01 8.662308454513549805e-01 3.066092252731323242e+00
1.266820049285888672e+01 8.763052225112915039e-01 3.028808355331420898e+00
1.261175060272216797e+01 8.827356100082397461e-01 3.003882646560668945e+00
1.252812004089355469e+01 8.922608494758605957e-01 2.965877294540405273e+00
1.245143890380859375e+01 9.009922146797180176e-01 2.929546117782592773e+00
1.240073299407958984e+01 9.067639708518981934e-01 2.904608726501464844e+00
1.234641361236572266e+01 9.129454493522644043e-01 2.877239465713500977e+00
1.223808574676513672e+01 9.252691864967346191e-01 2.821244955062866211e+00
1.220163440704345703e+01 9.294131398200988770e-01 2.801440238952636719e+00
1.214765834808349609e+01 9.355477690696716309e-01 2.771627426147460938e+00
1.205179882049560547e+01 9.464380741119384766e-01 2.717389822006225586e+00
1.199062252044677734e+01 9.533825516700744629e-01 2.681291103363037109e+00
1.191708183288574219e+01 9.617257714271545410e-01 2.636739730834960938e+00
1.189449214935302734e+01 9.642868041992187500e-01 2.622621536254882812e+00
1.181214714050292969e+01 9.736199975013732910e-01 2.570667982101440430e+00
1.174980163574218750e+01 9.806802272796630859e-01 2.529966831207275391e+00
1.165529727935791016e+01 9.913746714591979980e-01 2.466680526733398438e+00
1.162117576599121094e+01 9.952316284179687500e-01 2.442945718765258789e+00
1.154951381683349609e+01 1.003328680992126465e+00 2.392417192459106445e+00
1.151326847076416016e+01 1.007420301437377930e+00 2.366130113601684570e+00
1.141137218475341797e+01 1.018917679786682129e+00 2.291178226470947266e+00
1.138397884368896484e+01 1.022004365921020508e+00 2.270222425460815430e+00
1.128526020050048828e+01 1.033123850822448730e+00 2.193911075592041016e+00
1.123178863525390625e+01 1.039138317108154297e+00 2.151009321212768555e+00
1.118021011352539062e+01 1.044935345649719238e+00 2.108793258666992188e+00
1.111111736297607422e+01 1.052695035934448242e+00 2.051152467727661133e+00
1.104965782165527344e+01 1.059590220451354980e+00 1.998564243316650391e+00
1.099257946014404297e+01 1.065987825393676758e+00 1.948621749877929688e+00
1.093822193145751953e+01 1.072075128555297852e+00 1.900070071220397949e+00
1.086976337432861328e+01 1.079734921455383301e+00 1.837721705436706543e+00
1.083310890197753906e+01 1.083831667900085449e+00 1.803516030311584473e+00
1.076900768280029297e+01 1.090991854667663574e+00 1.742917537689208984e+00
1.069352436065673828e+01 1.099414706230163574e+00 1.669933319091796875e+00
1.066389942169189453e+01 1.102716326713562012e+00 1.640525102615356445e+00
1.059047222137451172e+01 1.110895752906799316e+00 1.566881418228149414e+00
1.055062198638916016e+01 1.115329504013061523e+00 1.525887846946716309e+00
1.049154567718505859e+01 1.121898174285888672e+00 1.464278459548950195e+00
1.044223976135253906e+01 1.127375125885009766e+00 1.411808967590332031e+00
1.039539813995361328e+01 1.132574081420898438e+00 1.361118435859680176e+00
1.030517292022705078e+01 1.142580509185791016e+00 1.261915802955627441e+00
1.027388477325439453e+01 1.146045327186584473e+00 1.226451516151428223e+00
1.022737884521484375e+01 1.151192903518676758e+00 1.173180460929870605e+00
1.015839385986328125e+01 1.158822774887084961e+00 1.092919468879699707e+00
1.012812805175781250e+01 1.162166476249694824e+00 1.056886672973632812e+00
1.005728244781494141e+01 1.169989705085754395e+00 9.716866016387939453e-01
1.000384712219238281e+01 1.175883769989013672e+00 9.058944582939147949e-01
9.967678070068359375e+00 1.179870009422302246e+00 8.605667352676391602e-01
9.884770393371582031e+00 1.189002513885498047e+00 7.554153203964233398e-01
9.848677635192871094e+00 1.192973256111145020e+00 7.083715796470642090e-01
9.813065528869628906e+00 1.196889042854309082e+00 6.613993644714355469e-01
9.738049507141113281e+00 1.205133318901062012e+00 5.612904429435729980e-01
9.709145545959472656e+00 1.208306550979614258e+00 5.217570066452026367e-01
9.642747879028320312e+00 1.215593099594116211e+00 4.300785958766937256e-01
9.597577095031738281e+00 1.220545768737792969e+00 3.663398623466491699e-01
9.566989898681640625e+00 1.223897576332092285e+00 3.225377202033996582e-01
9.520914077758789062e+00 1.228944778442382812e+00 2.558917105197906494e-01
9.452883720397949219e+00 1.236392855644226074e+00 1.559969782829284668e-01
9.402804374694824219e+00 1.241871356964111328e+00 8.080934733152389526e-02
9.375748634338378906e+00 1.244829535484313965e+00 3.952011466026306152e-02
9.326995849609375000e+00 1.250158548355102539e+00 -3.554173558950424194e-02
9.292366981506347656e+00 1.257171630859375000e+00 2.544931694865226746e-02
9.250409126281738281e+00 1.265583276748657227e+00 9.581312537193298340e-02
9.195438385009765625e+00 1.276480913162231445e+00 1.828463226556777954e-01
9.166641235351562500e+00 1.282115101814270020e+00 2.252353429794311523e-01
9.121398925781250000e+00 1.290912389755249023e+00 2.894322276115417480e-01
9.068913459777832031e+00 1.301026344299316406e+00 3.597937822341918945e-01
9.029589653015136719e+00 1.308532357215881348e+00 4.092147648334503174e-01
8.969039916992187500e+00 1.320015788078308105e+00 4.817953109741210938e-01
8.932997703552246094e+00 1.326788902282714844e+00 5.219808816909790039e-01
8.902617454528808594e+00 1.332469940185546875e+00 5.544475317001342773e-01
8.845833778381347656e+00 1.343047142028808594e+00 6.130114793777465820e-01
8.802512168884277344e+00 1.351061463356018066e+00 6.548022627830505371e-01
8.753741264343261719e+00 1.360040664672851562e+00 6.995145082473754883e-01
8.704357147216796875e+00 1.369087100028991699e+00 7.422528266906738281e-01
8.647736549377441406e+00 1.379409909248352051e+00 7.884504795074462891e-01
8.608511924743652344e+00 1.386524796485900879e+00 8.183323144912719727e-01
8.552280426025390625e+00 1.396691322326660156e+00 8.591567873954772949e-01
8.481715202331542969e+00 1.409392952919006348e+00 9.068926572799682617e-01
8.423694610595703125e+00 1.419782757759094238e+00 9.426971077919006348e-01
8.405052185058593750e+00 1.423108100891113281e+00 9.533329010009765625e-01
8.348636627197265625e+00 1.433159828186035156e+00 9.847006201744079590e-01
8.261487007141113281e+00 1.448634386062622070e+00 1.029393792152404785e+00
8.234785079956054688e+00 1.453352451324462891e+00 1.041370749473571777e+00
8.175629615783691406e+00 1.463790655136108398e+00 1.066781044006347656e+00
8.119286537170410156e+00 1.473703861236572266e+00 1.088651776313781738e+00
8.040136337280273438e+00 1.487594366073608398e+00 1.116334438323974609e+00
8.015548706054687500e+00 1.491895079612731934e+00 1.123638868331909180e+00
7.930137634277343750e+00 1.506820797920227051e+00 1.147645592689514160e+00
7.889075279235839844e+00 1.513974189758300781e+00 1.156933784484863281e+00
7.817934513092041016e+00 1.526350975036621094e+00 1.171185493469238281e+00
7.765194416046142578e+00 1.535506486892700195e+00 1.179414629936218262e+00
7.705919265747070312e+00 1.545781493186950684e+00 1.186741471290588379e+00
7.676831245422363281e+00 1.550816178321838379e+00 1.189285874366760254e+00
7.610468864440917969e+00 1.562294721603393555e+00 1.193921327590942383e+00
7.556610107421875000e+00 1.571596860885620117e+00 1.195526242256164551e+00
7.503663063049316406e+00 1.580731987953186035e+00 1.195389747619628906e+00
7.422351360321044922e+00 1.594747900962829590e+00 1.192596197128295898e+00
7.362140178680419922e+00 1.605113387107849121e+00 1.187588453292846680e+00
7.329957008361816406e+00 1.610649466514587402e+00 1.183744430541992188e+00
7.243556499481201172e+00 1.625506758689880371e+00 1.171741604804992676e+00
7.208211421966552734e+00 1.631579518318176270e+00 1.164973378181457520e+00
7.146748065948486328e+00 1.642137169837951660e+00 1.151866912841796875e+00
7.061469554901123047e+00 1.656780481338500977e+00 1.130430579185485840e+00
7.040989875793457031e+00 1.660296082496643066e+00 1.124182462692260742e+00
6.987555980682373047e+00 1.669468522071838379e+00 1.107178330421447754e+00
6.924267292022705078e+00 1.680332779884338379e+00 1.084848523139953613e+00
6.838343143463134766e+00 1.695084810256958008e+00 1.050944447517395020e+00
6.818788051605224609e+00 1.698443531990051270e+00 1.042089939117431641e+00
6.741290569305419922e+00 1.711756467819213867e+00 1.005943059921264648e+00
6.678613662719726562e+00 1.722531437873840332e+00 9.732649326324462891e-01
6.618602275848388672e+00 1.732856750488281250e+00 9.392074942588806152e-01
6.583858966827392578e+00 1.738840579986572266e+00 9.178997874259948730e-01
6.531245231628417969e+00 1.747908473014831543e+00 8.841917514801025391e-01
6.462663173675537109e+00 1.759742498397827148e+00 8.373309373855590820e-01
6.436844825744628906e+00 1.764205336570739746e+00 8.181956410408020020e-01
6.374001979827880859e+00 1.775076746940612793e+00 7.701892256736755371e-01
6.315825462341308594e+00 1.785161614418029785e+00 7.224237322807312012e-01
6.263114929199218750e+00 1.794319152832031250e+00 6.762011647224426270e-01
6.236923217773437500e+00 1.798879981040954590e+00 6.518324613571166992e-01
6.158371448516845703e+00 1.812575459480285645e+00 5.765621066093444824e-01
6.112572193145751953e+00 1.820592999458312988e+00 5.286704897880554199e-01
6.084450244903564453e+00 1.825529456138610840e+00 4.977095425128936768e-01
6.032230377197265625e+00 1.834712982177734375e+00 4.383509457111358643e-01
5.990290641784667969e+00 1.842115759849548340e+00 3.877539038658142090e-01
5.924690246582031250e+00 1.853732943534851074e+00 3.046685755252838135e-01
5.895375728607177734e+00 1.858953952789306641e+00 2.645604014396667480e-01
5.863707065582275391e+00 1.864610671997070312e+00 2.196548581123352051e-01
5.806510448455810547e+00 1.874861955642700195e+00 1.352978646755218506e-01
5.764098167419433594e+00 1.882514715194702148e+00 6.803468614816665649e-02
5.728260040283203125e+00 1.889018416404724121e+00 7.899604737758636475e-03
5.704847335815429688e+00 1.894162535667419434e+00 3.937376290559768677e-02
5.648126125335693359e+00 1.906578302383422852e+00 1.134771481156349182e-01
5.594985961914062500e+00 1.918110609054565430e+00 1.783017218112945557e-01
5.549561023712158203e+00 1.927896738052368164e+00 2.303564101457595825e-01
5.486095905303955078e+00 1.941490888595581055e+00 2.993748784065246582e-01
5.439316272735595703e+00 1.951436281204223633e+00 3.466911315917968750e-01
5.396999359130859375e+00 1.960387587547302246e+00 3.872982859611511230e-01
5.314338684082031250e+00 1.977797865867614746e+00 4.629491865634918213e-01
5.267242908477783203e+00 1.987640023231506348e+00 5.022084116935729980e-01
5.228342533111572266e+00 1.995736598968505859e+00 5.329604744911193848e-01
5.127967834472656250e+00 2.016561746597290039e+00 6.088883876800537109e-01
5.081632614135742188e+00 2.026100635528564453e+00 6.400639414787292480e-01
5.049085140228271484e+00 2.032779455184936523e+00 6.607919335365295410e-01
4.948640823364257812e+00 2.053345441818237305e+00 7.223007082939147949e-01
4.909815788269042969e+00 2.061243534088134766e+00 7.432477474212646484e-01
4.856369972229003906e+00 2.072090864181518555e+00 7.706567645072937012e-01
4.803039073944091797e+00 2.082881927490234375e+00 7.960966825485229492e-01
4.704011917114257812e+00 2.102860450744628906e+00 8.398970365524291992e-01
4.627913475036621094e+00 2.118133783340454102e+00 8.688135743141174316e-01
4.603553295135498047e+00 2.123004913330078125e+00 8.769511580467224121e-01
4.526176929473876953e+00 2.138459920883178711e+00 9.016879200935363770e-01
4.469758987426757812e+00 2.149689197540283203e+00 9.171886444091796875e-01
4.385861396789550781e+00 2.166347503662109375e+00 9.375529885292053223e-01
4.303307056427001953e+00 2.182682037353515625e+00 9.537325501441955566e-01
4.275870323181152344e+00 2.188093185424804688e+00 9.578732252120971680e-01
4.199697494506835938e+00 2.203100681304931641e+00 9.682427644729614258e-01
4.139440536499023438e+00 2.214938879013061523e+00 9.739899635314941406e-01
4.068326473236083984e+00 2.228880405426025391e+00 9.785023927688598633e-01
4.005891323089599609e+00 2.241090536117553711e+00 9.801269173622131348e-01
3.910644292831420898e+00 2.259679079055786133e+00 9.794887304306030273e-01
3.874757289886474609e+00 2.266661405563354492e+00 9.774611592292785645e-01
3.769579172134399414e+00 2.287102937698364258e+00 9.695428609848022461e-01
3.733471393585205078e+00 2.294098377227783203e+00 9.648323655128479004e-01
3.658841609954833984e+00 2.308542013168334961e+00 9.536724090576171875e-01
3.586891174316406250e+00 2.322437763214111328e+00 9.400597810745239258e-01
3.517417907714843750e+00 2.335828781127929688e+00 9.242295026779174805e-01
3.461298227310180664e+00 2.346626043319702148e+00 9.093175530433654785e-01
3.377376556396484375e+00 2.362749099731445312e+00 8.844122290611267090e-01
3.289174556732177734e+00 2.379658937454223633e+00 8.540695905685424805e-01
3.246100425720214844e+00 2.387899398803710938e+00 8.370547294616699219e-01
3.202938556671142578e+00 2.396148443222045898e+00 8.189002275466918945e-01
3.120008468627929688e+00 2.411982774734497070e+00 7.818531990051269531e-01
3.053196191787719727e+00 2.424715995788574219e+00 7.485730648040771484e-01
2.995166063308715820e+00 2.435759782791137695e+00 7.171720266342163086e-01
2.931006669998168945e+00 2.447955608367919922e+00 6.799731850624084473e-01
2.873066902160644531e+00 2.458955049514770508e+00 6.438138484954833984e-01
2.773385047912597656e+00 2.477858066558837891e+00 5.774535536766052246e-01
2.733301877975463867e+00 2.485445022583007812e+00 5.477526187896728516e-01
2.672751665115356445e+00 2.496898174285888672e+00 5.009341835975646973e-01
2.618719100952148438e+00 2.507108449935913086e+00 4.564187526702880859e-01
2.551411867141723633e+00 2.519816398620605469e+00 3.977591693401336670e-01
2.503031969070434570e+00 2.528942108154296875e+00 3.525553941726684570e-01
2.434831142425537109e+00 2.541798830032348633e+00 2.855454385280609131e-01
2.406245231628417969e+00 2.547183513641357422e+00 2.553918063640594482e-01
2.354508399963378906e+00 2.556926965713500977e+00 1.991383731365203857e-01
2.278772115707397461e+00 2.571184396743774414e+00 1.121261790394783020e-01
2.220419168472290039e+00 2.582164525985717773e+00 3.936956077814102173e-02
2.173190116882324219e+00 2.591049909591674805e+00 -2.348566055297851562e-02
2.126656055450439453e+00 2.601178646087646484e+00 2.930041775107383728e-02
2.085207462310791016e+00 2.610153436660766602e+00 7.394306361675262451e-02
2.017727851867675781e+00 2.624701261520385742e+00 1.434009075164794922e-01
1.940567493438720703e+00 2.641226291656494141e+00 2.172191739082336426e-01
1.861187577247619629e+00 2.658109664916992188e+00 2.871338725090026855e-01
1.813042521476745605e+00 2.668283700942993164e+00 3.261003196239471436e-01
1.733183860778808594e+00 2.685098171234130859e+00 3.875192701816558838e-01
1.683429002761840820e+00 2.695514917373657227e+00 4.226403236389160156e-01
1.613433122634887695e+00 2.710120916366577148e+00 4.694592654705047607e-01
1.509057283401489258e+00 2.731805086135864258e+00 5.340807437896728516e-01
1.453626990318298340e+00 2.743250131607055664e+00 5.645251870155334473e-01
1.349443554878234863e+00 2.764696121215820312e+00 6.181059479713439941e-01
1.318417429924011230e+00 2.771048069000244141e+00 6.321089267730712891e-01
1.228302955627441406e+00 2.789469242095947266e+00 6.711642742156982422e-01
1.167315959930419922e+00 2.801882743835449219e+00 6.944963335990905762e-01
1.085640311241149902e+00 2.818461418151855469e+00 7.230357527732849121e-01
9.833076000213623047e-01 2.839159250259399414e+00 7.543728351593017578e-01
8.870209455490112305e-01 2.858551502227783203e+00 7.788110971450805664e-01
8.569427728652954102e-01 2.864586353302001953e+00 7.850069999694824219e-01
7.767153978347778320e-01 2.880664825439453125e+00 8.003580570220947266e-01
6.431478261947631836e-01 2.907353401184082031e+00 8.207514882087707520e-01
5.758506655693054199e-01 2.920736312866210938e+00 8.267771601676940918e-01
5.218498706817626953e-01 2.931450605392456055e+00 8.299213051795959473e-01
4.340191185474395752e-01 2.948846101760864258e+00 8.328414559364318848e-01
3.270952105522155762e-01 2.969963073730468750e+00 8.320730924606323242e-01
2.509235143661499023e-01 2.984956502914428711e+00 8.277886509895324707e-01
1.747447699308395386e-01 2.999917030334472656e+00 8.208378553390502930e-01
7.601642608642578125e-02 3.019262552261352539e+00 8.083602786064147949e-01
3.024161979556083679e-02 3.028206586837768555e+00 8.004754781723022461e-01
-4.489697143435478210e-02 3.042869567871093750e+00 7.859170436859130859e-01
-1.392284333705902100e-01 3.061240196228027344e+00 7.642815113067626953e-01
-1.942592561244964600e-01 3.071930170059204102e+00 7.491617202758789062e-01
-3.072717189788818359e-01 3.093852043151855469e+00 7.150591611862182617e-01
-3.782692253589630127e-01 3.107583999633789062e+00 6.896198987960815430e-01
-4.429885745048522949e-01 3.120079755783081055e+00 6.640554070472717285e-01
-5.688756704330444336e-01 3.144347667694091797e+00 6.100094318389892578e-01
-6.043248176574707031e-01 3.151160955429077148e+00 5.923426151275634766e-01
-7.133405804634094238e-01 3.172096490859985352e+00 5.357920527458190918e-01
-7.894105315208435059e-01 3.186669111251831055e+00 4.914233386516571045e-01
-8.247129917144775391e-01 3.193420886993408203e+00 4.691500961780548096e-01
-9.222179055213928223e-01 3.212055206298828125e+00 4.053848385810852051e-01
-9.980485439300537109e-01 3.226517915725708008e+00 3.507836461067199707e-01
-1.089310646057128906e+00 3.243897676467895508e+00 2.800506055355072021e-01
-1.148533582687377930e+00 3.255156517028808594e+00 2.299549579620361328e-01
-1.186507821083068848e+00 3.262368202209472656e+00 1.959518343210220337e-01
-1.275412201881408691e+00 3.279241561889648438e+00 1.133657321333885193e-01
-1.333535909652709961e+00 3.290256977081298828e+00 5.453917011618614197e-02
-1.391361951828002930e+00 3.301206827163696289e+00 -7.435675710439682007e-03
-1.472611904144287109e+00 3.317866802215576172e+00 7.176907360553741455e-02
-1.585138082504272461e+00 3.340830802917480469e+00 1.725364625453948975e-01
-1.651873946189880371e+00 3.354370355606079102e+00 2.257456332445144653e-01
-1.722369909286499023e+00 3.368628025054931641e+00 2.782647013664245605e-01
-1.826096534729003906e+00 3.389542102813720703e+00 3.501720428466796875e-01
-1.930162072181701660e+00 3.410436391830444336e+00 4.149359166622161865e-01
-2.016421318054199219e+00 3.427689075469970703e+00 4.629658162593841553e-01
-2.047018051147460938e+00 3.433790683746337891e+00 4.784503579139709473e-01
-2.155552625656127930e+00 3.455413579940795898e+00 5.315064191818237305e-01
-2.247425794601440430e+00 3.473655462265014648e+00 5.709764957427978516e-01
-2.360321521759033203e+00 3.496012210845947266e+00 6.141161918640136719e-01
-2.420987606048583984e+00 3.507989406585693359e+00 6.339140534400939941e-01
-2.582476615905761719e+00 3.539823293685913086e+00 6.819553375244140625e-01
-2.670402526855468750e+00 3.557089090347290039e+00 7.015802860260009766e-01
-2.717600584030151367e+00 3.566339492797851562e+00 7.102798819541931152e-01
-2.828198194503784180e+00 3.587994337081909180e+00 7.283964753150939941e-01
-2.920199394226074219e+00 3.605968236923217773e+00 7.391066551208496094e-01
-3.048810958862304688e+00 3.631051301956176758e+00 7.490937709808349609e-01
-3.184520244598388672e+00 3.657459020614624023e+00 7.523718476295471191e-01
-3.266885995864868164e+00 3.673451423645019531e+00 7.497550249099731445e-01
-3.366316318511962891e+00 3.692733764648437500e+00 7.432259321212768555e-01
-3.425428867340087891e+00 3.704181671142578125e+00 7.369204163551330566e-01
-3.596065044403076172e+00 3.737203121185302734e+00 7.145338654518127441e-01
-3.647266149520874023e+00 3.747091293334960938e+00 7.041633725166320801e-01
-3.799643993377685547e+00 3.776503801345825195e+00 6.699696183204650879e-01
-3.864815235137939453e+00 3.789065361022949219e+00 6.510425806045532227e-01
-3.971629858016967773e+00 3.809643507003784180e+00 6.169109344482421875e-01
-4.077588558197021484e+00 3.830042362213134766e+00 5.778818726539611816e-01
-4.151382923126220703e+00 3.844241380691528320e+00 5.469987392425537109e-01
-4.292201995849609375e+00 3.871330499649047852e+00 4.829585254192352295e-01
-4.397831916809082031e+00 3.891644954681396484e+00 4.273052215576171875e-01
-4.441421985626220703e+00 3.900028944015502930e+00 4.018219411373138428e-01
-4.514023780822753906e+00 3.913995027542114258e+00 3.575592041015625000e-01
-4.645402431488037109e+00 3.939276456832885742e+00 2.717964947223663330e-01
-4.740220546722412109e+00 3.957539081573486328e+00 2.020289897918701172e-01
-4.790973186492919922e+00 3.967324972152709961e+00 1.613529026508331299e-01
-4.919790267944335938e+00 3.992182254791259766e+00 5.325546860694885254e-02
-4.977756023406982422e+00 4.003394126892089844e+00 -1.344718039035797119e-03
-5.129346847534179688e+00 4.033088684082031250e+00 1.335742175579071045e-01
-5.219522953033447266e+00 4.050749301910400391e+00 2.025718986988067627e-01
-5.266498088836669922e+00 4.059948444366455078e+00 2.354888319969177246e-01
-5.453632831573486328e+00 4.096593379974365234e+00 3.607667684555053711e-01
-5.502234935760498047e+00 4.106110095977783203e+00 3.877080082893371582e-01
-5.672544956207275391e+00 4.139457702636718750e+00 4.775264263153076172e-01
-5.778927803039550781e+00 4.160290241241455078e+00 5.241447091102600098e-01
-5.892038345336914062e+00 4.182444095611572266e+00 5.679074525833129883e-01
-6.057872295379638672e+00 4.214932918548583984e+00 6.234678030014038086e-01
-6.153034210205078125e+00 4.233585834503173828e+00 6.484852433204650879e-01
-6.309593200683593750e+00 4.264286041259765625e+00 6.834554076194763184e-01
-6.438476085662841797e+00 4.289579391479492188e+00 7.041230797767639160e-01
-6.555382728576660156e+00 4.312541484832763672e+00 7.169901132583618164e-01
-6.670351028442382812e+00 4.335143566131591797e+00 7.244970798492431641e-01
-6.763147830963134766e+00 4.353405952453613281e+00 7.265204191207885742e-01
-6.904607772827148438e+00 4.381271839141845703e+00 7.246699929237365723e-01
-7.081604957580566406e+00 4.416194438934326172e+00 7.129708528518676758e-01
-7.195641040802001953e+00 4.438747406005859375e+00 6.978436708450317383e-01
-7.317818641662597656e+00 4.462954521179199219e+00 6.763244867324829102e-01
-7.534672737121582031e+00 4.506013393402099609e+00 6.278671622276306152e-01
-7.656580924987792969e+00 4.530326366424560547e+00 5.901044607162475586e-01
-7.743654727935791016e+00 4.547744750976562500e+00 5.586984753608703613e-01
-7.920914173126220703e+00 4.583290576934814453e+00 4.880799651145935059e-01
-7.966184139251708984e+00 4.592418670654296875e+00 4.664188027381896973e-01
-8.097958564758300781e+00 4.619033336639404297e+00 4.005044698715209961e-01
-8.307921409606933594e+00 4.661658287048339844e+00 2.817266881465911865e-01
-8.403565406799316406e+00 4.681262493133544922e+00 2.167266160249710083e-01
-8.528622627258300781e+00 4.707036018371582031e+00 1.244540736079216003e-01
-8.649141311645507812e+00 4.732076644897460938e+00 2.556091547012329102e-02
-8.690677642822265625e+00 4.740787029266357422e+00 -1.221946626901626587e-02
-8.903057098388671875e+00 4.783670425415039062e+00 1.745352447032928467e-01
-9.010713577270507812e+00 4.805636405944824219e+00 2.516160607337951660e-01
-9.224879264831542969e+00 4.849530220031738281e+00 3.901957869529724121e-01
-9.333934783935546875e+00 4.872061729431152344e+00 4.474938511848449707e-01
-9.555898666381835938e+00 4.918095588684082031e+00 5.519501566886901855e-01
-9.752680778503417969e+00 4.959206581115722656e+00 6.243700981140136719e-01
-9.853665351867675781e+00 4.980437278747558594e+00 6.532007455825805664e-01
-1.005838584899902344e+01 5.023618698120117188e+00 7.034559845924377441e-01
-1.025818061828613281e+01 5.066041469573974609e+00 7.369250655174255371e-01
-1.047372817993164062e+01 5.112115383148193359e+00 7.573266625404357910e-01
-1.069258499145507812e+01 5.159250259399414062e+00 7.613098621368408203e-01
-1.078938484191894531e+01 5.180269241333007812e+00 7.556545138359069824e-01
-1.110011291503906250e+01 5.248006820678710938e+00 7.269321084022521973e-01
-1.127054786682128906e+01 5.285653591156005859e+00 6.924204826354980469e-01
-1.136434936523437500e+01 5.306546688079833984e+00 6.675403118133544922e-01
-1.158698558807373047e+01 5.356386184692382812e+00 6.005417108535766602e-01
-1.176334381103515625e+01 5.396371841430664062e+00 5.319874882698059082e-01
-1.193502807617187500e+01 5.435751438140869141e+00 4.524298608303070068e-01
-1.218625736236572266e+01 5.494118690490722656e+00 3.163183331489562988e-01
-1.227932929992675781e+01 5.516215801239013672e+00 2.540519833564758301e-01
-1.252101707458496094e+01 5.574159145355224609e+00 7.940395176410675049e-02
-1.270935535430908203e+01 5.620623588562011719e+00 -8.597552776336669922e-02
-1.280320930480957031e+01 5.644453525543212891e+00 -1.824096292257308960e-01
-1.305478858947753906e+01 5.702528953552246094e+00 3.746572136878967285e-02
-1.323718643188476562e+01 5.745695590972900391e+00 1.639171540737152100e-01
-1.362518596649169922e+01 5.838893890380859375e+00 3.920142650604248047e-01
-1.395952987670898438e+01 5.921391487121582031e+00 5.259222984313964844e-01
-1.422250747680664062e+01 5.987620353698730469e+00 5.959979891777038574e-01
-1.438376903533935547e+01 6.028870582580566406e+00 6.235612034797668457e-01
-1.475778293609619141e+01 6.125472545623779297e+00 6.665528416633605957e-01
-1.503681373596191406e+01 6.199173450469970703e+00 6.635255217552185059e-01
-1.546865844726562500e+01 6.315294742584228516e+00 6.187278628349304199e-01
-1.582377147674560547e+01 6.413667201995849609e+00 5.296881198883056641e-01
-1.619981575012207031e+01 6.520856857299804688e+00 3.862926363945007324e-01
-1.638634300231933594e+01 6.575973510742187500e+00 2.861191034317016602e-01
-1.670658302307128906e+01 6.672699451446533203e+00 8.544555306434631348e-02
-1.686196708679199219e+01 6.721749782562255859e+00 -3.959830105304718018e-02
-1.712866210937500000e+01 6.808273792266845703e+00 -2.826777696609497070e-01
-1.771656036376953125e+01 7.001339435577392578e+00 6.445819139480590820e-02
-1.826940536499023438e+01 7.191662788391113281e+00 2.317712604999542236e-01
-1.915334892272949219e+01 7.508004188537597656e+00 3.122081458568572998e-01
-2.018025970458984375e+01 7.899218082427978516e+00 9.050966799259185791e-02
-2.068912887573242188e+01 8.112174034118652344e+00 -2.249514311552047729e-01
-2.117938613891601562e+01 8.333909034729003906e+00 -6.752651333808898926e-01
-2.460379981994628906e+01 1.012642002105712891e+01 -1.766188740730285645e-01
-2.721044731140136719e+01 1.176684570312500000e+01 -2.810412406921386719e+00
-1.258706665039062500e+03 1.061404418945312500e+03 -7.298049316406250000e+02
-6.560200785920000000e+12 6.353925439488000000e+12 -1.238664583577600000e+13
-6.842060169455323181e+25 1.309430137688624610e+26 2.953617951768874881e+26
-1.246369666371487402e+26 2.385296087418212784e+26 5.380396523857723494e+26
-2.204450295945108664e+26 4.218866292726557744e+26 9.516291575350024520e+26
-2.985233273034483470e+26 5.713124873933800367e+26 1.288681719569862023e+27
-3.250459083586753507e+26 6.220712862563621873e+26 1.403175937668894340e+27
-4.258509821480485467e+26 8.149915416368654838e+26 1.838336696403038918e+27
-4.633766033213855289e+26 8.868078891557974463e+26 2.000329362030489665e+27
-5.454909563999302908e+26 1.043957915529017962e+27 2.354804947629944203e+27
-5.841216851172350648e+26 1.117889219149488872e+27 2.521568088848808829e+27
-6.579237139552374182e+26 1.259131068581447449e+27 2.840160477580273188e+27
-7.195695598095940617e+26 1.377108474683453899e+27 3.106276454214564153e+27
-7.856357620528455776e+26 1.503545705191616138e+27 3.391474923510320995e+27
-8.921585517418176389e+26 1.707408495369667646e+27 3.851318311258804491e+27
-9.280505292599869031e+26 1.776098414916011019e+27 4.006258860413852371e+27
-9.851317651867922655e+26 1.885340180894471573e+27 4.252670172602559382e+27
-1.049756538848124117e+27 2.009018811506874992e+27 4.531646038613419929e+27
-1.142009001108650764e+27 2.185571123296823214e+27 4.929886745888679262e+27
-1.210333527548382098e+27 2.316330204580526717e+27 5.224833950492510128e+27
-1.289949379822607343e+27 2.468698539741936537e+27 5.568523651045090395e+27
-1.337228827605382693e+27 2.559181737884865553e+27 5.772621969251475027e+27
-1.394358098853755995e+27 2.668515442435789476e+27 6.019240475269617943e+27
-1.447883761753841989e+27 2.770952721034292641e+27 6.250302915797377890e+27
-1.504052031422951318e+27 2.878447358988044016e+27 6.492773413156130182e+27
-1.614226464781778627e+27 3.089298661264932240e+27 6.968380650520242913e+27
-1.675295665416391110e+27 3.206172804497378269e+27 7.232007940018061575e+27
-1.741554156519866975e+27 3.332977789295393982e+27 7.518035774927372398e+27
-1.782539280076787446e+27 3.411414820836332892e+27 7.694962186687135450e+27
-1.850287235083750914e+27 3.541070344102570795e+27 7.987420113858683654e+27
-1.938599767958038380e+27 3.710082364784949501e+27 8.368652627950077601e+27
-1.999428718197834870e+27 3.826496667581126098e+27 8.631242767709096017e+27
-2.063332814461695037e+27 3.948795924458673811e+27 8.907107479651461005e+27
-2.124257835344627406e+27 4.065394104399777144e+27 9.170112007069351232e+27
-2.180330034370600856e+27 4.172704865208601783e+27 9.412167526473421354e+27
-2.265855780724184872e+27 4.336383563244389583e+27 9.781369811949704880e+27
-2.311741835246608498e+27 4.424200100064023146e+27 9.979453606144344659e+27
-2.397267581600192514e+27 4.587878798099810946e+27 1.034865530132481783e+28
-2.434553026165689798e+27 4.659235526543402362e+27 1.050961125993532610e+28
-2.521472165779625540e+27 4.825580885902485614e+27 1.088482806942335447e+28
-2.575141860857439057e+27 4.928293832644426294e+27 1.111651327203104286e+28
-2.665808640997389631e+27 5.101811581247273000e+27 1.150790890908938264e+28
-2.715394374511236444e+27 5.196708716312159238e+27 1.172196315643327720e+28
-2.786842008509623100e+27 5.333444837823649815e+27 1.203039271734570090e+28
-2.824271485252847908e+27 5.405077234410678746e+27 1.219197084774032725e+28
-2.911863414516639984e+27 5.572710028932154336e+27 1.257009191261532046e+28
-2.992776441834128485e+27 5.727561148271932872e+27 1.291938174952077377e+28
-3.062830682572163417e+27 5.861630313312222817e+27 1.322179619612564226e+28
-3.121449417724024323e+27 5.973814851479274109e+27 1.347484538470183291e+28
-3.171419433810414653e+27 6.069447495123867294e+27 1.369055954386445616e+28
-3.241569892765538053e+27 6.203700832456989155e+27 1.399338837812819646e+28
