2.343824958801269531e+01 -1.824113577604293823e-01 2.114675641059875488e-01
2.335214233398437500e+01 -1.787570565938949585e-01 2.674462497234344482e-01
2.320256805419921875e+01 -1.724560260772705078e-01 3.641248345375061035e-01
2.308902359008789062e+01 -1.677341312170028687e-01 4.367666244506835938e-01
2.293289184570312500e+01 -1.613040864467620850e-01 5.358616709709167480e-01
2.275187110900878906e+01 -1.539483219385147095e-01 6.494700312614440918e-01
2.267923164367675781e+01 -1.510420292615890503e-01 6.944509148597717285e-01
2.251638031005859375e+01 -1.445661932229995728e-01 7.947387099266052246e-01
2.237177085876464844e+01 -1.388945430517196655e-01 8.826749324798583984e-01
2.226100921630859375e+01 -1.346028596162796021e-01 9.492552280426025391e-01
2.218913459777832031e+01 -1.318434774875640869e-01 9.920699000358581543e-01
2.202965927124023438e+01 -1.257569938898086548e-01 1.086500763893127441e+00
2.189839744567871094e+01 -1.208128556609153748e-01 1.163176417350769043e+00
2.178553581237792969e+01 -1.166069954633712769e-01 1.228349804878234863e+00
2.164412498474121094e+01 -1.113849654793739319e-01 1.309185266494750977e+00
2.152657890319824219e+01 -1.070930659770965576e-01 1.375509142875671387e+00
2.143787956237792969e+01 -1.038843989372253418e-01 1.425002098083496094e+00
2.126481628417968750e+01 -9.766694158315658569e-02 1.520745038986206055e+00
2.120258522033691406e+01 -9.546118229627609253e-02 1.554584860801696777e+00
2.105737876892089844e+01 -9.033849090337753296e-02 1.633046150207519531e+00
2.091305160522460938e+01 -8.530246466398239136e-02 1.709859609603881836e+00
2.080311012268066406e+01 -8.150719851255416870e-02 1.767469644546508789e+00
2.071299362182617188e+01 -7.842106372117996216e-02 1.814119577407836914e+00
2.056645965576171875e+01 -7.343516498804092407e-02 1.889202356338500977e+00
2.046005821228027344e+01 -6.985220313072204590e-02 1.942798733711242676e+00
2.037740707397460938e+01 -6.708939373493194580e-02 1.983902931213378906e+00
2.022046852111816406e+01 -6.187251582741737366e-02 2.061164379119873047e+00
2.017623519897460938e+01 -6.041753664612770081e-02 2.082512378692626953e+00
2.004702758789062500e+01 -5.617943406105041504e-02 2.144515514373779297e+00
1.990802764892578125e+01 -5.165747180581092834e-02 2.210087299346923828e+00
1.978482818603515625e+01 -4.768356680870056152e-02 2.267109632492065430e+00
1.972427940368652344e+01 -4.574452340602874756e-02 2.294649839401245117e+00
1.959681701660156250e+01 -4.167634248733520508e-02 2.352118253707885742e+00
1.953736495971679688e+01 -3.979195281863212585e-02 2.378420352935791016e+00
1.940091705322265625e+01 -3.548032417893409729e-02 2.438241004943847656e+00
1.929947090148925781e+01 -3.229668363928794861e-02 2.481775760650634766e+00
1.915253448486328125e+01 -2.770736813545227051e-02 2.543804883956909180e+00
1.911267280578613281e+01 -2.647048048675060272e-02 2.560222864151000977e+00
1.901090240478515625e+01 -2.331772446632385254e-02 2.601852178573608398e+00
1.887718582153320312e+01 -1.919199898838996887e-02 2.655578136444091797e+00
1.877875137329101562e+01 -1.616995781660079956e-02 2.694174766540527344e+00
1.869772148132324219e+01 -1.369045022875070572e-02 2.725361347198486328e+00
1.858942222595214844e+01 -1.038473285734653473e-02 2.766391992568969727e+00
1.843323326110839844e+01 -5.631874781101942062e-03 2.824296951293945312e+00
1.837111473083496094e+01 -3.749143797904253006e-03 2.846585512161254883e+00
1.830612182617187500e+01 -1.781807281076908112e-03 2.869593381881713867e+00
1.821164512634277344e+01 1.074539264664053917e-03 2.902560234069824219e+00
1.811500358581542969e+01 3.991669975221157074e-03 2.935563325881958008e+00
1.799198150634765625e+01 7.700127083808183670e-03 2.976627826690673828e+00
1.785979270935058594e+01 1.167965866625308990e-02 3.019438266754150391e+00
1.776740074157714844e+01 1.445864792913198471e-02 3.048357248306274414e+00
1.770796585083007812e+01 1.624596305191516876e-02 3.066503286361694336e+00
1.758358001708984375e+01 1.998661644756793976e-02 3.103857278823852539e+00
1.749222183227539062e+01 2.273503690958023071e-02 3.130326271057128906e+00
1.741945266723632812e+01 2.492567710578441620e-02 3.150836229324340820e+00
1.733333969116210938e+01 2.751997113227844238e-02 3.174561023712158203e+00
1.725810432434082031e+01 2.978910878300666809e-02 3.194718599319458008e+00
1.715969848632812500e+01 3.276066109538078308e-02 3.220425367355346680e+00
1.706483268737792969e+01 3.563061729073524475e-02 3.244367599487304688e+00
1.694096565246582031e+01 3.938594460487365723e-02 3.274559259414672852e+00
1.687024116516113281e+01 4.153704270720481873e-02 3.290988683700561523e+00
1.680645751953125000e+01 4.348122328519821167e-02 3.305383920669555664e+00
1.672574806213378906e+01 4.594654217362403870e-02 3.323113679885864258e+00
1.660971069335937500e+01 4.950113967061042786e-02 3.347712278366088867e+00
1.651095771789550781e+01 5.253984406590461731e-02 3.367541551589965820e+00
1.641379928588867188e+01 5.554218217730522156e-02 3.386112451553344727e+00
1.632916831970214844e+01 5.816924944519996643e-02 3.401474237442016602e+00
1.624201011657714844e+01 6.088628247380256653e-02 3.416555643081665039e+00
1.618245315551757812e+01 6.275150924921035767e-02 3.426334857940673828e+00
1.606982803344726562e+01 6.629065424203872681e-02 3.444142103195190430e+00
1.601396179199218750e+01 6.805787980556488037e-02 3.452324151992797852e+00
1.594884300231933594e+01 7.012497633695602417e-02 3.461480855941772461e+00
1.585043621063232422e+01 7.326193153858184814e-02 3.474642992019653320e+00
1.577173233032226562e+01 7.578736543655395508e-02 3.484344482421875000e+00
1.568619537353515625e+01 7.854725420475006104e-02 3.494163036346435547e+00
1.558730030059814453e+01 8.175805211067199707e-02 3.504593610763549805e+00
1.550633239746093750e+01 8.440647274255752563e-02 3.512250900268554688e+00
1.545352363586425781e+01 8.614475280046463013e-02 3.516768455505371094e+00
1.536736106872558594e+01 8.899294584989547729e-02 3.523627996444702148e+00
1.526958274841308594e+01 9.224779903888702393e-02 3.530456542968750000e+00
1.522272300720214844e+01 9.382034838199615479e-02 3.533203363418579102e+00
1.510583305358886719e+01 9.775852411985397339e-02 3.539421081542968750e+00
1.505925369262695312e+01 9.934348613023757935e-02 3.541261672973632812e+00
1.493960952758789062e+01 1.034307628870010376e-01 3.545331001281738281e+00
1.488976097106933594e+01 1.051510944962501526e-01 3.546314001083374023e+00
1.482399463653564453e+01 1.074302196502685547e-01 3.547215700149536133e+00
1.471998500823974609e+01 1.110542640089988708e-01 3.547810792922973633e+00
1.465072917938232422e+01 1.134877130389213562e-01 3.547322511672973633e+00
1.459818363189697266e+01 1.153438538312911987e-01 3.546500444412231445e+00
1.448335456848144531e+01 1.194157078862190247e-01 3.543949842453002930e+00
1.443093299865722656e+01 1.212896779179573059e-01 3.542024612426757812e+00
1.437423324584960938e+01 1.233232170343399048e-01 3.539562702178955078e+00
1.426210403442382812e+01 1.273581236600875854e-01 3.533876657485961914e+00
1.422747325897216797e+01 1.286119073629379272e-01 3.531615257263183594e+00
1.410515308380126953e+01 1.330472528934478760e-01 3.523071765899658203e+00
1.406321239471435547e+01 1.345758140087127686e-01 3.519461154937744141e+00
1.397421169281005859e+01 1.378236860036849976e-01 3.511297702789306641e+00
1.391816711425781250e+01 1.398738920688629150e-01 3.505480766296386719e+00
1.386160087585449219e+01 1.419454514980316162e-01 3.499175310134887695e+00
1.375779724121093750e+01 1.457501649856567383e-01 3.486792802810668945e+00
1.371344852447509766e+01 1.473774313926696777e-01 3.480858802795410156e+00
1.362080955505371094e+01 1.507769823074340820e-01 3.467882156372070312e+00
1.357469654083251953e+01 1.524690389633178711e-01 3.460812091827392578e+00
1.350577449798583984e+01 1.549971997737884521e-01 3.449785709381103516e+00
1.342444324493408203e+01 1.579783856868743896e-01 3.435956954956054688e+00
1.333581352233886719e+01 1.612231582403182983e-01 3.419824123382568359e+00
1.327834796905517578e+01 1.633232682943344116e-01 3.408602714538574219e+00
1.324021053314208984e+01 1.647150367498397827e-01 3.400824069976806641e+00
1.313576602935791016e+01 1.685224473476409912e-01 3.378914356231689453e+00
1.307681274414062500e+01 1.706647127866744995e-01 3.365598440170288086e+00
1.300744438171386719e+01 1.731801778078079224e-01 3.349291563034057617e+00
1.295499610900878906e+01 1.750770211219787598e-01 3.336388111114501953e+00
1.287782859802246094e+01 1.778617799282073975e-01 3.316758155822753906e+00
1.282147884368896484e+01 1.798883825540542603e-01 3.301723718643188477e+00
1.277097034454345703e+01 1.817000806331634521e-01 3.287784337997436523e+00
1.266572761535644531e+01 1.854655891656875610e-01 3.257866382598876953e+00
1.260941600799560547e+01 1.874693781137466431e-01 3.240872859954833984e+00
1.254535388946533203e+01 1.897417902946472168e-01 3.220932483673095703e+00
1.250552368164062500e+01 1.911493837833404541e-01 3.208100318908691406e+00
1.241727638244628906e+01 1.942605972290039062e-01 3.179065942764282227e+00
1.237561130523681641e+01 1.957215070724487305e-01 3.164719581604003906e+00
1.228920078277587891e+01 1.987431496381759644e-01 3.134334802627563477e+00
1.224418640136718750e+01 2.003081738948822021e-01 3.117816925048828125e+00
1.219023799896240234e+01 2.021779716014862061e-01 3.097585439682006836e+00
1.209056282043457031e+01 2.056194990873336792e-01 3.059233427047729492e+00
1.206820774078369141e+01 2.063857764005661011e-01 3.050223827362060547e+00
1.197414207458496094e+01 2.096046209335327148e-01 3.011924743652343750e+00
1.194506072998046875e+01 2.105925828218460083e-01 2.999573230743408203e+00
1.185565185546875000e+01 2.136230915784835815e-01 2.961107969284057617e+00
1.182278060913085938e+01 2.147292494773864746e-01 2.946405887603759766e+00
1.174308395385742188e+01 2.174038887023925781e-01 2.910255432128906250e+00
1.169840145111083984e+01 2.188934385776519775e-01 2.889294385910034180e+00
1.160598945617675781e+01 2.219623029232025146e-01 2.845130681991577148e+00
1.156877326965332031e+01 2.231881916522979736e-01 2.826660633087158203e+00
1.152769565582275391e+01 2.245367616415023804e-01 2.805966377258300781e+00
1.143998908996582031e+01 2.274054735898971558e-01 2.761050701141357422e+00
1.139004898071289062e+01 2.290257215499877930e-01 2.734577894210815430e+00
1.131247711181640625e+01 2.315306067466735840e-01 2.692654132843017578e+00
1.127436733245849609e+01 2.327520847320556641e-01 2.671437501907348633e+00
1.121780586242675781e+01 2.345582544803619385e-01 2.639490842819213867e+00
1.115827941894531250e+01 2.364484965801239014e-01 2.605149984359741211e+00
1.108290576934814453e+01 2.388277500867843628e-01 2.560697317123413086e+00
1.103855133056640625e+01 2.402171492576599121e-01 2.533807754516601562e+00
1.097838401794433594e+01 2.420932501554489136e-01 2.496742010116577148e+00
1.091993904113769531e+01 2.439042329788208008e-01 2.459952116012573242e+00
1.085449123382568359e+01 2.459196895360946655e-01 2.417891502380371094e+00
1.080339145660400391e+01 2.474822700023651123e-01 2.384289264678955078e+00
1.074412345886230469e+01 2.492846101522445679e-01 2.344616651535034180e+00
1.071494483947753906e+01 2.501661777496337891e-01 2.324682235717773438e+00
1.066567039489746094e+01 2.516500949859619141e-01 2.290681362152099609e+00
1.061179637908935547e+01 2.532636225223541260e-01 2.252878427505493164e+00
1.052918720245361328e+01 2.557228207588195801e-01 2.193848848342895508e+00
1.047657871246337891e+01 2.572742104530334473e-01 2.155205249786376953e+00
1.043068313598632812e+01 2.586194574832916260e-01 2.120900630950927734e+00
1.040236091613769531e+01 2.594451904296875000e-01 2.099409580230712891e+00
1.033833885192871094e+01 2.613056004047393799e-01 2.050377845764160156e+00
1.026797676086425781e+01 2.633348703384399414e-01 1.995357871055603027e+00
1.023582458496093750e+01 2.642544209957122803e-01 1.969640135765075684e+00
1.016783142089843750e+01 2.661915123462677002e-01 1.914692759513854980e+00
1.011924839019775391e+01 2.675642967224121094e-01 1.874573111534118652e+00
1.007914066314697266e+01 2.686909437179565430e-01 1.840940356254577637e+00
9.999975204467773438e+00 2.709038853645324707e-01 1.773714065551757812e+00
9.976449966430664062e+00 2.715551257133483887e-01 1.753237247467041016e+00
9.899540901184082031e+00 2.736779153347015381e-01 1.685805320739746094e+00
9.863355636596679688e+00 2.746671438217163086e-01 1.653317689895629883e+00
9.831051826477050781e+00 2.755462825298309326e-01 1.623991489410400391e+00
9.751005172729492188e+00 2.777160108089447021e-01 1.550601601600646973e+00
9.702842712402343750e+00 2.790083885192871094e-01 1.505357980728149414e+00
9.651761054992675781e+00 2.803707718849182129e-01 1.456669569015502930e+00
9.610030174255371094e+00 2.814765870571136475e-01 1.416279435157775879e+00
9.558051109313964844e+00 2.828466892242431641e-01 1.365338921546936035e+00
9.501688957214355469e+00 2.843225300312042236e-01 1.309240937232971191e+00
9.483300209045410156e+00 2.848005890846252441e-01 1.290630102157592773e+00
9.436646461486816406e+00 2.860106527805328369e-01 1.243156075477600098e+00
9.386812210083007812e+00 2.872955501079559326e-01 1.191743731498718262e+00
9.310423851013183594e+00 2.892526090145111084e-01 1.111776232719421387e+00
9.274564743041992188e+00 2.901623547077178955e-01 1.073391079902648926e+00
9.241865158081054688e+00 2.909881770610809326e-01 1.038020610809326172e+00
9.195915222167968750e+00 2.921438217163085938e-01 9.878445863723754883e-01
9.137562751770019531e+00 2.936028242111206055e-01 9.232736229896545410e-01
9.077109336853027344e+00 2.951031923294067383e-01 8.552443981170654297e-01
9.031171798706054688e+00 2.962345778942108154e-01 8.026468157768249512e-01
8.983512878417968750e+00 2.974016070365905762e-01 7.473569512367248535e-01
8.940655708312988281e+00 2.984448075294494629e-01 6.969582438468933105e-01
8.920785903930664062e+00 2.989259064197540283e-01 6.733051538467407227e-01
8.851317405700683594e+00 3.006037175655364990e-01 5.901440978050231934e-01
8.813421249389648438e+00 3.015111088752746582e-01 5.438789129257202148e-01
8.761045455932617188e+00 3.027594387531280518e-01 4.792486727237701416e-01
8.724968910217285156e+00 3.036138117313385010e-01 4.340711534023284912e-01
8.680536270141601562e+00 3.046615421772003174e-01 3.778633773326873779e-01
8.648875236511230469e+00 3.054041862487792969e-01 3.373098671436309814e-01
8.577357292175292969e+00 3.070755302906036377e-01 2.448917329311370850e-01
8.552275657653808594e+00 3.076568245887756348e-01 2.118270546197891235e-01
8.501336097717285156e+00 3.088341057300567627e-01 1.442053914070129395e-01
8.471113204956054688e+00 3.095286488533020020e-01 1.035129576921463013e-01
8.422352790832519531e+00 3.106455206871032715e-01 3.730890154838562012e-02
8.362333297729492188e+00 3.120130896568298340e-01 -4.528922587633132935e-02
8.344475746154785156e+00 3.142837285995483398e-01 -1.751084439456462860e-02
8.306639671325683594e+00 3.190732002258300781e-01 3.999818861484527588e-02
8.266076087951660156e+00 3.241618871688842773e-01 9.873655438423156738e-02
8.216514587402343750e+00 3.303253054618835449e-01 1.669660210609436035e-01
8.177704811096191406e+00 3.351056873798370361e-01 2.172677367925643921e-01
8.147738456726074219e+00 3.387724459171295166e-01 2.543637752532958984e-01
8.088700294494628906e+00 3.459628820419311523e-01 3.249446451663970947e-01
8.038604736328125000e+00 3.520129024982452393e-01 3.808788359165191650e-01
8.019817352294921875e+00 3.542678952217102051e-01 4.006940126419067383e-01
7.959551334381103516e+00 3.614865839481353760e-01 4.629333913326263428e-01
7.918039798736572266e+00 3.664280176162719727e-01 5.029826164245605469e-01
7.882268905639648438e+00 3.706705570220947266e-01 5.359234809875488281e-01
7.826170444488525391e+00 3.773053884506225586e-01 5.855521559715270996e-01
7.795112609863281250e+00 3.809642195701599121e-01 6.113361120223999023e-01
7.725479125976562500e+00 3.891526460647583008e-01 6.671440601348876953e-01
7.708769321441650391e+00 3.911105096340179443e-01 6.794978380203247070e-01
7.640876770019531250e+00 3.990601301193237305e-01 7.287271022796630859e-01
7.602509498596191406e+00 4.035415351390838623e-01 7.543824911117553711e-01
7.532631874084472656e+00 4.116956591606140137e-01 7.989802360534667969e-01
7.498608589172363281e+00 4.156606495380401611e-01 8.188659548759460449e-01
7.437879085540771484e+00 4.227357804775238037e-01 8.528326749801635742e-01
7.383669853210449219e+00 4.290497601032257080e-01 8.807737827301025391e-01
7.357453346252441406e+00 4.321040511131286621e-01 8.932920694351196289e-01
7.285826206207275391e+00 4.404512643814086914e-01 9.262099862098693848e-01
7.241949081420898438e+00 4.455699324607849121e-01 9.442613720893859863e-01
7.216455936431884766e+00 4.485470354557037354e-01 9.540178179740905762e-01
7.166089534759521484e+00 4.544331729412078857e-01 9.724661707878112793e-01
7.086698055267333984e+00 4.637261629104614258e-01 9.989965558052062988e-01
7.049970149993896484e+00 4.680380821228027344e-01 1.009443998336791992e+00
6.998036384582519531e+00 4.741456210613250732e-01 1.023046016693115234e+00
6.930828094482421875e+00 4.820704162120819092e-01 1.038526296615600586e+00
6.879243373870849609e+00 4.881761968135833740e-01 1.048323273658752441e+00
6.860404491424560547e+00 4.904134571552276611e-01 1.051323294639587402e+00
6.798627376556396484e+00 4.977596998214721680e-01 1.060473442077636719e+00
6.726146697998046875e+00 5.064172744750976562e-01 1.068569302558898926e+00
6.678153991699218750e+00 5.121828913688659668e-01 1.071889519691467285e+00
6.631111621856689453e+00 5.178582072257995605e-01 1.073824048042297363e+00
6.605272769927978516e+00 5.209892392158508301e-01 1.074176073074340820e+00
6.533063888549804688e+00 5.297616124153137207e-01 1.074068546295166016e+00
6.483926773071289062e+00 5.357753634452819824e-01 1.071913480758666992e+00
6.449998855590820312e+00 5.399505496025085449e-01 1.069442629814147949e+00
6.374942779541015625e+00 5.492238998413085938e-01 1.062467575073242188e+00
6.343222141265869141e+00 5.531792640686035156e-01 1.058097839355468750e+00
6.280659198760986328e+00 5.610134005546569824e-01 1.048281908035278320e+00
6.241068840026855469e+00 5.660137534141540527e-01 1.040560960769653320e+00
6.202341556549072266e+00 5.709335207939147949e-01 1.032061338424682617e+00
6.135383129119873047e+00 5.794903039932250977e-01 1.015745639801025391e+00
6.094864845275878906e+00 5.847238302230834961e-01 1.004150867462158203e+00
6.055256366729736328e+00 5.898753404617309570e-01 9.917768239974975586e-01
6.001767635345458984e+00 5.968813896179199219e-01 9.736719727516174316e-01
5.937452793121337891e+00 6.053895354270935059e-01 9.495944976806640625e-01
5.909433841705322266e+00 6.091432571411132812e-01 9.378628730773925781e-01
5.862581253051757812e+00 6.154571771621704102e-01 9.173160195350646973e-01
5.783522129058837891e+00 6.262198090553283691e-01 8.799710273742675781e-01
5.768127441406250000e+00 6.283536553382873535e-01 8.717895150184631348e-01
5.712150096893310547e+00 6.361422538757324219e-01 8.413712978363037109e-01
5.675424575805664062e+00 6.413248777389526367e-01 8.197858929634094238e-01
5.601375102996826172e+00 6.518779993057250977e-01 7.740275263786315918e-01
5.573369026184082031e+00 6.559531688690185547e-01 7.549477219581604004e-01
5.542490482330322266e+00 6.604847908020019531e-01 7.331324219703674316e-01
5.476398944854736328e+00 6.702789068222045898e-01 6.845521330833435059e-01
5.433521270751953125e+00 6.767726540565490723e-01 6.503022909164428711e-01
5.387587070465087891e+00 6.838364005088806152e-01 6.115910410881042480e-01
5.352930068969726562e+00 6.892591118812561035e-01 5.806666016578674316e-01
5.333402156829833984e+00 6.923573017120361328e-01 5.624734163284301758e-01
5.277297973632812500e+00 7.013317346572875977e-01 5.089104771614074707e-01
5.243267536163330078e+00 7.069095969200134277e-01 4.740697443485260010e-01
5.193531990051269531e+00 7.151930332183837891e-01 4.209125936031341553e-01
5.160632610321044922e+00 7.208095788955688477e-01 3.834516406059265137e-01
5.119698524475097656e+00 7.279223203659057617e-01 3.348051607608795166e-01
5.099401950836181641e+00 7.315321564674377441e-01 3.093452453613281250e-01
5.056555747985839844e+00 7.392472028732299805e-01 2.541022002696990967e-01
5.022016048431396484e+00 7.456384301185607910e-01 2.068746536970138550e-01
4.973513603210449219e+00 7.548297047615051270e-01 1.372280120849609375e-01
4.966036796569824219e+00 7.562986612319946289e-01 1.257026046514511108e-01
4.913232326507568359e+00 7.667361497879028320e-01 4.336638748645782471e-02
4.900143623352050781e+00 7.694411277770996094e-01 2.121319621801376343e-02
4.856173992156982422e+00 7.812173366546630859e-01 7.703877985477447510e-02
4.801803588867187500e+00 7.956823706626892090e-01 1.425053477287292480e-01
4.741538047790527344e+00 8.115961551666259766e-01 2.105462104082107544e-01
4.694673538208007812e+00 8.238798379898071289e-01 2.598752081394195557e-01
4.648226737976074219e+00 8.359915018081665039e-01 3.062137365341186523e-01
4.593412876129150391e+00 8.502182960510253906e-01 3.580897450447082520e-01
4.565104961395263672e+00 8.575285077095031738e-01 3.832642436027526855e-01
4.498589992523193359e+00 8.746645450592041016e-01 4.405573308467864990e-01
4.447227954864501953e+00 8.878274559974670410e-01 4.815561175346374512e-01
4.394683361053466797e+00 9.012449383735656738e-01 5.210898518562316895e-01
4.344691276550292969e+00 9.139679670333862305e-01 5.564647316932678223e-01
4.307335853576660156e+00 9.234474897384643555e-01 5.813736915588378906e-01
4.224547386169433594e+00 9.444149732589721680e-01 6.341433525085449219e-01
4.167794704437255859e+00 9.587307572364807129e-01 6.667461395263671875e-01
4.125641822814941406e+00 9.693388938903808594e-01 6.892331838607788086e-01
4.081499576568603516e+00 9.804306626319885254e-01 7.114790678024291992e-01
4.022255897521972656e+00 9.952954053878784180e-01 7.395474314689636230e-01
3.985644340515136719e+00 1.004465579986572266e+00 7.554458975791931152e-01
3.918476104736328125e+00 1.021273851394653320e+00 7.830139994621276855e-01
3.834994316101074219e+00 1.042133092880249023e+00 8.136977553367614746e-01
3.797786712646484375e+00 1.051416397094726562e+00 8.254440426826477051e-01
3.740648269653320312e+00 1.065665960311889648e+00 8.421946763992309570e-01
3.666045904159545898e+00 1.084260582923889160e+00 8.615142107009887695e-01
3.612191200256347656e+00 1.097677946090698242e+00 8.730937838554382324e-01
3.569569587707519531e+00 1.108295917510986328e+00 8.809264898300170898e-01
3.526108264923095703e+00 1.119124054908752441e+00 8.878487348556518555e-01
3.475955724716186523e+00 1.131621956825256348e+00 8.945914506912231445e-01
3.384743928909301758e+00 1.154360413551330566e+00 9.042537808418273926e-01
3.325123310089111328e+00 1.169237971305847168e+00 9.074900150299072266e-01
3.287585735321044922e+00 1.178614139556884766e+00 9.082652330398559570e-01
3.248887777328491211e+00 1.188287496566772461e+00 9.082451462745666504e-01
3.168799400329589844e+00 1.208325028419494629e+00 9.064527153968811035e-01
3.122897863388061523e+00 1.219832658767700195e+00 9.033392071723937988e-01
3.075931310653686523e+00 1.231624007225036621e+00 8.989220857620239258e-01
2.985503911972045898e+00 1.254362940788269043e+00 8.879750967025756836e-01
2.959998846054077148e+00 1.260798335075378418e+00 8.835452198982238770e-01
2.883480548858642578e+00 1.280127167701721191e+00 8.691029548645019531e-01
2.840637207031250000e+00 1.290988326072692871e+00 8.590577244758605957e-01
2.768239736557006836e+00 1.309383392333984375e+00 8.401935100555419922e-01
2.719274282455444336e+00 1.321876287460327148e+00 8.252344131469726562e-01
2.690183639526367188e+00 1.329321622848510742e+00 8.154404163360595703e-01
2.622365951538085938e+00 1.346713185310363770e+00 7.913290858268737793e-01
2.577163219451904297e+00 1.358362078666687012e+00 7.732297778129577637e-01
2.505442619323730469e+00 1.376911401748657227e+00 7.423002123832702637e-01
2.460331439971923828e+00 1.388650536537170410e+00 7.205684781074523926e-01
2.417306661605834961e+00 1.399894714355468750e+00 6.984210610389709473e-01
2.366773366928100586e+00 1.413158893585205078e+00 6.707678437232971191e-01
2.325071811676025391e+00 1.424165010452270508e+00 6.463032960891723633e-01
2.271497964859008789e+00 1.438373684883117676e+00 6.130639910697937012e-01
2.202942132949829102e+00 1.456677794456481934e+00 5.674372315406799316e-01
2.158931255340576172e+00 1.468538880348205566e+00 5.354668498039245605e-01
2.121264696121215820e+00 1.478757977485656738e+00 5.065420269966125488e-01
2.056694030761718750e+00 1.496383547782897949e+00 4.545580148696899414e-01
2.023992300033569336e+00 1.505411028861999512e+00 4.260330796241760254e-01
1.968063950538635254e+00 1.520948052406311035e+00 3.752132654190063477e-01
1.924671053886413574e+00 1.533142685890197754e+00 3.329339623451232910e-01
1.879604220390319824e+00 1.545933604240417480e+00 2.865506708621978760e-01
1.837661504745483398e+00 1.557971715927124023e+00 2.408232241868972778e-01
1.802344799041748047e+00 1.568224072456359863e+00 2.001605629920959473e-01
1.760127186775207520e+00 1.580608367919921875e+00 1.492175161838531494e-01
1.720430612564086914e+00 1.592411875724792480e+00 9.849372506141662598e-02
1.700861930847167969e+00 1.598312497138977051e+00 7.206297665834426880e-02
1.659660100936889648e+00 1.610830187797546387e+00 1.481906324625015259e-02
1.614545106887817383e+00 1.627518057823181152e+00 6.334581226110458374e-02
1.556468486785888672e+00 1.648900985717773438e+00 1.226399093866348267e-01
1.474690437316894531e+00 1.678845763206481934e+00 2.007485926151275635e-01
1.409713983535766602e+00 1.702473759651184082e+00 2.572566568851470947e-01
1.364133834838867188e+00 1.718968510627746582e+00 2.940630018711090088e-01
1.295260310173034668e+00 1.743816137313842773e+00 3.468544483184814453e-01
1.262580156326293945e+00 1.755555510520935059e+00 3.699746727943420410e-01
1.176878333091735840e+00 1.786284446716308594e+00 4.283270835876464844e-01
1.140338063240051270e+00 1.799326419830322266e+00 4.507517516613006592e-01
1.051019310951232910e+00 1.831151247024536133e+00 5.031446814537048340e-01
9.930279850959777832e-01 1.851732850074768066e+00 5.334447622299194336e-01
9.204462170600891113e-01 1.877435326576232910e+00 5.684967637062072754e-01
8.646044135093688965e-01 1.897159576416015625e+00 5.927908420562744141e-01
8.222976326942443848e-01 1.912077069282531738e+00 6.096899509429931641e-01
7.727393507957458496e-01 1.929530501365661621e+00 6.281794309616088867e-01
6.683813929557800293e-01 1.966235637664794922e+00 6.639481186866760254e-01
6.189109683036804199e-01 1.983592391014099121e+00 6.778137683868408203e-01
5.384812951087951660e-01 2.011784553527832031e+00 6.980434656143188477e-01
4.975429475307464600e-01 2.026114702224731445e+00 7.064527273178100586e-01
4.507356286048889160e-01 2.042490005493164062e+00 7.149862647056579590e-01
3.836047351360321045e-01 2.065962553024291992e+00 7.254647016525268555e-01
2.851639986038208008e-01 2.100359678268432617e+00 7.371538877487182617e-01
2.485447525978088379e-01 2.113146066665649414e+00 7.395107746124267578e-01
1.497207581996917725e-01 2.147648334503173828e+00 7.438845634460449219e-01
1.011356711387634277e-01 2.164608001708984375e+00 7.433955669403076172e-01
2.806999534368515015e-02 2.190115928649902344e+00 7.407063245773315430e-01
-4.955685138702392578e-02 2.217225313186645508e+00 7.347111105918884277e-01
-8.609542250633239746e-02 2.229993104934692383e+00 7.303054332733154297e-01
-1.589482128620147705e-01 2.255460739135742188e+00 7.200201749801635742e-01
-2.395080327987670898e-01 2.283649444580078125e+00 7.053012251853942871e-01
-3.128323853015899658e-01 2.309340715408325195e+00 6.884729862213134766e-01
-3.441302180290222168e-01 2.320323705673217773e+00 6.799253225326538086e-01
-4.238094091415405273e-01 2.348306417465209961e+00 6.566508412361145020e-01
-5.021041035652160645e-01 2.375862121582031250e+00 6.299195885658264160e-01
-5.485469698905944824e-01 2.392248868942260742e+00 6.117318272590637207e-01
-6.212537884712219238e-01 2.417947292327880859e+00 5.810189843177795410e-01
-6.831374168395996094e-01 2.439886093139648438e+00 5.517977476119995117e-01
-7.416497468948364258e-01 2.460690736770629883e+00 5.215805172920227051e-01
-7.919049859046936035e-01 2.478615283966064453e+00 4.934356212615966797e-01
-8.398602008819580078e-01 2.495770692825317383e+00 4.647050201892852783e-01
-8.759336471557617188e-01 2.508715867996215820e+00 4.416919946670532227e-01
-9.373733401298522949e-01 2.530820131301879883e+00 4.006308317184448242e-01
-9.937102198600769043e-01 2.551183938980102539e+00 3.599402904510498047e-01
-1.037885904312133789e+00 2.567229032516479492e+00 3.257112503051757812e-01
-1.093671202659606934e+00 2.587576389312744141e+00 2.800502777099609375e-01
-1.153309345245361328e+00 2.609455823898315430e+00 2.277512848377227783e-01
-1.195339798927307129e+00 2.624983310699462891e+00 1.880660504102706909e-01
-1.247848153114318848e+00 2.644489049911499023e+00 1.358020305633544922e-01
-1.291282296180725098e+00 2.660746812820434570e+00 8.959265053272247314e-02
-1.351510047912597656e+00 2.683449983596801758e+00 2.180795371532440186e-02
-1.411096811294555664e+00 2.706157922744750977e+00 -5.081959813833236694e-02
-1.476672530174255371e+00 2.736116886138916016e+00 1.247460395097732544e-02
-1.549266099929809570e+00 2.769085884094238281e+00 7.754986733198165894e-02
-1.609550237655639648e+00 2.796301841735839844e+00 1.273536235094070435e-01
-1.651912927627563477e+00 2.815341472625732422e+00 1.600563228130340576e-01
-1.748885154724121094e+00 2.858797073364257812e+00 2.314184308052062988e-01
-1.824642658233642578e+00 2.892532825469970703e+00 2.812262475490570068e-01
-1.886126756668090820e+00 2.919792413711547852e+00 3.181548118591308594e-01
-1.976588010787963867e+00 2.959768056869506836e+00 3.685264885425567627e-01
-2.007716417312622070e+00 2.973462343215942383e+00 3.839422166347503662e-01
-2.115779876708984375e+00 3.020936012268066406e+00 4.352676868438720703e-01
-2.185724020004272461e+00 3.051519393920898438e+00 4.636932611465454102e-01
-2.283685445785522461e+00 3.094237565994262695e+00 4.993576109409332275e-01
-2.319761514663696289e+00 3.109913825988769531e+00 5.104168653488159180e-01
-2.403489828109741211e+00 3.146254301071166992e+00 5.343618988990783691e-01
-2.504121065139770508e+00 3.189817428588867188e+00 5.584016442298889160e-01
-2.607984542846679688e+00 3.234651565551757812e+00 5.774626731872558594e-01
-2.632745504379272461e+00 3.245311975479125977e+00 5.806191563606262207e-01
-2.754027605056762695e+00 3.297498941421508789e+00 5.944808125495910645e-01
-2.799325704574584961e+00 3.316939592361450195e+00 5.967389941215515137e-01
-2.872399091720581055e+00 3.348274946212768555e+00 5.986355543136596680e-01
-2.969974994659423828e+00 3.390066146850585938e+00 5.974030494689941406e-01
-3.060415267944335938e+00 3.428745269775390625e+00 5.915821194648742676e-01
-3.154214620590209961e+00 3.468816995620727539e+00 5.810082554817199707e-01
-3.220030307769775391e+00 3.496908903121948242e+00 5.702407360076904297e-01
-3.288418054580688477e+00 3.526085615158081055e+00 5.565692782402038574e-01
-3.352469682693481445e+00 3.553403615951538086e+00 5.413052439689636230e-01
-3.428908586502075195e+00 3.585999488830566406e+00 5.202830433845520020e-01
-3.532719850540161133e+00 3.630266666412353516e+00 4.870713055133819580e-01
-3.567785978317260742e+00 3.645223379135131836e+00 4.736360907554626465e-01
-3.643170833587646484e+00 3.677384614944458008e+00 4.430823326110839844e-01
-3.748403787612915039e+00 3.722307205200195312e+00 3.952797949314117432e-01
-3.832678318023681641e+00 3.758327484130859375e+00 3.509351611137390137e-01
-3.855434179306030273e+00 3.768067836761474609e+00 3.375599384307861328e-01
-3.950725793838500977e+00 3.808876752853393555e+00 2.798872888088226318e-01
-3.997738361358642578e+00 3.829056739807128906e+00 2.478552758693695068e-01
-4.052145004272460938e+00 3.852444648742675781e+00 2.085898220539093018e-01
-4.158146381378173828e+00 3.898099899291992188e+00 1.268801242113113403e-01
-4.203829288482666016e+00 3.917862892150878906e+00 8.692596852779388428e-02
-4.240860939025878906e+00 3.933922529220581055e+00 5.269842967391014099e-02
-4.341549396514892578e+00 3.977685689926147461e+00 -4.466866329312324524e-02
-4.404562473297119141e+00 4.010629177093505859e+00 5.435157567262649536e-03
-4.509163379669189453e+00 4.065028667449951172e+00 8.284585177898406982e-02
-4.578193664550781250e+00 4.100639820098876953e+00 1.280469745397567749e-01
-4.654190540313720703e+00 4.139655590057373047e+00 1.738651543855667114e-01
-4.770637512207031250e+00 4.199140071868896484e+00 2.377589941024780273e-01
-4.853629589080810547e+00 4.241233825683593750e+00 2.767902314662933350e-01
-4.952086448669433594e+00 4.290940761566162109e+00 3.179302513599395752e-01
-5.078604221343994141e+00 4.354485988616943359e+00 3.632534444332122803e-01
-5.134596824645996094e+00 4.382435798645019531e+00 3.792084157466888428e-01
-5.259412288665771484e+00 4.444582939147949219e+00 4.108794927597045898e-01
-5.372479915618896484e+00 4.500576019287109375e+00 4.318549335002899170e-01
-5.486941337585449219e+00 4.557001113891601562e+00 4.462021291255950928e-01
-5.582061290740966797e+00 4.603688716888427734e+00 4.524243772029876709e-01
-5.703889369964599609e+00 4.663282394409179688e+00 4.543788135051727295e-01
-5.813052654266357422e+00 4.716459751129150391e+00 4.492276906967163086e-01
-5.908752441406250000e+00 4.762915134429931641e+00 4.392560124397277832e-01
-5.994221210479736328e+00 4.804284095764160156e+00 4.260238111019134521e-01
-6.086636543273925781e+00 4.848904609680175781e+00 4.074657559394836426e-01
-6.133206367492675781e+00 4.871331691741943359e+00 3.957465589046478271e-01
-6.268593311309814453e+00 4.936451911926269531e+00 3.581303060054779053e-01
-6.373385429382324219e+00 4.986678600311279297e+00 3.207931816577911377e-01
-6.447847843170166016e+00 5.022278308868408203e+00 2.894944250583648682e-01
-6.537359714508056641e+00 5.065001964569091797e+00 2.475935667753219604e-01
-6.638025760650634766e+00 5.112957954406738281e+00 1.944027096033096313e-01
-6.750871181488037109e+00 5.166609287261962891e+00 1.266157031059265137e-01
-6.791791915893554688e+00 5.186025142669677734e+00 9.842733293771743774e-02
-6.883945941925048828e+00 5.229723453521728516e+00 3.175823390483856201e-02
-6.980637550354003906e+00 5.275514125823974609e+00 -4.620513319969177246e-02
-7.059679985046386719e+00 5.321102142333984375e+00 1.116327941417694092e-02
-7.254222393035888672e+00 5.432480335235595703e+00 1.399639099836349487e-01
-7.369853496551513672e+00 5.497581481933593750e+00 1.999154388904571533e-01
-7.471001625061035156e+00 5.554030895233154297e+00 2.447099536657333374e-01
-7.648334026336669922e+00 5.652287960052490234e+00 3.122005164623260498e-01
-7.738296031951904297e+00 5.701540946960449219e+00 3.371096849441528320e-01
-7.932754039764404297e+00 5.807403087615966797e+00 3.812816441059112549e-01
-7.993772506713867188e+00 5.840228557586669922e+00 3.887489736080169678e-01
-8.173731803894042969e+00 5.936697959899902344e+00 4.050396680831909180e-01
-8.294710159301757812e+00 6.000881195068359375e+00 4.046570062637329102e-01
-8.494331359863281250e+00 6.106072425842285156e+00 3.915055394172668457e-01
-8.623718261718750000e+00 6.173495769500732422e+00 3.693757951259613037e-01
-8.767760276794433594e+00 6.248016834259033203e+00 3.346312046051025391e-01
-8.878979682922363281e+00 6.305090427398681641e+00 2.987638711929321289e-01
-9.022617340087890625e+00 6.378329753875732422e+00 2.429652512073516846e-01
-9.111942291259765625e+00 6.423487663269042969e+00 2.001772820949554443e-01
-9.257151603698730469e+00 6.496494770050048828e+00 1.218315735459327698e-01
-9.313907623291015625e+00 6.524761676788330078e+00 8.516209572553634644e-02
-9.506441116333007812e+00 6.620281219482421875e+00 -4.803114384412765503e-02
-9.596203804016113281e+00 6.664177894592285156e+00 -1.256325244903564453e-01
-9.827461242675781250e+00 6.803146839141845703e+00 4.763108491897583008e-02
-1.002371406555175781e+01 6.916880130767822266e+00 1.593208909034729004e-01
-1.015733337402343750e+01 6.992229461669921875e+00 2.182060331106185913e-01
-1.037535667419433594e+01 7.113053798675537109e+00 2.971315383911132812e-01
-1.069273948669433594e+01 7.284163475036621094e+00 3.737832307815551758e-01
-1.080728054046630859e+01 7.343538284301757812e+00 3.827119767665863037e-01
-1.101784992218017578e+01 7.451166152954101562e+00 3.873426616191864014e-01
-1.122100830078125000e+01 7.552280902862548828e+00 3.708699941635131836e-01
-1.148671531677246094e+01 7.681010723114013672e+00 3.225621879100799561e-01
-1.166159057617187500e+01 7.762541294097900391e+00 2.666451930999755859e-01
-1.197594451904296875e+01 7.905008792877197266e+00 1.354543119668960571e-01
-1.211505508422851562e+01 7.964371681213378906e+00 4.987066984176635742e-02
-1.225945281982421875e+01 8.023983001708984375e+00 -5.392937362194061279e-02
-1.283541297912597656e+01 8.326679229736328125e+00 2.755829095840454102e-01
-1.311330223083496094e+01 8.454814910888671875e+00 3.376124501228332520e-01
-1.384957408905029297e+01 8.774949073791503906e+00 4.048156440258026123e-01
-1.423116207122802734e+01 8.913964271545410156e+00 3.084615767002105713e-01
-1.449242973327636719e+01 8.998278617858886719e+00 1.928501278162002563e-01
-1.499285507202148438e+01 9.142749786376953125e+00 -1.043515950441360474e-01
-1.543271255493164062e+01 9.230643272399902344e+00 -5.368834137916564941e-01
-1.710715484619140625e+01 8.834426879882812500e+00 -8.703091144561767578e-01
-1.079888593750000000e+05 -3.621280468750000000e+04 -3.594681640625000000e+04
-5.379617374859165696e+18 -8.422126577613012992e+18 9.455789003757322240e+18
-9.268254101500592128e+18 -1.451003065138780570e+19 1.629087225150124851e+19
