2.353189659118652344e+01 -1.927866786718368530e-01 2.062479406595230103e-01
2.342929840087890625e+01 -2.094725519418716431e-01 2.714254558086395264e-01
2.326480865478515625e+01 -2.362637370824813843e-01 3.751731216907501221e-01
2.304362487792968750e+01 -2.723740935325622559e-01 5.130472183227539062e-01
2.295909500122070312e+01 -2.862170934677124023e-01 5.648827552795410156e-01
2.278504180908203125e+01 -3.147527277469635010e-01 6.709315180778503418e-01
2.263714218139648438e+01 -3.390557765960693359e-01 7.598311305046081543e-01
2.248260116577148438e+01 -3.644976317882537842e-01 8.516274690628051758e-01
2.240948295593261719e+01 -3.765576779842376709e-01 8.945087194442749023e-01
2.225631141662597656e+01 -4.018436074256896973e-01 9.837875962257385254e-01
2.210214805603027344e+01 -4.273386001586914062e-01 1.072467088699340820e+00
2.197426414489746094e+01 -4.485240280628204346e-01 1.145030260086059570e+00
2.177113723754882812e+01 -4.822205007076263428e-01 1.258950710296630859e+00
2.165267372131347656e+01 -5.019136667251586914e-01 1.324127674102783203e+00
2.155712509155273438e+01 -5.178159475326538086e-01 1.376094460487365723e+00
2.138217163085937500e+01 -5.469597578048706055e-01 1.470346450805664062e+00
2.130665779113769531e+01 -5.595589280128479004e-01 1.510304570198059082e+00
2.113031578063964844e+01 -5.890001058578491211e-01 1.602878451347351074e+00
2.105910491943359375e+01 -6.009065508842468262e-01 1.639555096626281738e+00
2.087405014038085938e+01 -6.318650245666503906e-01 1.734116196632385254e+00
2.077892684936523438e+01 -6.478009223937988281e-01 1.781705141067504883e+00
2.068769836425781250e+01 -6.630945205688476562e-01 1.826836228370666504e+00
2.054526519775390625e+01 -6.869861483573913574e-01 1.896526217460632324e+00
2.040774726867675781e+01 -7.100744247436523438e-01 1.962633728981018066e+00
2.024990463256835938e+01 -7.365967631340026855e-01 2.037186145782470703e+00
2.019359970092773438e+01 -7.460657358169555664e-01 2.063227891921997070e+00
2.001449012756347656e+01 -7.761957049369812012e-01 2.145435094833374023e+00
1.988844299316406250e+01 -7.974174022674560547e-01 2.201849699020385742e+00
1.977471351623535156e+01 -8.165746927261352539e-01 2.251822233200073242e+00
1.964577293395996094e+01 -8.383027911186218262e-01 2.307515859603881836e+00
1.958274459838867188e+01 -8.489277958869934082e-01 2.334198474884033203e+00
1.942703437805175781e+01 -8.751807808876037598e-01 2.399457693099975586e+00
1.927794837951660156e+01 -9.003250002861022949e-01 2.460358142852783203e+00
1.919320297241210938e+01 -9.146206378936767578e-01 2.494099617004394531e+00
1.907862854003906250e+01 -9.339494705200195312e-01 2.539035797119140625e+00
1.895360946655273438e+01 -9.550406932830810547e-01 2.587049484252929688e+00
1.887717247009277344e+01 -9.679355621337890625e-01 2.615716457366943359e+00
1.873205375671386719e+01 -9.924155473709106445e-01 2.669332981109619141e+00
1.860174560546875000e+01 -1.014393448829650879e+00 2.716080188751220703e+00
1.857120132446289062e+01 -1.019543766975402832e+00 2.726738691329956055e+00
1.838574600219726562e+01 -1.050812721252441406e+00 2.791025400161743164e+00
1.833358001708984375e+01 -1.059604048728942871e+00 2.808365583419799805e+00
1.820474433898925781e+01 -1.081311941146850586e+00 2.850666999816894531e+00
1.806336784362792969e+01 -1.105121135711669922e+00 2.895652294158935547e+00
1.795936584472656250e+01 -1.122625112533569336e+00 2.927568912506103516e+00
1.784795379638671875e+01 -1.141365766525268555e+00 2.960818290710449219e+00
1.773899650573730469e+01 -1.159681797027587891e+00 2.992336511611938477e+00
1.767585563659667969e+01 -1.170288562774658203e+00 3.010027885437011719e+00
1.755481529235839844e+01 -1.190613269805908203e+00 3.043299198150634766e+00
1.747377586364746094e+01 -1.204209327697753906e+00 3.064739942550659180e+00
1.737470626831054688e+01 -1.220819592475891113e+00 3.090258359909057617e+00
1.726651000976562500e+01 -1.238945245742797852e+00 3.117193460464477539e+00
1.714050292968750000e+01 -1.260034680366516113e+00 3.147358894348144531e+00
1.705974578857421875e+01 -1.273535013198852539e+00 3.165780544281005859e+00
1.693540763854980469e+01 -1.294304132461547852e+00 3.193233013153076172e+00
1.684216308593750000e+01 -1.309859275817871094e+00 3.212755203247070312e+00
1.680084800720214844e+01 -1.316744446754455566e+00 3.221046686172485352e+00
1.665547943115234375e+01 -1.340958714485168457e+00 3.249656915664672852e+00
1.657362747192382812e+01 -1.354569673538208008e+00 3.264636278152465820e+00
1.647584342956542969e+01 -1.370813369750976562e+00 3.281760454177856445e+00
1.635260391235351562e+01 -1.391260385513305664e+00 3.302169084548950195e+00
1.627830505371093750e+01 -1.403567314147949219e+00 3.313568830490112305e+00
1.615853118896484375e+01 -1.423386454582214355e+00 3.331056594848632812e+00
1.607791137695312500e+01 -1.436704397201538086e+00 3.341850519180297852e+00
1.599677562713623047e+01 -1.450091600418090820e+00 3.352043390274047852e+00
1.588939857482910156e+01 -1.467787265777587891e+00 3.364630937576293945e+00
1.585009860992431641e+01 -1.474253296852111816e+00 3.368795871734619141e+00
1.575938987731933594e+01 -1.489168405532836914e+00 3.378032445907592773e+00
1.566436481475830078e+01 -1.504770994186401367e+00 3.386789560317993164e+00
1.554848575592041016e+01 -1.523768663406372070e+00 3.396280527114868164e+00
1.547333717346191406e+01 -1.536065578460693359e+00 3.401483297348022461e+00
1.533093929290771484e+01 -1.559337854385375977e+00 3.410157680511474609e+00
1.527385902404785156e+01 -1.568644285202026367e+00 3.412722110748291016e+00
1.517758560180664062e+01 -1.584325790405273438e+00 3.416422843933105469e+00
1.511706447601318359e+01 -1.594167590141296387e+00 3.418080091476440430e+00
1.502720928192138672e+01 -1.608764886856079102e+00 3.419909954071044922e+00
1.493997478485107422e+01 -1.622914791107177734e+00 3.420768260955810547e+00
1.482933902740478516e+01 -1.640834093093872070e+00 3.420712709426879883e+00
1.475955677032470703e+01 -1.652115583419799805e+00 3.419750452041625977e+00
1.467195987701416016e+01 -1.666260600090026855e+00 3.417799949645996094e+00
1.458288955688476562e+01 -1.680622935295104980e+00 3.414858341217041016e+00
1.448754882812500000e+01 -1.695974111557006836e+00 3.410654306411743164e+00
1.444954109191894531e+01 -1.702084541320800781e+00 3.408522367477416992e+00
1.432147216796875000e+01 -1.722661972045898438e+00 3.400720834732055664e+00
1.425352096557617188e+01 -1.733558416366577148e+00 3.395463466644287109e+00
1.416511726379394531e+01 -1.747720360755920410e+00 3.387841701507568359e+00
1.410621929168701172e+01 -1.757143616676330566e+00 3.382078647613525391e+00
1.402031993865966797e+01 -1.770875811576843262e+00 3.373000860214233398e+00
1.395161151885986328e+01 -1.781847119331359863e+00 3.364947080612182617e+00
1.382432937622070312e+01 -1.802153468132019043e+00 3.348839759826660156e+00
1.377580451965332031e+01 -1.809882760047912598e+00 3.341848373413085938e+00
1.366583538055419922e+01 -1.827389597892761230e+00 3.325259685516357422e+00
1.361939239501953125e+01 -1.834774136543273926e+00 3.317533254623413086e+00
1.355844020843505859e+01 -1.844461083412170410e+00 3.306988954544067383e+00
1.346336364746093750e+01 -1.859562397003173828e+00 3.289707422256469727e+00
1.341527462005615234e+01 -1.867193698883056641e+00 3.280301094055175781e+00
1.328595924377441406e+01 -1.887706637382507324e+00 3.254091978073120117e+00
1.321545886993408203e+01 -1.898878097534179688e+00 3.238443613052368164e+00
1.314575290679931641e+01 -1.909918189048767090e+00 3.222227811813354492e+00
1.307780647277832031e+01 -1.920674800872802734e+00 3.205696582794189453e+00
1.300509643554687500e+01 -1.932181000709533691e+00 3.187242269515991211e+00
1.290639877319335938e+01 -1.947793722152709961e+00 3.161070346832275391e+00
1.287508487701416016e+01 -1.952744960784912109e+00 3.152276992797851562e+00
1.277243137359619141e+01 -1.968974113464355469e+00 3.122936248779296875e+00
1.271125602722167969e+01 -1.978642106056213379e+00 3.104434967041015625e+00
1.261613655090332031e+01 -1.993672132492065430e+00 3.074714660644531250e+00
1.255284118652343750e+01 -2.003671646118164062e+00 3.053938627243041992e+00
1.247167968750000000e+01 -2.016492366790771484e+00 3.026434898376464844e+00
1.242397117614746094e+01 -2.024028301239013672e+00 3.009609222412109375e+00
1.237496376037597656e+01 -2.031769275665283203e+00 2.991923809051513672e+00
1.228776359558105469e+01 -2.045542955398559570e+00 2.959715366363525391e+00
1.220631885528564453e+01 -2.058408021926879883e+00 2.928389310836791992e+00
1.213339328765869141e+01 -2.069928407669067383e+00 2.899285316467285156e+00
1.210702800750732422e+01 -2.074094057083129883e+00 2.888417243957519531e+00
1.201046276092529297e+01 -2.089352130889892578e+00 2.848150253295898438e+00
1.195689296722412109e+01 -2.097818613052368164e+00 2.824864387512207031e+00
1.185420703887939453e+01 -2.114050149917602539e+00 2.779208183288574219e+00
1.182566356658935547e+01 -2.118563652038574219e+00 2.765966176986694336e+00
1.173087978363037109e+01 -2.133553028106689453e+00 2.721479415893554688e+00
1.168550491333007812e+01 -2.140731573104858398e+00 2.699356555938720703e+00
1.161429882049560547e+01 -2.151999235153198242e+00 2.664011240005493164e+00
1.151749610900878906e+01 -2.167323112487792969e+00 2.614606380462646484e+00
1.148862934112548828e+01 -2.171895265579223633e+00 2.599316835403442383e+00
1.143090915679931641e+01 -2.181038618087768555e+00 2.568409681320190430e+00
1.136728000640869141e+01 -2.191121578216552734e+00 2.533592700958251953e+00
1.128022193908691406e+01 -2.204922914505004883e+00 2.484819412231445312e+00
1.120909595489501953e+01 -2.216205120086669922e+00 2.443684816360473633e+00
1.116138744354248047e+01 -2.223776578903198242e+00 2.415377855300903320e+00
1.107957649230957031e+01 -2.236764907836914062e+00 2.366005420684814453e+00
1.104824352264404297e+01 -2.241742372512817383e+00 2.346543788909912109e+00
1.094552803039550781e+01 -2.258063554763793945e+00 2.282043695449829102e+00
1.088535022735595703e+01 -2.267633438110351562e+00 2.242892742156982422e+00
1.081514263153076172e+01 -2.278804063796997070e+00 2.196271657943725586e+00
1.075608730316162109e+01 -2.288206100463867188e+00 2.156117439270019531e+00
1.072327136993408203e+01 -2.293433189392089844e+00 2.133360624313354492e+00
1.066024112701416016e+01 -2.303475856781005859e+00 2.089173793792724609e+00
1.058287715911865234e+01 -2.315809488296508789e+00 2.033801317214965820e+00
1.055211734771728516e+01 -2.320716857910156250e+00 2.011223316192626953e+00
1.048352813720703125e+01 -2.331662416458129883e+00 1.960375189781188965e+00
1.043324279785156250e+01 -2.339692354202270508e+00 1.922265887260437012e+00
1.035802078247070312e+01 -2.351709842681884766e+00 1.864337801933288574e+00
1.029458999633789062e+01 -2.361850976943969727e+00 1.814313769340515137e+00
1.025199890136718750e+01 -2.368664503097534180e+00 1.780050516128540039e+00
1.020230865478515625e+01 -2.376616954803466797e+00 1.739542245864868164e+00
1.011225032806396484e+01 -2.391036987304687500e+00 1.664986371994018555e+00
1.008686923980712891e+01 -2.395104646682739258e+00 1.643384695053100586e+00
9.985898017883300781e+00 -2.411290407180786133e+00 1.556779861450195312e+00
9.963207244873046875e+00 -2.414931297302246094e+00 1.536712408065795898e+00
9.886576652526855469e+00 -2.427230358123779297e+00 1.468475699424743652e+00
9.840667724609375000e+00 -2.434604167938232422e+00 1.426645994186401367e+00
9.801474571228027344e+00 -2.440902233123779297e+00 1.390443205833435059e+00
9.727413177490234375e+00 -2.452807903289794922e+00 1.321232438087463379e+00
9.670163154602050781e+00 -2.462017774581909180e+00 1.266549229621887207e+00
9.600360870361328125e+00 -2.473253250122070312e+00 1.198747277259826660e+00
9.551130294799804688e+00 -2.481182813644409180e+00 1.149943947792053223e+00
9.525148391723632812e+00 -2.485369682312011719e+00 1.123816370964050293e+00
9.465395927429199219e+00 -2.495000839233398438e+00 1.063276290893554688e+00
9.407181739807128906e+00 -2.504389286041259766e+00 1.003269672393798828e+00
9.362057685852050781e+00 -2.511670589447021484e+00 9.559720754623413086e-01
9.294377326965332031e+00 -2.522596120834350586e+00 8.841112852096557617e-01
9.219314575195312500e+00 -2.534720897674560547e+00 8.028608560562133789e-01
9.186564445495605469e+00 -2.540014505386352539e+00 7.666488289833068848e-01
9.124879837036132812e+00 -2.549987554550170898e+00 6.978119015693664551e-01
9.075471878051757812e+00 -2.557980060577392578e+00 6.417090892791748047e-01
9.017024993896484375e+00 -2.567438602447509766e+00 5.744175910949707031e-01
8.991723060607910156e+00 -2.571535348892211914e+00 5.448069572448730469e-01
8.918679237365722656e+00 -2.583364248275756836e+00 4.587200880050659180e-01
8.862841606140136719e+00 -2.592411756515502930e+00 3.915626406669616699e-01
8.841028213500976562e+00 -2.595947742462158203e+00 3.649186789989471436e-01
8.783771514892578125e+00 -2.605230331420898438e+00 2.945590019226074219e-01
8.709037780761718750e+00 -2.617351293563842773e+00 2.012603282928466797e-01
8.667037963867187500e+00 -2.624166488647460938e+00 1.477392017841339111e-01
8.637388229370117188e+00 -2.628978729248046875e+00 1.095190197229385376e-01
8.577313423156738281e+00 -2.638731002807617188e+00 3.144735097885131836e-02
8.534806251525878906e+00 -2.645633459091186523e+00 -2.470676973462104797e-02
8.488728523254394531e+00 -2.648108005523681641e+00 4.471232369542121887e-02
8.449272155761718750e+00 -2.650282621383666992e+00 1.008365750312805176e-01
8.406917572021484375e+00 -2.652661800384521484e+00 1.582842320203781128e-01
8.346426963806152344e+00 -2.656121253967285156e+00 2.363356351852416992e-01
8.295348167419433594e+00 -2.659107923507690430e+00 2.977877259254455566e-01
8.243577003479003906e+00 -2.662182569503784180e+00 3.565847277641296387e-01
8.222700119018554688e+00 -2.663439273834228516e+00 3.789690732955932617e-01
8.147098541259765625e+00 -2.668012142181396484e+00 4.581986963748931885e-01
8.119494438171386719e+00 -2.669708251953125000e+00 4.848102033138275146e-01
8.061598777770996094e+00 -2.673282146453857422e+00 5.389753580093383789e-01
7.990353584289550781e+00 -2.677718877792358398e+00 6.015320420265197754e-01
7.956538200378417969e+00 -2.679843425750732422e+00 6.289730668067932129e-01
7.914448261260986328e+00 -2.682496309280395508e+00 6.618739962577819824e-01
7.862603187561035156e+00 -2.685775279998779297e+00 7.005355358123779297e-01
7.795127868652343750e+00 -2.690057516098022461e+00 7.479695677757263184e-01
7.727878570556640625e+00 -2.694339513778686523e+00 7.916607856750488281e-01
7.662327289581298828e+00 -2.698521137237548828e+00 8.309298157691955566e-01
7.615933895111083984e+00 -2.701482295989990234e+00 8.565290570259094238e-01
7.555877685546875000e+00 -2.705314159393310547e+00 8.877286314964294434e-01
7.505250930786132812e+00 -2.708540201187133789e+00 9.119694232940673828e-01
7.441827774047851562e+00 -2.712574481964111328e+00 9.402226805686950684e-01
7.422084808349609375e+00 -2.713826656341552734e+00 9.482122063636779785e-01
7.325969219207763672e+00 -2.719914674758911133e+00 9.859139919281005859e-01
7.292914867401123047e+00 -2.721994876861572266e+00 9.969069957733154297e-01
7.211023807525634766e+00 -2.727133512496948242e+00 1.022507905960083008e+00
7.192218303680419922e+00 -2.728304147720336914e+00 1.027468681335449219e+00
7.104618072509765625e+00 -2.733745336532592773e+00 1.049612164497375488e+00
7.045489788055419922e+00 -2.737379312515258789e+00 1.061545968055725098e+00
6.975098133087158203e+00 -2.741669178009033203e+00 1.073370575904846191e+00
6.927415370941162109e+00 -2.744542837142944336e+00 1.079475879669189453e+00
6.887103080749511719e+00 -2.746951818466186523e+00 1.083554744720458984e+00
6.820692062377929688e+00 -2.750890254974365234e+00 1.088771700859069824e+00
6.771327018737792969e+00 -2.753778457641601562e+00 1.090812444686889648e+00
6.721089363098144531e+00 -2.756685495376586914e+00 1.091501355171203613e+00
6.660580635070800781e+00 -2.760145187377929688e+00 1.090628504753112793e+00
6.603881359100341797e+00 -2.763336658477783203e+00 1.087883591651916504e+00
6.531046867370605469e+00 -2.767371654510498047e+00 1.082027077674865723e+00
6.457124710083007812e+00 -2.771376609802246094e+00 1.073021888732910156e+00
6.399621009826660156e+00 -2.774414539337158203e+00 1.063572168350219727e+00
6.381693363189697266e+00 -2.775341272354125977e+00 1.060025215148925781e+00
6.323728561401367188e+00 -2.778316020965576172e+00 1.047945141792297363e+00
6.259777545928955078e+00 -2.781518697738647461e+00 1.032415866851806641e+00
6.203226089477539062e+00 -2.784267902374267578e+00 1.016497492790222168e+00
6.154637336730957031e+00 -2.786562681198120117e+00 1.001125454902648926e+00
6.086324214935302734e+00 -2.789702177047729492e+00 9.774241447448730469e-01
6.022813796997070312e+00 -2.792500972747802734e+00 9.525948166847229004e-01
5.968993663787841797e+00 -2.794770240783691406e+00 9.292841553688049316e-01
5.916772365570068359e+00 -2.796881675720214844e+00 9.047412276268005371e-01
5.872286319732666016e+00 -2.798600435256958008e+00 8.821946382522583008e-01
5.804127693176269531e+00 -2.801122903823852539e+00 8.454455137252807617e-01
5.747246265411376953e+00 -2.803077220916748047e+00 8.118591308593750000e-01
5.715675354003906250e+00 -2.804085731506347656e+00 7.918029427528381348e-01
5.675473213195800781e+00 -2.805312395095825195e+00 7.652254700660705566e-01
5.616796493530273438e+00 -2.806990623474121094e+00 7.244496345520019531e-01
5.573678970336914062e+00 -2.808095693588256836e+00 6.922696828842163086e-01
5.512120246887207031e+00 -2.809527635574340820e+00 6.438819766044616699e-01
5.476259708404541016e+00 -2.810231685638427734e+00 6.135577559471130371e-01
5.417595863342285156e+00 -2.811247825622558594e+00 5.617952346801757812e-01
5.380431652069091797e+00 -2.811741113662719727e+00 5.266532897949218750e-01
5.316320419311523438e+00 -2.812412261962890625e+00 4.632925391197204590e-01
5.297266483306884766e+00 -2.812511682510375977e+00 4.429679811000823975e-01
5.235194683074951172e+00 -2.812728643417358398e+00 3.752040863037109375e-01
5.205890655517578125e+00 -2.812656164169311523e+00 3.406978845596313477e-01
5.169846057891845703e+00 -2.812453508377075195e+00 2.966647148132324219e-01
5.100819587707519531e+00 -2.811778783798217773e+00 2.083776593208312988e-01
5.067958831787109375e+00 -2.811167478561401367e+00 1.623959243297576904e-01
5.047269821166992188e+00 -2.810681819915771484e+00 1.321129649877548218e-01
4.992824554443359375e+00 -2.809223413467407227e+00 5.005959421396255493e-02
4.958420753479003906e+00 -2.807974576950073242e+00 -6.030987948179244995e-03
4.910837173461914062e+00 -2.803346633911132812e+00 5.003254115581512451e-02
4.858670234680175781e+00 -2.798361778259277344e+00 1.083735376596450806e-01
4.782314777374267578e+00 -2.791194200515747070e+00 1.890912503004074097e-01
4.754507064819335938e+00 -2.788645029067993164e+00 2.161816656589508057e-01
4.689933776855468750e+00 -2.782770395278930664e+00 2.772853374481201172e-01
4.634541511535644531e+00 -2.777815341949462891e+00 3.262549042701721191e-01
4.554048538208007812e+00 -2.770708084106445312e+00 3.933925032615661621e-01
4.486338615417480469e+00 -2.764831781387329102e+00 4.452378451824188232e-01
4.428064346313476562e+00 -2.759838104248046875e+00 4.867295324802398682e-01
4.368388652801513672e+00 -2.754773855209350586e+00 5.266038775444030762e-01
4.295948505401611328e+00 -2.748681306838989258e+00 5.718948245048522949e-01
4.246999263763427734e+00 -2.744604349136352539e+00 6.000534296035766602e-01
4.180111885070800781e+00 -2.739064931869506836e+00 6.363662481307983398e-01
4.103436470031738281e+00 -2.732758998870849609e+00 6.747037172317504883e-01
4.089015007019042969e+00 -2.731580972671508789e+00 6.812306642532348633e-01
3.990897893905639648e+00 -2.723575353622436523e+00 7.247878909111022949e-01
3.919352293014526367e+00 -2.717777490615844727e+00 7.523982524871826172e-01
3.843462228775024414e+00 -2.711649656295776367e+00 7.785921096801757812e-01
3.778535127639770508e+00 -2.706421136856079102e+00 7.982647418975830078e-01
3.713795423507690430e+00 -2.701215028762817383e+00 8.155967593193054199e-01
3.641067743301391602e+00 -2.695370197296142578e+00 8.325516581535339355e-01
3.595701217651367188e+00 -2.691723585128784180e+00 8.413903117179870605e-01
3.556844472885131836e+00 -2.688597917556762695e+00 8.480438590049743652e-01
3.489207506179809570e+00 -2.683152198791503906e+00 8.582679033279418945e-01
3.393018484115600586e+00 -2.675391674041748047e+00 8.694642782211303711e-01
3.331479549407958984e+00 -2.670406103134155273e+00 8.736046552658081055e-01
3.263256549835205078e+00 -2.664858579635620117e+00 8.760622143745422363e-01
3.198753118515014648e+00 -2.659588098526000977e+00 8.761511445045471191e-01
3.103986978530883789e+00 -2.651803016662597656e+00 8.731721043586730957e-01
3.066999197006225586e+00 -2.648736715316772461e+00 8.702161312103271484e-01
2.973953962326049805e+00 -2.640990734100341797e+00 8.610072731971740723e-01
2.905316591262817383e+00 -2.635212182998657227e+00 8.508936166763305664e-01
2.860721111297607422e+00 -2.631421566009521484e+00 8.427065014839172363e-01
2.797970771789550781e+00 -2.626050949096679688e+00 8.296887874603271484e-01
2.716587543487548828e+00 -2.619013786315917969e+00 8.100346922874450684e-01
2.654857397079467773e+00 -2.613598346710205078e+00 7.923429012298583984e-01
2.610311031341552734e+00 -2.609642744064331055e+00 7.780122756958007812e-01
2.558264493942260742e+00 -2.604977369308471680e+00 7.599211931228637695e-01
2.487102031707763672e+00 -2.598523855209350586e+00 7.329882383346557617e-01
2.431505918502807617e+00 -2.593396186828613281e+00 7.095337510108947754e-01
2.361846208572387695e+00 -2.586878776550292969e+00 6.777025461196899414e-01
2.302678823471069336e+00 -2.581236124038696289e+00 6.479739546775817871e-01
2.224710226058959961e+00 -2.573668718338012695e+00 6.056590676307678223e-01
2.150936126708984375e+00 -2.566328525543212891e+00 5.615258812904357910e-01
2.105568647384643555e+00 -2.561697483062744141e+00 5.318619012832641602e-01
2.037600994110107422e+00 -2.554639339447021484e+00 4.849677085876464844e-01
1.988125562667846680e+00 -2.549360036849975586e+00 4.480261802673339844e-01
1.935671925544738770e+00 -2.543641805648803711e+00 4.065611064434051514e-01
1.895290493965148926e+00 -2.539131879806518555e+00 3.726590871810913086e-01
1.846008658409118652e+00 -2.533517837524414062e+00 3.293192386627197266e-01
1.772351861000061035e+00 -2.524909973144531250e+00 2.607643306255340576e-01
1.719634413719177246e+00 -2.518491744995117188e+00 2.073417901992797852e-01
1.688345551490783691e+00 -2.514557123184204102e+00 1.735998094081878662e-01
1.657157540321350098e+00 -2.510553598403930664e+00 1.386741846799850464e-01
1.580095887184143066e+00 -2.500445365905761719e+00 4.902309179306030273e-02
1.553166270256042480e+00 -2.496707201004028320e+00 1.454808190464973450e-02
1.502845287322998047e+00 -2.486384630203247070e+00 6.666617095470428467e-02
1.395493626594543457e+00 -2.464545726776123047e+00 1.720933169126510620e-01
1.343060731887817383e+00 -2.454049587249755859e+00 2.180599868297576904e-01
1.264747262001037598e+00 -2.438477516174316406e+00 2.830883860588073730e-01
1.181330204010009766e+00 -2.422042369842529297e+00 3.469180464744567871e-01
1.130893945693969727e+00 -2.412191390991210938e+00 3.822580873966217041e-01
1.060470819473266602e+00 -2.398500680923461914e+00 4.290223717689514160e-01
9.993438124656677246e-01 -2.386688470840454102e+00 4.666153192520141602e-01
9.240837097167968750e-01 -2.372213840484619141e+00 5.098451375961303711e-01
8.192689418792724609e-01 -2.352161169052124023e+00 5.650252699851989746e-01
7.640859484672546387e-01 -2.341672658920288086e+00 5.905638933181762695e-01
7.047362327575683594e-01 -2.330424785614013672e+00 6.161351799964904785e-01
6.316645741462707520e-01 -2.316615343093872070e+00 6.451719403266906738e-01
5.302749276161193848e-01 -2.297513961791992188e+00 6.813892126083374023e-01
4.522928595542907715e-01 -2.282876729965209961e+00 7.050251960754394531e-01
3.615768849849700928e-01 -2.265887260437011719e+00 7.288593053817749023e-01
2.939261198043823242e-01 -2.253243684768676758e+00 7.435235381126403809e-01
2.353246212005615234e-01 -2.242303609848022461e+00 7.542545795440673828e-01
1.327648907899856567e-01 -2.223170280456542969e+00 7.700800299644470215e-01
2.789340168237686157e-02 -2.203621149063110352e+00 7.810186147689819336e-01
-4.155140370130538940e-03 -2.197647571563720703e+00 7.827380895614624023e-01
-1.172244399785995483e-01 -2.176568031311035156e+00 7.870635390281677246e-01
-1.903689503669738770e-01 -2.162918567657470703e+00 7.858799695968627930e-01
-2.790529429912567139e-01 -2.146349191665649414e+00 7.813133001327514648e-01
-3.201008439064025879e-01 -2.138665199279785156e+00 7.774292230606079102e-01
-4.478686451911926270e-01 -2.114719629287719727e+00 7.627674341201782227e-01
-5.055476427078247070e-01 -2.103865861892700195e+00 7.524849176406860352e-01
-5.965484380722045898e-01 -2.086699962615966797e+00 7.335970997810363770e-01
-6.362772583961486816e-01 -2.079173326492309570e+00 7.234798669815063477e-01
-7.420820593833923340e-01 -2.059084415435791016e+00 6.943110823631286621e-01
-8.193997144699096680e-01 -2.044310569763183594e+00 6.685644388198852539e-01
-8.706743121147155762e-01 -2.034459114074707031e+00 6.492576003074645996e-01
-9.431338906288146973e-01 -2.020479917526245117e+00 6.198137998580932617e-01
-1.031172633171081543e+00 -2.003387689590454102e+00 5.802153944969177246e-01
-1.070147037506103516e+00 -1.995755910873413086e+00 5.605345964431762695e-01
-1.176494002342224121e+00 -1.974841952323913574e+00 5.041155219078063965e-01
-1.207089424133300781e+00 -1.968748927116394043e+00 4.856554567813873291e-01
-1.283001899719238281e+00 -1.953567981719970703e+00 4.381619393825531006e-01
-1.374506354331970215e+00 -1.935067296028137207e+00 3.756547272205352783e-01
-1.409848451614379883e+00 -1.927814364433288574e+00 3.488751947879791260e-01
-1.517887949943542480e+00 -1.905496597290039062e+00 2.636613845825195312e-01
-1.573893070220947266e+00 -1.893674135208129883e+00 2.138102799654006958e-01
-1.621933341026306152e+00 -1.883397817611694336e+00 1.682283431291580200e-01
-1.689072847366333008e+00 -1.868854880332946777e+00 1.008838266134262085e-01
-1.748325109481811523e+00 -1.855770826339721680e+00 3.657548874616622925e-02
-1.775390744209289551e+00 -1.849677801132202148e+00 5.014497786760330200e-03
-1.893069982528686523e+00 -1.814147591590881348e+00 1.194199919700622559e-01
-1.932773590087890625e+00 -1.802338123321533203e+00 1.536315977573394775e-01
-2.031594514846801758e+00 -1.773072838783264160e+00 2.354802340269088745e-01
-2.127969980239868164e+00 -1.744821548461914062e+00 3.077169358730316162e-01
-2.227222681045532227e+00 -1.715981721878051758e+00 3.751430511474609375e-01
-2.268127441406250000e+00 -1.704191803932189941e+00 4.001955389976501465e-01
-2.377684354782104492e+00 -1.672708988189697266e+00 4.644508063793182373e-01
-2.493448257446289062e+00 -1.639695644378662109e+00 5.245937108993530273e-01
-2.568415641784667969e+00 -1.618469476699829102e+00 5.585678219795227051e-01
-2.694541215896606445e+00 -1.582905769348144531e+00 6.105865240097045898e-01
-2.780843973159790039e+00 -1.558726191520690918e+00 6.404820084571838379e-01
-2.845105886459350586e+00 -1.540790796279907227e+00 6.599628329277038574e-01
-2.935008287429809570e+00 -1.515764355659484863e+00 6.843931078910827637e-01
-3.069652557373046875e+00 -1.478409409523010254e+00 7.151741981506347656e-01
-3.153346538543701172e+00 -1.455295324325561523e+00 7.290171980857849121e-01
-3.229121446609497070e+00 -1.434418082237243652e+00 7.386357188224792480e-01
-3.339148998260498047e+00 -1.404161572456359863e+00 7.488055825233459473e-01
-3.434972047805786133e+00 -1.377876043319702148e+00 7.528858780860900879e-01
-3.517206192016601562e+00 -1.355357766151428223e+00 7.528281211853027344e-01
-3.648283481597900391e+00 -1.319508075714111328e+00 7.478577494621276855e-01
-3.761342287063598633e+00 -1.288633823394775391e+00 7.368080019950866699e-01
-3.842572450637817383e+00 -1.266467928886413574e+00 7.246139645576477051e-01
-3.956455945968627930e+00 -1.235396862030029297e+00 7.031529545783996582e-01
-3.997905254364013672e+00 -1.224086284637451172e+00 6.930631995201110840e-01
-4.114084243774414062e+00 -1.192374706268310547e+00 6.624001264572143555e-01
-4.218611717224121094e+00 -1.163814425468444824e+00 6.286590695381164551e-01
-4.313709735870361328e+00 -1.137789964675903320e+00 5.927011370658874512e-01
-4.403862476348876953e+00 -1.113069415092468262e+00 5.538596510887145996e-01
-4.493294239044189453e+00 -1.088485836982727051e+00 5.106304883956909180e-01
-4.573386192321777344e+00 -1.066402196884155273e+00 4.675086438655853271e-01
-4.619812488555908203e+00 -1.053558230400085449e+00 4.400861859321594238e-01
-4.741997241973876953e+00 -1.019677996635437012e+00 3.640178442001342773e-01
-4.823477745056152344e+00 -9.969307184219360352e-01 3.060184717178344727e-01
-4.917455196380615234e+00 -9.705435633659362793e-01 2.329420596361160278e-01
-4.974184513092041016e+00 -9.544891119003295898e-01 1.841130107641220093e-01
-5.046592712402343750e+00 -9.338802695274353027e-01 1.177856698632240295e-01
-5.107262611389160156e+00 -9.164687395095825195e-01 5.755908787250518799e-02
-5.194562435150146484e+00 -8.912105560302734375e-01 -3.530357778072357178e-02
-5.312579154968261719e+00 -8.464444279670715332e-01 6.449739634990692139e-02
-5.403771400451660156e+00 -8.123255372047424316e-01 1.331036686897277832e-01
-5.501433849334716797e+00 -7.761316299438476562e-01 2.002120614051818848e-01
-5.567346096038818359e+00 -7.519323825836181641e-01 2.412293553352355957e-01
-5.743525028228759766e+00 -6.876275539398193359e-01 3.436289727687835693e-01
-5.861082077026367188e+00 -6.453456282615661621e-01 3.997855782508850098e-01
-5.988476753234863281e+00 -5.999214649200439453e-01 4.525844156742095947e-01
-6.047245025634765625e+00 -5.791485905647277832e-01 4.731199145317077637e-01
-6.222079753875732422e+00 -5.175797939300537109e-01 5.291844010353088379e-01
-6.310792446136474609e+00 -4.866712987422943115e-01 5.502359271049499512e-01
-6.481622695922851562e+00 -4.274445176124572754e-01 5.838375687599182129e-01
-6.554755210876464844e+00 -4.023181200027465820e-01 5.926083922386169434e-01
-6.724033832550048828e+00 -3.443643152713775635e-01 6.074647903442382812e-01
-6.810008525848388672e+00 -3.151634335517883301e-01 6.086328625679016113e-01
-6.905888557434082031e+00 -2.827186584472656250e-01 6.063398122787475586e-01
-7.091208457946777344e+00 -2.202568501234054565e-01 5.941219925880432129e-01
-7.162625312805175781e+00 -1.963628232479095459e-01 5.835292339324951172e-01
-7.336855888366699219e+00 -1.382194459438323975e-01 5.520429015159606934e-01
-7.481275558471679688e+00 -9.031743556261062622e-02 5.142192244529724121e-01
-7.602084159851074219e+00 -5.042979493737220764e-02 4.740515053272247314e-01
-7.649496555328369141e+00 -3.482975810766220093e-02 4.553379118442535400e-01
-7.814787864685058594e+00 1.948936283588409424e-02 3.858862221240997314e-01
-7.884518146514892578e+00 4.230884462594985962e-02 3.500814437866210938e-01
-8.039265632629394531e+00 9.287725389003753662e-02 2.640349864959716797e-01
-8.133224487304687500e+00 1.234904602169990540e-01 2.022435069084167480e-01
-8.176316261291503906e+00 1.375127434730529785e-01 1.709393858909606934e-01
-8.301185607910156250e+00 1.781292557716369629e-01 7.599315792322158813e-02
-8.389894485473632812e+00 2.069576084613800049e-01 -8.781850337982177734e-04
-8.597740173339843750e+00 2.959848046302795410e-01 1.564728468656539917e-01
-8.709889411926269531e+00 3.428533077239990234e-01 2.249475270509719849e-01
-8.908421516418457031e+00 4.248699247837066650e-01 3.325536251068115234e-01
-9.064481735229492188e+00 4.881286919116973877e-01 3.996481299400329590e-01
-9.284210205078125000e+00 5.759990215301513672e-01 4.764977097511291504e-01
-9.450516700744628906e+00 6.413301825523376465e-01 5.170348286628723145e-01
-9.552535057067871094e+00 6.809061765670776367e-01 5.341776013374328613e-01
-9.765309333801269531e+00 7.628410458564758301e-01 5.603291392326354980e-01
-9.951278686523437500e+00 8.333758711814880371e-01 5.658464431762695312e-01
-1.013066291809082031e+01 9.005436897277832031e-01 5.566557645797729492e-01
-1.018712139129638672e+01 9.214266538619995117e-01 5.493059754371643066e-01
-1.038492584228515625e+01 9.943137764930725098e-01 5.185683369636535645e-01
-1.055028820037841797e+01 1.054424047470092773e+00 4.778564870357513428e-01
-1.072378349304199219e+01 1.116768717765808105e+00 4.212782680988311768e-01
-1.084523296356201172e+01 1.159870147705078125e+00 3.708002269268035889e-01
-1.103431987762451172e+01 1.226373195648193359e+00 2.794351577758789062e-01
-1.119621753692626953e+01 1.282469511032104492e+00 1.825503408908843994e-01
-1.131389045715332031e+01 1.322682142257690430e+00 9.884864091873168945e-02
-1.146094512939453125e+01 1.372390151023864746e+00 -1.957298815250396729e-02
-1.152419090270996094e+01 1.393447160720825195e+00 -7.910694181919097900e-02
-1.192256450653076172e+01 1.571681380271911621e+00 2.412073761224746704e-01
-1.219923019409179688e+01 1.685805916786193848e+00 3.874123692512512207e-01
-1.240081214904785156e+01 1.765091657638549805e+00 4.645553529262542725e-01
-1.273257827758789062e+01 1.891383528709411621e+00 5.602723956108093262e-01
-1.284334373474121094e+01 1.931361317634582520e+00 5.761626958847045898e-01
-1.326505851745605469e+01 2.080910682678222656e+00 6.175090074539184570e-01
-1.338919925689697266e+01 2.121932029724121094e+00 6.081597208976745605e-01
-1.371822929382324219e+01 2.228293657302856445e+00 5.667368173599243164e-01
-1.395810317993164062e+01 2.301049470901489258e+00 5.029742717742919922e-01
-1.425636959075927734e+01 2.386796951293945312e+00 3.908725082874298096e-01
-1.443475055694580078e+01 2.434123039245605469e+00 2.964332699775695801e-01
-1.471210384368896484e+01 2.503428459167480469e+00 1.200404912233352661e-01
-1.486694240570068359e+01 2.537660598754882812e+00 -9.233191609382629395e-03
-1.512149047851562500e+01 2.588704586029052734e+00 -2.579628527164459229e-01
-1.558254909515380859e+01 2.715508460998535156e+00 -4.901106655597686768e-02
-1.596823501586914062e+01 2.802011251449584961e+00 4.685782641172409058e-02
-1.660141754150390625e+01 2.919241428375244141e+00 1.106068342924118042e-01
-1.738463020324707031e+01 3.013108253479003906e+00 5.321189761161804199e-03
-1.769647598266601562e+01 3.020693540573120117e+00 -1.365038901567459106e-01
-2.112748908996582031e+01 3.036838293075561523e+00 2.067961245775222778e-01
-2.339598846435546875e+01 1.582169413566589355e+00 -3.426725625991821289e+00
-2.079305839538574219e+01 2.919715642929077148e-01 -6.508339881896972656e+00
7.561953906250000000e+04 1.555524707031250000e+04 -9.263067187500000000e+04
-7.968445759906591539e+19 9.806120208962682880e+17 1.708306466185339208e+20
-1.348270416099855565e+20 1.659207164218048512e+18 2.890474804169167340e+20
-2.082855014226303386e+20 2.563200748124897280e+18 4.465305660476453028e+20
-2.655591324822263562e+20 3.268020961756053504e+18 5.693160377852048179e+20
-3.486142529274023772e+20 4.290113227041275904e+18 7.473728507433430548e+20
-4.191616633465334661e+20 5.158282935408787456e+18 8.986151963357452698e+20
-5.244047701105547674e+20 6.453424619801018368e+18 1.124239485955007840e+21
-5.733352893464004526e+20 7.055572712508358656e+18 1.229138595113116631e+21
-6.539250584314980598e+20 8.047326153448357888e+18 1.401910187617930969e+21
-6.823111765140701184e+20 8.396650893197443072e+18 1.462765499795239862e+21
-7.553100228741184881e+20 9.294987627218337792e+18 1.619263194309062558e+21
-8.642720122148130652e+20 1.063589483384930304e+19 1.852860121906166104e+21
-9.232727561393196237e+20 1.136196943187909018e+19 1.979348221040493855e+21
-9.688465103560302920e+20 1.192280942248670003e+19 2.077051000206529659e+21
-1.050341678888089813e+21 1.292570476450676736e+19 2.251763503413252325e+21
-1.127393694544027451e+21 1.387392139327753421e+19 2.416950471195621327e+21
-1.213958790356599308e+21 1.493920742310412288e+19 2.602531989890537619e+21
-1.240046735623073038e+21 1.526025052476355379e+19 2.658460223338014835e+21
-1.339467778784439042e+21 1.648374418319920333e+19 2.871602927327508431e+21
-1.415767622933861630e+21 1.742270512308735181e+19 3.035177606443278795e+21
-1.499867420162913206e+21 1.845765342808034509e+19 3.215473869500499100e+21
-1.559996386162820252e+21 1.919761155943405978e+19 3.344380683109701517e+21
-1.600096296507438793e+21 1.969108777114271744e+19 3.430348489021693362e+21
-1.693792701592463475e+21 2.084413462007513088e+19 3.631218602551625646e+21
-1.766401564372279230e+21 2.173767253559659725e+19 3.786880175647129338e+21
-1.834149354304301957e+21 2.257139042149728256e+19 3.932120419204897702e+21
-1.908777800042016670e+21 2.348978169785299763e+19 4.092111921867141415e+21
-1.983044128222193123e+21 2.440371775309296435e+19 4.251326835068640428e+21
-2.007892457691233124e+21 2.470950513091700326e+19 4.304597663260992340e+21
-2.077854892740015292e+21 2.557047551202374451e+19 4.454585826725916049e+21
-2.185911588186864222e+21 2.690024026781882778e+19 4.686241984358599623e+21
-2.225287263416406245e+21 2.738480383827273318e+19 4.770656892824078778e+21
-2.284134814584838029e+21 2.810899277386088448e+19 4.896816792135561904e+21
-2.372789299149533086e+21 2.919998978359138714e+19 5.086877703609851576e+21
-2.465663938040051007e+21 3.034292332457151693e+19 5.285985783785575154e+21
-2.496752286267789541e+21 3.072550059447943168e+19 5.352633991721077703e+21
-2.596660703351330046e+21 3.195499428786785485e+19 5.566821812299097965e+21
-2.629141789763832906e+21 3.235471294405279744e+19 5.636455906787547152e+21
-2.704647733741443088e+21 3.328390362361652838e+19 5.798328225244171469e+21
-2.787661178297879888e+21 3.430548186721576550e+19 5.976295282869111095e+21
-2.842427764516472226e+21 3.497944950969362022e+19 6.093705814004520190e+21
-2.954398228776994472e+21 3.635737947185505894e+19 6.333752740692948419e+21
-3.025029307632952803e+21 3.722657859798407578e+19 6.485174456214259499e+21
-3.088612534547053019e+21 3.800904384886761062e+19 6.621486594985742565e+21
-3.144019757812638810e+21 3.869089498971661926e+19 6.740270724007499661e+21
