2.341538238525390625e+01 -2.159665375947952271e-01 1.979813426733016968e-01
2.320094108581542969e+01 -2.003993839025497437e-01 3.320415914058685303e-01
2.307604026794433594e+01 -1.914345175027847290e-01 4.092658460140228271e-01
2.287210845947265625e+01 -1.768900454044342041e-01 5.345046520233154297e-01
2.275870323181152344e+01 -1.688849329948425293e-01 6.033523082733154297e-01
2.255742835998535156e+01 -1.547552049160003662e-01 7.247318625450134277e-01
2.243556213378906250e+01 -1.462825536727905273e-01 7.973221540451049805e-01
2.229339027404785156e+01 -1.364535689353942871e-01 8.813484907150268555e-01
2.212342834472656250e+01 -1.247786730527877808e-01 9.808548092842102051e-01
2.207262802124023438e+01 -1.213152259588241577e-01 1.010248422622680664e+00
2.189784431457519531e+01 -1.094243302941322327e-01 1.111013293266296387e+00
2.175875854492187500e+01 -1.000315397977828979e-01 1.190173029899597168e+00
2.162852478027343750e+01 -9.128566086292266846e-02 1.263507485389709473e+00
2.139519309997558594e+01 -7.569556683301925659e-02 1.393537998199462891e+00
2.134612464904785156e+01 -7.244598865509033203e-02 1.420353531837463379e+00
2.119448852539062500e+01 -6.242116540670394897e-02 1.502866029739379883e+00
2.105134582519531250e+01 -5.300749838352203369e-02 1.579704403877258301e+00
2.088668251037597656e+01 -4.222963750362396240e-02 1.666918516159057617e+00
2.073967361450195312e+01 -3.265698999166488647e-02 1.743538856506347656e+00
2.062641906738281250e+01 -2.531420812010765076e-02 1.801685214042663574e+00
2.048251724243164062e+01 -1.601366698741912842e-02 1.874681472778320312e+00
2.039034461975097656e+01 -1.007902435958385468e-02 1.920699954032897949e+00
2.020393562316894531e+01 1.896280795335769653e-03 2.012792110443115234e+00
2.016149330139160156e+01 4.610999487340450287e-03 2.033299446105957031e+00
2.001465415954589844e+01 1.399469561874866486e-02 2.103876113891601562e+00
1.984979820251464844e+01 2.449817582964897156e-02 2.181645870208740234e+00
1.978544235229492188e+01 2.858601696789264679e-02 2.211344480514526367e+00
1.961679458618164062e+01 3.928721323609352112e-02 2.288479566574096680e+00
1.953486824035644531e+01 4.447210207581520081e-02 2.325052261352539062e+00
1.943463897705078125e+01 5.080863833427429199e-02 2.369250059127807617e+00
1.929675865173339844e+01 5.951505154371261597e-02 2.429116249084472656e+00
1.914610099792480469e+01 6.901440769433975220e-02 2.493096113204956055e+00
1.909332275390625000e+01 7.233782112598419189e-02 2.514945983886718750e+00
1.894315147399902344e+01 8.179093152284622192e-02 2.576545000076293945e+00
1.881079483032226562e+01 9.011538326740264893e-02 2.629377126693725586e+00
1.869890022277832031e+01 9.714952111244201660e-02 2.672926902770996094e+00
1.862062263488769531e+01 1.020693853497505188e-01 2.702719211578369141e+00
1.850465774536132812e+01 1.093579456210136414e-01 2.746145725250244141e+00
1.836264610290527344e+01 1.182845458388328552e-01 2.798016548156738281e+00
1.831097984313964844e+01 1.215333417057991028e-01 2.816291332244873047e+00
1.813767433166503906e+01 1.324336379766464233e-01 2.876851320266723633e+00
1.808065032958984375e+01 1.360236555337905884e-01 2.895945549011230469e+00
1.798796272277832031e+01 1.418613940477371216e-01 2.926526308059692383e+00
1.790670013427734375e+01 1.469836086034774780e-01 2.952681541442871094e+00
1.779337882995605469e+01 1.541323065757751465e-01 2.988341569900512695e+00
1.763953399658203125e+01 1.638495028018951416e-01 3.035187721252441406e+00
1.754709053039550781e+01 1.696997433900833130e-01 3.062030553817749023e+00
1.747906684875488281e+01 1.740103214979171753e-01 3.081192255020141602e+00
1.732501220703125000e+01 1.837829649448394775e-01 3.123591184616088867e+00
1.723361587524414062e+01 1.895956248044967651e-01 3.147381305694580078e+00
1.717999458312988281e+01 1.930116862058639526e-01 3.160854339599609375e+00
1.707775306701660156e+01 1.995318979024887085e-01 3.185994148254394531e+00
1.699225234985351562e+01 2.049957364797592163e-01 3.206130981445312500e+00
1.686109733581542969e+01 2.133923023939132690e-01 3.235864639282226562e+00
1.676150703430175781e+01 2.197867035865783691e-01 3.257072448730468750e+00
1.669015312194824219e+01 2.243788242340087891e-01 3.271507263183593750e+00
1.657073402404785156e+01 2.320776879787445068e-01 3.294741392135620117e+00
1.645882415771484375e+01 2.393140941858291626e-01 3.315042018890380859e+00
1.639462852478027344e+01 2.434772551059722900e-01 3.325880527496337891e+00
1.630010795593261719e+01 2.496174275875091553e-01 3.341146945953369141e+00
1.622908592224121094e+01 2.542429268360137939e-01 3.351842880249023438e+00
1.616476440429687500e+01 2.584402263164520264e-01 3.360994815826416016e+00
1.600678634643554688e+01 2.687673866748809814e-01 3.382269144058227539e+00
1.593066120147705078e+01 2.737658619880676270e-01 3.391071081161499023e+00
1.584751796722412109e+01 2.792368233203887939e-01 3.399906396865844727e+00
1.580634403228759766e+01 2.819524109363555908e-01 3.403855323791503906e+00
1.566755867004394531e+01 2.911164164543151855e-01 3.416446685791015625e+00
1.558700275421142578e+01 2.964561283588409424e-01 3.422327756881713867e+00
1.550773334503173828e+01 3.017219603061676025e-01 3.427284479141235352e+00
1.541823959350585938e+01 3.076794445514678955e-01 3.431945800781250000e+00
1.531311702728271484e+01 3.146933615207672119e-01 3.436164379119873047e+00
1.529015159606933594e+01 3.162296116352081299e-01 3.436758279800415039e+00
1.519573974609375000e+01 3.225486874580383301e-01 3.438902378082275391e+00
1.506270503997802734e+01 3.314721286296844482e-01 3.440184593200683594e+00
1.503852558135986328e+01 3.330986499786376953e-01 3.439964056015014648e+00
1.489669418334960938e+01 3.426438570022583008e-01 3.438179969787597656e+00
1.487200641632080078e+01 3.443097472190856934e-01 3.437362432479858398e+00
1.474148082733154297e+01 3.531206846237182617e-01 3.432567596435546875e+00
1.465343379974365234e+01 3.590758740901947021e-01 3.427625656127929688e+00
1.459101104736328125e+01 3.633023202419281006e-01 3.423290967941284180e+00
1.450930213928222656e+01 3.688379526138305664e-01 3.416836500167846680e+00
1.446733570098876953e+01 3.716829717159271240e-01 3.412990570068359375e+00
1.437809753417968750e+01 3.777342438697814941e-01 3.404227256774902344e+00
1.425629901885986328e+01 3.859969377517700195e-01 3.390549659729003906e+00
1.418312072753906250e+01 3.909627497196197510e-01 3.380900859832763672e+00
1.415293693542480469e+01 3.930109143257141113e-01 3.376560688018798828e+00
1.402928829193115234e+01 4.014003574848175049e-01 3.358167886734008789e+00
1.397655487060546875e+01 4.049766361713409424e-01 3.349238872528076172e+00
1.389206314086914062e+01 4.107046127319335938e-01 3.334180355072021484e+00
1.384372138977050781e+01 4.139795899391174316e-01 3.324867963790893555e+00
1.375086975097656250e+01 4.202666878700256348e-01 3.306207895278930664e+00
1.367388725280761719e+01 4.254735410213470459e-01 3.289491415023803711e+00
1.358558082580566406e+01 4.314398169517517090e-01 3.269115447998046875e+00
1.351243305206298828e+01 4.363749325275421143e-01 3.251081228256225586e+00
1.344539260864257812e+01 4.408919811248779297e-01 3.233664035797119141e+00
1.340254211425781250e+01 4.437752664089202881e-01 3.222005128860473633e+00
1.332220935821533203e+01 4.491756856441497803e-01 3.199511528015136719e+00
1.324998474121093750e+01 4.540222883224487305e-01 3.178204774856567383e+00
1.313633441925048828e+01 4.616354107856750488e-01 3.143126010894775391e+00
1.306432247161865234e+01 4.664451181888580322e-01 3.119328975677490234e+00
1.299891757965087891e+01 4.708046615123748779e-01 3.096798181533813477e+00
1.296401786804199219e+01 4.731263816356658936e-01 3.084326267242431641e+00
1.285655498504638672e+01 4.802677035331726074e-01 3.045177936553955078e+00
1.282318496704101562e+01 4.824776947498321533e-01 3.032300949096679688e+00
1.273345470428466797e+01 4.884136021137237549e-01 2.997066736221313477e+00
1.265473937988281250e+01 4.936047792434692383e-01 2.964707374572753906e+00
1.262360858917236328e+01 4.956519603729248047e-01 2.951399564743041992e+00
1.252560329437255859e+01 5.020894408226013184e-01 2.908862113952636719e+00
1.247667217254638672e+01 5.052914619445800781e-01 2.886605501174926758e+00
1.239604759216308594e+01 5.105572938919067383e-01 2.849084138870239258e+00
1.233520412445068359e+01 5.145180821418762207e-01 2.819701671600341797e+00
1.225255393981933594e+01 5.198847651481628418e-01 2.778680562973022461e+00
1.219692325592041016e+01 5.234841704368591309e-01 2.750044584274291992e+00
1.214101028442382812e+01 5.270928740501403809e-01 2.720561504364013672e+00
1.204377079010009766e+01 5.333529710769653320e-01 2.668047904968261719e+00
1.197639083862304688e+01 5.376712083816528320e-01 2.630146265029907227e+00
1.191998767852783203e+01 5.412743687629699707e-01 2.597528219223022461e+00
1.186716461181640625e+01 5.446395874023437500e-01 2.566274166107177734e+00
1.178789520263671875e+01 5.496763586997985840e-01 2.518370151519775391e+00
1.173881435394287109e+01 5.527824759483337402e-01 2.487766742706298828e+00
1.169850921630859375e+01 5.553267598152160645e-01 2.462150573730468750e+00
1.164227485656738281e+01 5.588691830635070801e-01 2.425849437713623047e+00
1.154438018798828125e+01 5.650175809860229492e-01 2.361282348632812500e+00
1.148112392425537109e+01 5.689694881439208984e-01 2.317994356155395508e+00
1.141103076934814453e+01 5.733332633972167969e-01 2.268888235092163086e+00
1.135485458374023438e+01 5.768168568611145020e-01 2.228507041931152344e+00
1.130299091339111328e+01 5.800227522850036621e-01 2.190458059310913086e+00
1.126418495178222656e+01 5.824143290519714355e-01 2.161452770233154297e+00
1.118441963195800781e+01 5.873190760612487793e-01 2.101001262664794922e+00
1.113222503662109375e+01 5.905133485794067383e-01 2.060313224792480469e+00
1.108235263824462891e+01 5.935559272766113281e-01 2.020718812942504883e+00
1.099635124206542969e+01 5.987868309020996094e-01 1.951247334480285645e+00
1.096806716918945312e+01 6.004980206489562988e-01 1.927713871002197266e+00
1.088709259033203125e+01 6.053884625434875488e-01 1.859685301780700684e+00
1.082995605468750000e+01 6.088216304779052734e-01 1.810348033905029297e+00
1.078641796112060547e+01 6.114281415939331055e-01 1.772024869918823242e+00
1.072319030761718750e+01 6.152028441429138184e-01 1.715555667877197266e+00
1.068040084838867188e+01 6.177468299865722656e-01 1.676530480384826660e+00
1.062771129608154297e+01 6.208705902099609375e-01 1.627794265747070312e+00
1.057181453704833984e+01 6.241729259490966797e-01 1.575190544128417969e+00
1.050842761993408203e+01 6.279037594795227051e-01 1.514441847801208496e+00
1.042186069488525391e+01 6.329771280288696289e-01 1.429757595062255859e+00
1.038184356689453125e+01 6.353084444999694824e-01 1.389507055282592773e+00
1.034465789794921875e+01 6.374688148498535156e-01 1.351623415946960449e+00
1.025545692443847656e+01 6.426377296447753906e-01 1.259666442871093750e+00
1.021580886840820312e+01 6.449207663536071777e-01 1.217623949050903320e+00
1.018518447875976562e+01 6.466792225837707520e-01 1.184742808341979980e+00
1.009989643096923828e+01 6.515658497810363770e-01 1.092284321784973145e+00
1.005895709991455078e+01 6.538970470428466797e-01 1.046705961227416992e+00
1.000344371795654297e+01 6.570488214492797852e-01 9.841102361679077148e-01
9.947448730468750000e+00 6.602150797843933105e-01 9.198758602142333984e-01
9.916854858398437500e+00 6.619378924369812012e-01 8.841692805290222168e-01
9.829282760620117188e+00 6.668581962585449219e-01 7.809947729110717773e-01
9.806230545043945312e+00 6.681449413299560547e-01 7.530967593193054199e-01
9.739829063415527344e+00 6.718450784683227539e-01 6.721685528755187988e-01
9.679360389709472656e+00 6.751977801322937012e-01 5.969638824462890625e-01
9.649916648864746094e+00 6.768228411674499512e-01 5.596659183502197266e-01
9.587658882141113281e+00 6.802513003349304199e-01 4.800938665866851807e-01
9.523252487182617188e+00 6.837812662124633789e-01 3.962104618549346924e-01
9.479088783264160156e+00 6.861898303031921387e-01 3.375626802444458008e-01
9.432687759399414062e+00 6.887118816375732422e-01 2.751187086105346680e-01
9.397002220153808594e+00 6.906446218490600586e-01 2.264198064804077148e-01
9.347779273986816406e+00 6.933031678199768066e-01 1.585235595703125000e-01
9.298027038574218750e+00 6.959800720214843750e-01 8.887644857168197632e-02
9.242049217224121094e+00 6.989803314208984375e-01 9.337976574897766113e-03
9.215096473693847656e+00 7.004186511039733887e-01 -2.960529550909996033e-02
9.154138565063476562e+00 7.069118022918701172e-01 7.020564377307891846e-02
9.140984535217285156e+00 7.082839012145996094e-01 9.006579220294952393e-02
9.095595359802246094e+00 7.129989862442016602e-01 1.574623286724090576e-01
9.043784141540527344e+00 7.183078527450561523e-01 2.301194071769714355e-01
9.009068489074707031e+00 7.218138575553894043e-01 2.757997512817382812e-01
8.962011337280273438e+00 7.265235781669616699e-01 3.351999223232269287e-01
8.919148445129394531e+00 7.307640314102172852e-01 3.863719105720520020e-01
8.876665115356445312e+00 7.349254488945007324e-01 4.346139729022979736e-01
8.827149391174316406e+00 7.397307157516479492e-01 4.881427586078643799e-01
8.776330947875976562e+00 7.446117401123046875e-01 5.400288701057434082e-01
8.730408668518066406e+00 7.489784955978393555e-01 5.842499136924743652e-01
8.670032501220703125e+00 7.546704411506652832e-01 6.393920779228210449e-01
8.641098022460937500e+00 7.573688626289367676e-01 6.640254855155944824e-01
8.593338012695312500e+00 7.618008255958557129e-01 7.033381462097167969e-01
8.535223960876464844e+00 7.671506404876708984e-01 7.485507726669311523e-01
8.503421783447265625e+00 7.700508236885070801e-01 7.716217637062072754e-01
8.450496673583984375e+00 7.748532295227050781e-01 8.085561990737915039e-01
8.371502876281738281e+00 7.819631099700927734e-01 8.601590394973754883e-01
8.332604408264160156e+00 7.854233384132385254e-01 8.830883502960205078e-01
8.298350334167480469e+00 7.884534597396850586e-01 9.022514820098876953e-01
8.230468750000000000e+00 7.944291830062866211e-01 9.384719133377075195e-01
8.179449081420898438e+00 7.988783121109008789e-01 9.631449580192565918e-01
8.132719039916992188e+00 8.029252886772155762e-01 9.840458631515502930e-01
8.073829650878906250e+00 8.079934716224670410e-01 1.008471727371215820e+00
8.027864456176757812e+00 8.119188547134399414e-01 1.025696158409118652e+00
7.962481021881103516e+00 8.174692392349243164e-01 1.048198342323303223e+00
7.909786701202392578e+00 8.219050765037536621e-01 1.064084768295288086e+00
7.846381664276123047e+00 8.272070884704589844e-01 1.081063985824584961e+00
7.776738643646240234e+00 8.329846858978271484e-01 1.096935510635375977e+00
7.754915714263916016e+00 8.347795605659484863e-01 1.100968241691589355e+00
7.689372062683105469e+00 8.401558995246887207e-01 1.112205624580383301e+00
7.627528667449951172e+00 8.451880812644958496e-01 1.120344996452331543e+00
7.572652339935302734e+00 8.496197462081909180e-01 1.125525116920471191e+00
7.511896133422851562e+00 8.544934391975402832e-01 1.129267811775207520e+00
7.473695755004882812e+00 8.575351238250732422e-01 1.130240201950073242e+00
7.401626586914062500e+00 8.632467389106750488e-01 1.130440831184387207e+00
7.365203857421875000e+00 8.661078214645385742e-01 1.128985404968261719e+00
7.312831878662109375e+00 8.702032566070556641e-01 1.125760316848754883e+00
7.225793361663818359e+00 8.769652843475341797e-01 1.117688536643981934e+00
7.186095237731933594e+00 8.800157308578491211e-01 1.111941099166870117e+00
7.134058475494384766e+00 8.839940428733825684e-01 1.103161215782165527e+00
7.055288791656494141e+00 8.899756669998168945e-01 1.087381362915039062e+00
7.009820461273193359e+00 8.933927416801452637e-01 1.076072335243225098e+00
6.956389904022216797e+00 8.973836302757263184e-01 1.061266303062438965e+00
6.922823429107666016e+00 8.998724818229675293e-01 1.050830245018005371e+00
6.867707252502441406e+00 9.039400219917297363e-01 1.032506942749023438e+00
6.801692485809326172e+00 9.087737798690795898e-01 1.008193373680114746e+00
6.740654945373535156e+00 9.132001399993896484e-01 9.830348491668701172e-01
6.698276042938232422e+00 9.162452816963195801e-01 9.638013243675231934e-01
6.659279346466064453e+00 9.190289974212646484e-01 9.449454545974731445e-01
6.580497264862060547e+00 9.246181249618530273e-01 9.046555757522583008e-01
6.524688243865966797e+00 9.285265803337097168e-01 8.728829026222229004e-01
6.466177940368652344e+00 9.325851202011108398e-01 8.370689153671264648e-01
6.437052249908447266e+00 9.345843791961669922e-01 8.178852200508117676e-01
6.392577648162841797e+00 9.376207590103149414e-01 7.875246405601501465e-01
6.315809249877929688e+00 9.428175687789916992e-01 7.322328686714172363e-01
6.274986743927001953e+00 9.455387592315673828e-01 7.000643610954284668e-01
6.251660823822021484e+00 9.470801353454589844e-01 6.807934045791625977e-01
6.183562755584716797e+00 9.515569806098937988e-01 6.229993104934692383e-01
6.157108306884765625e+00 9.532690048217773438e-01 5.987422466278076172e-01
6.102873325347900391e+00 9.567560553550720215e-01 5.474894642829895020e-01
6.062648296356201172e+00 9.593065381050109863e-01 5.070664286613464355e-01
6.012567996978759766e+00 9.624469876289367676e-01 4.543790817260742188e-01
5.958164691925048828e+00 9.658087491989135742e-01 3.937705159187316895e-01
5.921461105346679688e+00 9.680376648902893066e-01 3.502297103404998779e-01
5.886114120483398438e+00 9.701569676399230957e-01 3.064484298229217529e-01
5.831208705902099609e+00 9.734058976173400879e-01 2.355115264654159546e-01
5.783323764801025391e+00 9.761768579483032227e-01 1.693891882896423340e-01
5.764554977416992188e+00 9.772394895553588867e-01 1.418723165988922119e-01
5.699868679046630859e+00 9.808677434921264648e-01 4.470635950565338135e-02
5.669468402862548828e+00 9.825136661529541016e-01 -5.009330809116363525e-03
5.628279685974121094e+00 9.857171773910522461e-01 4.675558581948280334e-02
5.585903167724609375e+00 9.889703989028930664e-01 9.746570885181427002e-02
5.538158416748046875e+00 9.925889372825622559e-01 1.518320292234420776e-01
5.491576194763183594e+00 9.960705041885375977e-01 2.020228654146194458e-01
5.450637817382812500e+00 9.990903735160827637e-01 2.438418865203857422e-01
5.401733875274658203e+00 1.002657651901245117e+00 2.915289998054504395e-01
5.341126918792724609e+00 1.007021427154541016e+00 3.474395871162414551e-01
5.274061203002929688e+00 1.011775016784667969e+00 4.051860570907592773e-01
5.236952781677246094e+00 1.014361262321472168e+00 4.347738623619079590e-01
5.160785198211669922e+00 1.019621372222900391e+00 4.929684698581695557e-01
5.124958038330078125e+00 1.022050380706787109e+00 5.179952383041381836e-01
5.058771133422851562e+00 1.026499867439270020e+00 5.622992515563964844e-01
5.011784076690673828e+00 1.029610157012939453e+00 5.913043022155761719e-01
4.952395915985107422e+00 1.033499121665954590e+00 6.258635520935058594e-01
4.906608581542968750e+00 1.036457061767578125e+00 6.505280137062072754e-01
4.837048530578613281e+00 1.040904402732849121e+00 6.857573986053466797e-01
4.797660827636718750e+00 1.043383479118347168e+00 7.038349509239196777e-01
4.726367950439453125e+00 1.047831296920776367e+00 7.346994876861572266e-01
4.664472103118896484e+00 1.051631689071655273e+00 7.586455345153808594e-01
4.592972278594970703e+00 1.055961251258850098e+00 7.835340499877929688e-01
4.547616004943847656e+00 1.058663845062255859e+00 7.973412275314331055e-01
4.474754810333251953e+00 1.062960863113403320e+00 8.175473809242248535e-01
4.437956809997558594e+00 1.065095186233520508e+00 8.261770009994506836e-01
4.384562969207763672e+00 1.068166017532348633e+00 8.375639319419860840e-01
4.300291061401367188e+00 1.072952747344970703e+00 8.529632091522216797e-01
4.240678787231445312e+00 1.076272130012512207e+00 8.610213398933410645e-01
4.169772624969482422e+00 1.080163955688476562e+00 8.682520985603332520e-01
4.125777244567871094e+00 1.082537055015563965e+00 8.710152506828308105e-01
4.078153133392333984e+00 1.085077643394470215e+00 8.728554844856262207e-01
3.982406377792358398e+00 1.090123414993286133e+00 8.740575313568115234e-01
3.910006046295166016e+00 1.093844294548034668e+00 8.711769580841064453e-01
3.875358104705810547e+00 1.095590114593505859e+00 8.684260249137878418e-01
3.803135395050048828e+00 1.099193811416625977e+00 8.613181710243225098e-01
3.744884967803955078e+00 1.102040410041809082e+00 8.532670736312866211e-01
3.682529926300048828e+00 1.105034708976745605e+00 8.426309823989868164e-01
3.606628656387329102e+00 1.108609557151794434e+00 8.270307779312133789e-01
3.552144289016723633e+00 1.111113071441650391e+00 8.134842514991760254e-01
3.489833831787109375e+00 1.113923311233520508e+00 7.960324883460998535e-01
3.462235212326049805e+00 1.115140676498413086e+00 7.872946858406066895e-01
3.399343013763427734e+00 1.117886424064636230e+00 7.663486003875732422e-01
3.314851284027099609e+00 1.121487021446228027e+00 7.350018620491027832e-01
3.261435031890869141e+00 1.123685956001281738e+00 7.123888134956359863e-01
3.191629409790039062e+00 1.126492738723754883e+00 6.804530620574951172e-01
3.165040493011474609e+00 1.127527475357055664e+00 6.670683026313781738e-01
3.085170984268188477e+00 1.130594730377197266e+00 6.254239082336425781e-01
3.031616687774658203e+00 1.132566809654235840e+00 5.945327281951904297e-01
2.958348751068115234e+00 1.135183095932006836e+00 5.494258999824523926e-01
2.932286262512207031e+00 1.136072158813476562e+00 5.319397449493408203e-01
2.869684696197509766e+00 1.138170242309570312e+00 4.886534214019775391e-01
2.823704719543457031e+00 1.139643192291259766e+00 4.545257091522216797e-01
2.756780147552490234e+00 1.141710400581359863e+00 4.022341966629028320e-01
2.685665607452392578e+00 1.143782496452331543e+00 3.424247503280639648e-01
2.642569065093994141e+00 1.144952297210693359e+00 3.032595217227935791e-01
2.588528633117675781e+00 1.146349191665649414e+00 2.517785727977752686e-01
2.564490556716918945e+00 1.146929383277893066e+00 2.274842262268066406e-01
2.500727891921997070e+00 1.148416876792907715e+00 1.613037139177322388e-01
2.437548875808715820e+00 1.149748802185058594e+00 9.093681722879409790e-02
2.390648841857910156e+00 1.150623321533203125e+00 3.484938666224479675e-02
2.339334249496459961e+00 1.151478648185729980e+00 -2.993609383702278137e-02
2.305216073989868164e+00 1.152706384658813477e+00 4.971008747816085815e-03
2.273370265960693359e+00 1.153830170631408691e+00 3.633109852671623230e-02
2.178273439407348633e+00 1.157125830650329590e+00 1.267163604497909546e-01
2.118367910385131836e+00 1.159094095230102539e+00 1.778836846351623535e-01
2.061328887939453125e+00 1.160907030105590820e+00 2.234601229429244995e-01
2.009402990341186523e+00 1.162506222724914551e+00 2.623851299285888672e-01
1.976152420043945312e+00 1.163501381874084473e+00 2.858906686305999756e-01
1.919088125228881836e+00 1.165178060531616211e+00 3.247321844100952148e-01
1.830101728439331055e+00 1.167711019515991211e+00 3.814212679862976074e-01
1.795511007308959961e+00 1.168647646903991699e+00 4.012219607830047607e-01
1.691522836685180664e+00 1.171408176422119141e+00 4.582668840885162354e-01
1.653317809104919434e+00 1.172363042831420898e+00 4.765793085098266602e-01
1.610072493553161621e+00 1.173419475555419922e+00 4.962609410285949707e-01
1.538767337799072266e+00 1.175116181373596191e+00 5.267999172210693359e-01
1.465674161911010742e+00 1.176780223846435547e+00 5.549524426460266113e-01
1.377398967742919922e+00 1.178697466850280762e+00 5.851750373840332031e-01
1.308516979217529297e+00 1.180107355117797852e+00 6.053076982498168945e-01
1.269264459609985352e+00 1.180872559547424316e+00 6.152898669242858887e-01
1.177985787391662598e+00 1.182601213455200195e+00 6.365632414817810059e-01
1.143329262733459473e+00 1.183212995529174805e+00 6.429530978202819824e-01
1.071083188056945801e+00 1.184452772140502930e+00 6.549610495567321777e-01
9.786907434463500977e-01 1.185943484306335449e+00 6.668499708175659180e-01
9.004222750663757324e-01 1.187103152275085449e+00 6.732128858566284180e-01
8.196176290512084961e-01 1.188209056854248047e+00 6.765725016593933105e-01
7.766777276992797852e-01 1.188746094703674316e+00 6.766071915626525879e-01
7.249605655670166016e-01 1.189359903335571289e+00 6.755309104919433594e-01
6.108940839767456055e-01 1.190625190734863281e+00 6.701872348785400391e-01
5.688112974166870117e-01 1.191019177436828613e+00 6.657950878143310547e-01
4.962875545024871826e-01 1.191650509834289551e+00 6.566765904426574707e-01
4.075270891189575195e-01 1.192321181297302246e+00 6.422306299209594727e-01
3.535125553607940674e-01 1.192651391029357910e+00 6.309648752212524414e-01
3.005059957504272461e-01 1.192927598953247070e+00 6.184093356132507324e-01
2.191050350666046143e-01 1.193277955055236816e+00 5.968397259712219238e-01
1.466365754604339600e-01 1.193486452102661133e+00 5.744583010673522949e-01
6.493131071329116821e-02 1.193613886833190918e+00 5.459570288658142090e-01
3.301182389259338379e-02 1.193614482879638672e+00 5.333452224731445312e-01
-5.089091509580612183e-02 1.193563461303710938e+00 4.986364245414733887e-01
-1.357551217079162598e-01 1.193368792533874512e+00 4.593019783496856689e-01
-1.553968936204910278e-01 1.193288445472717285e+00 4.491675496101379395e-01
-2.279905378818511963e-01 1.192960023880004883e+00 4.107989370822906494e-01
-2.997702360153198242e-01 1.192517161369323730e+00 3.694549202919006348e-01
-3.797031641006469727e-01 1.191886901855468750e+00 3.194923102855682373e-01
-4.498553872108459473e-01 1.191191554069519043e+00 2.716090381145477295e-01
-4.795978665351867676e-01 1.190840244293212891e+00 2.497166693210601807e-01
-5.424684882164001465e-01 1.190044045448303223e+00 2.019436657428741455e-01
-6.293797492980957031e-01 1.188780903816223145e+00 1.313720643520355225e-01
-6.561154127120971680e-01 1.188318014144897461e+00 1.076021343469619751e-01
-7.187404036521911621e-01 1.187175869941711426e+00 5.033009126782417297e-02
-7.960804104804992676e-01 1.185590147972106934e+00 -2.521289512515068054e-02
-8.311051726341247559e-01 1.185159325599670410e+00 3.990367054939270020e-03
-9.299842715263366699e-01 1.183894872665405273e+00 8.332937210798263550e-02
-9.787693023681640625e-01 1.183206319808959961e+00 1.183898746967315674e-01
-1.044085860252380371e+00 1.182242512702941895e+00 1.628456413745880127e-01
-1.095762729644775391e+00 1.181436419486999512e+00 1.955065131187438965e-01
-1.195765614509582520e+00 1.179810762405395508e+00 2.550520896911621094e-01
-1.278651952743530273e+00 1.178359985351562500e+00 2.988224029541015625e-01
-1.339982151985168457e+00 1.177223920822143555e+00 3.279984295368194580e-01
-1.391321897506713867e+00 1.176234364509582520e+00 3.505217432975769043e-01
-1.487680435180664062e+00 1.174316644668579102e+00 3.899026215076446533e-01
-1.551353693008422852e+00 1.172975182533264160e+00 4.124521911144256592e-01
-1.647642970085144043e+00 1.170872211456298828e+00 4.432126581668853760e-01
-1.700066089630126953e+00 1.169666290283203125e+00 4.572880268096923828e-01
-1.763312816619873047e+00 1.168170809745788574e+00 4.725633561611175537e-01
-1.832206249237060547e+00 1.166488528251647949e+00 4.869970977306365967e-01
-1.921152830123901367e+00 1.164241194725036621e+00 5.025830268859863281e-01
-2.017079353332519531e+00 1.161711812019348145e+00 5.152176618576049805e-01
-2.071031808853149414e+00 1.160224199295043945e+00 5.198329091072082520e-01
-2.141721248626708984e+00 1.158226370811462402e+00 5.240640044212341309e-01
-2.246553659439086914e+00 1.155167937278747559e+00 5.268300175666809082e-01
-2.319400787353515625e+00 1.152942538261413574e+00 5.251545310020446777e-01
-2.403276205062866211e+00 1.150297880172729492e+00 5.203506946563720703e-01
-2.484690904617309570e+00 1.147636771202087402e+00 5.124678611755371094e-01
-2.583510160446166992e+00 1.144293189048767090e+00 4.990841746330261230e-01
-2.674719572067260742e+00 1.141076087951660156e+00 4.824149310588836670e-01
-2.709448337554931641e+00 1.139803409576416016e+00 4.745274186134338379e-01
-2.830409288406372070e+00 1.135304927825927734e+00 4.449797272682189941e-01
-2.863887786865234375e+00 1.133995294570922852e+00 4.347724020481109619e-01
-2.974002599716186523e+00 1.129625797271728516e+00 3.993006646633148193e-01
-3.046173334121704102e+00 1.126625418663024902e+00 3.718829751014709473e-01
-3.084053277969360352e+00 1.125000953674316406e+00 3.560037016868591309e-01
-3.200431823730468750e+00 1.119926571846008301e+00 3.047516942024230957e-01
-3.285369157791137695e+00 1.116029739379882812e+00 2.616545259952545166e-01
-3.360443353652954102e+00 1.112451076507568359e+00 2.196767330169677734e-01
-3.418655395507812500e+00 1.109578371047973633e+00 1.843294054269790649e-01
-3.495927810668945312e+00 1.105658531188964844e+00 1.343896985054016113e-01
-3.526058197021484375e+00 1.104071855545043945e+00 1.132795065641403198e-01
-3.600758075714111328e+00 1.100078582763671875e+00 5.927856639027595520e-02
-3.674618959426879883e+00 1.095977783203125000e+00 1.648865640163421631e-03
-3.767580509185791016e+00 1.090527296066284180e+00 6.743159890174865723e-02
-3.837138175964355469e+00 1.086403965950012207e+00 1.118226796388626099e-01
-3.934653520584106445e+00 1.080574512481689453e+00 1.693571209907531738e-01
-4.002886295318603516e+00 1.076447129249572754e+00 2.052806913852691650e-01
-4.108067035675048828e+00 1.070030689239501953e+00 2.562638521194458008e-01
-4.189002037048339844e+00 1.065028786659240723e+00 2.905390262603759766e-01
-4.277553081512451172e+00 1.059500217437744141e+00 3.240879178047180176e-01
-4.370676994323730469e+00 1.053620576858520508e+00 3.550035357475280762e-01
-4.459633827209472656e+00 1.047936797142028809e+00 3.803156912326812744e-01
-4.545284748077392578e+00 1.042400956153869629e+00 4.009351432323455811e-01
-4.584095954895019531e+00 1.039864182472229004e+00 4.086860716342926025e-01
-4.715091705322265625e+00 1.031257867813110352e+00 4.324561357498168945e-01
-4.762523651123046875e+00 1.028087258338928223e+00 4.381891191005706787e-01
-4.907479286193847656e+00 1.018334746360778809e+00 4.525887072086334229e-01
-4.949598789215087891e+00 1.015444636344909668e+00 4.540340006351470947e-01
-5.110484600067138672e+00 1.004339575767517090e+00 4.565432667732238770e-01
-5.176130771636962891e+00 9.997047781944274902e-01 4.528964161872863770e-01
-5.237071514129638672e+00 9.953605532646179199e-01 4.477389156818389893e-01
-5.351327419281005859e+00 9.871413707733154297e-01 4.349732398986816406e-01
-5.470660686492919922e+00 9.784077405929565430e-01 4.155382513999938965e-01
-5.515309333801269531e+00 9.750787615776062012e-01 4.058442711830139160e-01
-5.633673191070556641e+00 9.661896228790283203e-01 3.776966333389282227e-01
-5.686209201812744141e+00 9.621668457984924316e-01 3.622778058052062988e-01
-5.834265232086181641e+00 9.507276415824890137e-01 3.150629997253417969e-01
-5.881512641906738281e+00 9.469816088676452637e-01 2.965232729911804199e-01
-5.984489917755126953e+00 9.387453198432922363e-01 2.535882294178009033e-01
-6.082566261291503906e+00 9.307463765144348145e-01 2.073002755641937256e-01
-6.142623901367187500e+00 9.257515072822570801e-01 1.756457388401031494e-01
-6.281969070434570312e+00 9.140158295631408691e-01 9.726309031248092651e-02
-6.334931850433349609e+00 9.094175696372985840e-01 6.287859380245208740e-02
-6.401837348937988281e+00 9.035357832908630371e-01 1.705487072467803955e-02
-6.533733367919921875e+00 8.907952308654785156e-01 1.014825254678726196e-01
-6.643781185150146484e+00 8.801375031471252441e-01 1.623483002185821533e-01
-6.745485305786132812e+00 8.702583312988281250e-01 2.118935883045196533e-01
-6.808577060699462891e+00 8.641098141670227051e-01 2.390461415052413940e-01
-6.906311988830566406e+00 8.545633554458618164e-01 2.778359949588775635e-01
-7.059614181518554688e+00 8.395333886146545410e-01 3.310271799564361572e-01
-7.091990947723388672e+00 8.363392353057861328e-01 3.398554921150207520e-01
-7.260478019714355469e+00 8.196924328804016113e-01 3.832626342773437500e-01
-7.320319652557373047e+00 8.137341141700744629e-01 3.941146433353424072e-01
-7.456758022308349609e+00 8.001078367233276367e-01 4.152852296829223633e-01
-7.612467288970947266e+00 7.844466567039489746e-01 4.303188025951385498e-01
-7.691852092742919922e+00 7.763935327529907227e-01 4.327878057956695557e-01
-7.799901008605957031e+00 7.653810381889343262e-01 4.325803816318511963e-01
-7.871653556823730469e+00 7.580196261405944824e-01 4.292280375957489014e-01
-8.004761695861816406e+00 7.443008422851562500e-01 4.190434515476226807e-01
-8.093339920043945312e+00 7.350915074348449707e-01 4.073510766029357910e-01
-8.285357475280761719e+00 7.150048613548278809e-01 3.748276829719543457e-01
-8.377118110656738281e+00 7.052721977233886719e-01 3.517216145992279053e-01
-8.441781997680664062e+00 6.983638405799865723e-01 3.327989578247070312e-01
-8.574574470520019531e+00 6.841015219688415527e-01 2.900271415710449219e-01
-8.723408699035644531e+00 6.679346561431884766e-01 2.328311800956726074e-01
-8.773402214050292969e+00 6.624296903610229492e-01 2.099441736936569214e-01
-8.888036727905273438e+00 6.497445106506347656e-01 1.544751077890396118e-01
-9.018968582153320312e+00 6.350844502449035645e-01 8.299632370471954346e-02
-9.088903427124023438e+00 6.271395087242126465e-01 3.949828073382377625e-02
-9.208767890930175781e+00 6.134068369865417480e-01 -4.030860587954521179e-02
-9.390626907348632812e+00 5.901535153388977051e-01 6.539829075336456299e-02
-9.474341392517089844e+00 5.795109868049621582e-01 1.051811724901199341e-01
-9.622027397155761719e+00 5.607693195343017578e-01 1.688402593135833740e-01
-9.752696990966796875e+00 5.442290306091308594e-01 2.155638933181762695e-01
-9.840727806091308594e+00 5.331023931503295898e-01 2.416917979717254639e-01
-1.005051326751708984e+01 5.066028237342834473e-01 2.957488298416137695e-01
-1.011060428619384766e+01 4.990193247795104980e-01 3.058657348155975342e-01
-1.034544658660888672e+01 4.693806171417236328e-01 3.396255671977996826e-01
-1.040908908843994141e+01 4.613445103168487549e-01 3.427992463111877441e-01
-1.064132404327392578e+01 4.320073425769805908e-01 3.485853672027587891e-01
-1.076999092102050781e+01 4.157233834266662598e-01 3.401744067668914795e-01
-1.084341812133789062e+01 4.064162075519561768e-01 3.316888213157653809e-01
-1.098903274536132812e+01 3.879401087760925293e-01 3.106489181518554688e-01
-1.112625980377197266e+01 3.704900145530700684e-01 2.828592956066131592e-01
-1.129017543792724609e+01 3.495964109897613525e-01 2.404741495847702026e-01
-1.148057746887207031e+01 3.252486288547515869e-01 1.780379265546798706e-01
-1.160566043853759766e+01 3.091848492622375488e-01 1.263900846242904663e-01
-1.175431060791015625e+01 2.900322675704956055e-01 5.612561106681823730e-02
-1.182653522491455078e+01 2.806867361068725586e-01 1.651088893413543701e-02
-1.200489711761474609e+01 2.553724944591522217e-01 1.105727404356002808e-01
-1.227262878417968750e+01 2.178901731967926025e-01 2.254195213317871094e-01
-1.248607254028320312e+01 1.885130107402801514e-01 2.892542481422424316e-01
-1.260569095611572266e+01 1.722309440374374390e-01 3.139442205429077148e-01
-1.277351665496826172e+01 1.495129168033599854e-01 3.403360843658447266e-01
-1.299763965606689453e+01 1.193950846791267395e-01 3.606027960777282715e-01
-1.321873664855957031e+01 8.995473384857177734e-02 3.614349663257598877e-01
-1.345976829528808594e+01 5.813296511769294739e-02 3.420269489288330078e-01
-1.362891674041748047e+01 3.600396960973739624e-02 3.127602934837341309e-01
-1.391209793090820312e+01 -8.050911128520965576e-04 2.448552250862121582e-01
-1.403313922882080078e+01 -1.636155694723129272e-02 2.017046958208084106e-01
-1.419603729248046875e+01 -3.718806803226470947e-02 1.348820030689239502e-01
-1.439976978302001953e+01 -6.303840875625610352e-02 3.573429584503173828e-02
-1.461920547485351562e+01 -9.058628976345062256e-02 -9.397719800472259521e-02
-1.498759269714355469e+01 -1.423993557691574097e-01 6.337848305702209473e-02
-1.532699203491210938e+01 -1.878736317157745361e-01 1.501161903142929077e-01
-1.547731781005859375e+01 -2.072489559650421143e-01 1.679802238941192627e-01
-1.576378917694091797e+01 -2.435725927352905273e-01 1.856730133295059204e-01
-1.633872222900390625e+01 -3.142343759536743164e-01 1.601670980453491211e-01
-1.650550460815429688e+01 -3.334347605705261230e-01 1.175209581851959229e-01
-1.700326538085937500e+01 -3.895097374916076660e-01 -4.254421591758728027e-02
-1.725518798828125000e+01 -4.158389568328857422e-01 -1.773817390203475952e-01
-1.784934425354003906e+01 -4.778285324573516846e-01 1.231129467487335205e-02
-1.844297790527343750e+01 -5.309574604034423828e-01 5.401882529258728027e-02
-1.954330825805664062e+01 -6.148018240928649902e-01 -1.101807355880737305e-01
-2.448389625549316406e+01 -6.765436530113220215e-01 -3.562042713165283203e+00
-1.691600708007812500e+03 2.210038146972656250e+02 -1.234689575195312500e+03
-5.695794787123200000e+13 1.537121714176000000e+13 -4.217864663859200000e+13
-7.881253051182429007e+27 4.485521799731516566e+27 8.130116452167366082e+27
-1.291111878876737260e+28 7.348210031470414217e+27 1.331880895137485410e+28
-2.067134467054357691e+28 1.176485050823907860e+28 2.132407724935554358e+28
-2.330004288968324061e+28 1.326094343367701090e+28 2.403578050416460703e+28
-3.367444453307266375e+28 1.916541033335534427e+28 3.473777034928745602e+28
-3.698573249311223745e+28 2.104999109868978937e+28 3.815361858680748797e+28
-4.283857920476632272e+28 2.438107049665906975e+28 4.419127747195191825e+28
-4.846873564137096558e+28 2.758540866177785316e+28 4.999921683953715463e+28
-5.883345171110402307e+28 3.348436455977067766e+28 6.069122124073197575e+28
-6.124430008083918573e+28 3.485647175320086742e+28 6.317819888053747997e+28
-7.207860355126231787e+28 4.102268762110845805e+28 7.435461419081210356e+28
-7.610636659289963271e+28 4.331504237105545558e+28 7.850956472893254655e+28
