2.335999298095703125e+01 -2.560107707977294922e-01 2.985832095146179199e-01
2.323225212097167969e+01 -2.746985256671905518e-01 3.777930438518524170e-01
2.307582092285156250e+01 -2.976300418376922607e-01 4.739117324352264404e-01
2.289260864257812500e+01 -3.245524168014526367e-01 5.852007865905761719e-01
2.273643302917480469e+01 -3.475654721260070801e-01 6.787627935409545898e-01
2.264016532897949219e+01 -3.617829382419586182e-01 7.357369065284729004e-01
2.250435829162597656e+01 -3.818670511245727539e-01 8.154976963996887207e-01
2.239711761474609375e+01 -3.977564275264739990e-01 8.777890205383300781e-01
2.223319816589355469e+01 -4.220782816410064697e-01 9.721553325653076172e-01
2.204535675048828125e+01 -4.500092566013336182e-01 1.078788042068481445e+00
2.196751022338867188e+01 -4.616120457649230957e-01 1.122251629829406738e+00
2.185281753540039062e+01 -4.787225723266601562e-01 1.185837030410766602e+00
2.170588493347167969e+01 -5.006722807884216309e-01 1.266436815261840820e+00
2.155502700805664062e+01 -5.232459306716918945e-01 1.348043203353881836e+00
2.141518592834472656e+01 -5.442054271697998047e-01 1.422581434249877930e+00
2.130249786376953125e+01 -5.611197352409362793e-01 1.481805562973022461e+00
2.113978767395019531e+01 -5.855696201324462891e-01 1.566327571868896484e+00
2.102957916259765625e+01 -6.021562814712524414e-01 1.622592926025390625e+00
2.089449882507324219e+01 -6.225061416625976562e-01 1.690725922584533691e+00
2.074875259399414062e+01 -6.444886922836303711e-01 1.763127565383911133e+00
2.062352371215820312e+01 -6.633989214897155762e-01 1.824289560317993164e+00
2.056524276733398438e+01 -6.722080111503601074e-01 1.852329015731811523e+00
2.040033149719238281e+01 -6.971451044082641602e-01 1.931105732917785645e+00
2.026912689208984375e+01 -7.170081734657287598e-01 1.992492318153381348e+00
2.020315742492675781e+01 -7.270037531852722168e-01 2.022833585739135742e+00
2.001515197753906250e+01 -7.555009722709655762e-01 2.108543157577514648e+00
1.995901107788085938e+01 -7.640198469161987305e-01 2.133481740951538086e+00
1.978123092651367188e+01 -7.910038232803344727e-01 2.211826801300048828e+00
1.972358703613281250e+01 -7.997606396675109863e-01 2.236576318740844727e+00
1.955204010009765625e+01 -8.258260488510131836e-01 2.309590816497802734e+00
1.949103355407714844e+01 -8.351014256477355957e-01 2.334871768951416016e+00
1.935433959960937500e+01 -8.558878302574157715e-01 2.390964984893798828e+00
1.926142501831054688e+01 -8.700218796730041504e-01 2.428241968154907227e+00
1.913602066040039062e+01 -8.891012668609619141e-01 2.477761983871459961e+00
1.895865631103515625e+01 -9.160907268524169922e-01 2.546271085739135742e+00
1.892515563964843750e+01 -9.211892485618591309e-01 2.558795452117919922e+00
1.878705215454101562e+01 -9.422072172164916992e-01 2.610098600387573242e+00
1.865287399291992188e+01 -9.626265764236450195e-01 2.658617734909057617e+00
1.859416770935058594e+01 -9.715592265129089355e-01 2.679273843765258789e+00
1.848381423950195312e+01 -9.883488416671752930e-01 2.717626810073852539e+00
1.837246513366699219e+01 -1.005286216735839844e+00 2.755414485931396484e+00
1.822188758850097656e+01 -1.028183937072753906e+00 2.805254936218261719e+00
1.809284973144531250e+01 -1.047796487808227539e+00 2.846482515335083008e+00
1.799432563781738281e+01 -1.062763452529907227e+00 2.876974821090698242e+00
1.787612915039062500e+01 -1.080710291862487793e+00 2.912639379501342773e+00
1.780562019348144531e+01 -1.091409564018249512e+00 2.933250904083251953e+00
1.767034912109375000e+01 -1.111927509307861328e+00 2.972025871276855469e+00
1.762133407592773438e+01 -1.119355559349060059e+00 2.985534906387329102e+00
1.750951766967773438e+01 -1.136295318603515625e+00 3.015901327133178711e+00
1.740985488891601562e+01 -1.151381254196166992e+00 3.042038917541503906e+00
1.733700752258300781e+01 -1.162399411201477051e+00 3.060532093048095703e+00
1.717372512817382812e+01 -1.187080264091491699e+00 3.100969552993774414e+00
1.713819503784179688e+01 -1.192442893981933594e+00 3.109266996383666992e+00
1.698307609558105469e+01 -1.215846538543701172e+00 3.145010471343994141e+00
1.691018104553222656e+01 -1.226827263832092285e+00 3.160806417465209961e+00
1.684388732910156250e+01 -1.236805677413940430e+00 3.174738407135009766e+00
1.672448348999023438e+01 -1.254764318466186523e+00 3.199115514755249023e+00
1.662374877929687500e+01 -1.269893527030944824e+00 3.218579769134521484e+00
1.648066329956054688e+01 -1.291356205940246582e+00 3.244889736175537109e+00
1.640880393981933594e+01 -1.302115082740783691e+00 3.257134675979614258e+00
1.632320976257324219e+01 -1.314917445182800293e+00 3.271132946014404297e+00
1.626058197021484375e+01 -1.324273467063903809e+00 3.280858755111694336e+00
1.614735221862792969e+01 -1.341173171997070312e+00 3.297753095626831055e+00
1.608091545104980469e+01 -1.351072311401367188e+00 3.306926250457763672e+00
1.593502807617187500e+01 -1.372787237167358398e+00 3.326105833053588867e+00
1.588738727569580078e+01 -1.379862070083618164e+00 3.331668615341186523e+00
1.576494503021240234e+01 -1.398030877113342285e+00 3.345371246337890625e+00
1.566708278656005859e+01 -1.412522673606872559e+00 3.355087995529174805e+00
1.560120773315429688e+01 -1.422261357307434082e+00 3.360954999923706055e+00
1.549289798736572266e+01 -1.438255190849304199e+00 3.369848489761352539e+00
1.539499664306640625e+01 -1.452684283256530762e+00 3.376755237579345703e+00
1.534768104553222656e+01 -1.459645509719848633e+00 3.379592418670654297e+00
1.523079490661621094e+01 -1.476827621459960938e+00 3.385997772216796875e+00
1.513469314575195312e+01 -1.490924119949340820e+00 3.390025138854980469e+00
1.507422542572021484e+01 -1.499777913093566895e+00 3.391909599304199219e+00
1.500160980224609375e+01 -1.510398507118225098e+00 3.393676757812500000e+00
1.490762996673583984e+01 -1.524125456809997559e+00 3.395186662673950195e+00
1.477861499786376953e+01 -1.542936801910400391e+00 3.395863771438598633e+00
1.473320198059082031e+01 -1.549542427062988281e+00 3.395417451858520508e+00
1.466592502593994141e+01 -1.559320330619812012e+00 3.394395589828491211e+00
1.458405208587646484e+01 -1.571204900741577148e+00 3.392496347427368164e+00
1.449463558197021484e+01 -1.584165334701538086e+00 3.389542341232299805e+00
1.441567134857177734e+01 -1.595592617988586426e+00 3.386075258255004883e+00
1.430946826934814453e+01 -1.610940456390380859e+00 3.380381345748901367e+00
1.423770523071289062e+01 -1.621292352676391602e+00 3.375584840774536133e+00
1.412492275238037109e+01 -1.637541770935058594e+00 3.367027282714843750e+00
1.404202651977539062e+01 -1.649463415145874023e+00 3.359544277191162109e+00
1.398827838897705078e+01 -1.657183170318603516e+00 3.354116439819335938e+00
1.388251495361328125e+01 -1.672361731529235840e+00 3.342693567276000977e+00
1.383121299743652344e+01 -1.679712891578674316e+00 3.336436510086059570e+00
1.374071693420410156e+01 -1.692671060562133789e+00 3.324779272079467773e+00
1.369251537322998047e+01 -1.699564695358276367e+00 3.317982196807861328e+00
1.362168598175048828e+01 -1.709688425064086914e+00 3.307529449462890625e+00
1.353767776489257812e+01 -1.721685528755187988e+00 3.294314622879028320e+00
1.345533657073974609e+01 -1.733433127403259277e+00 3.280401468276977539e+00
1.334848690032958984e+01 -1.748663663864135742e+00 3.261110305786132812e+00
1.330778312683105469e+01 -1.754459381103515625e+00 3.253141403198242188e+00
1.323479461669921875e+01 -1.764848232269287109e+00 3.238423824310302734e+00
1.311202430725097656e+01 -1.782311677932739258e+00 3.212365865707397461e+00
1.305195140838623047e+01 -1.790848255157470703e+00 3.198527574539184570e+00
1.299058151245117188e+01 -1.799565553665161133e+00 3.183839082717895508e+00
1.293928146362304688e+01 -1.806849598884582520e+00 3.171085596084594727e+00
1.282158374786376953e+01 -1.823556661605834961e+00 3.140906095504760742e+00
1.279204273223876953e+01 -1.827747344970703125e+00 3.132795095443725586e+00
1.269043636322021484e+01 -1.842159509658813477e+00 3.104428768157958984e+00
1.261534309387207031e+01 -1.852806806564331055e+00 3.082261800765991211e+00
1.255909442901611328e+01 -1.860780358314514160e+00 3.064982652664184570e+00
1.245888423919677734e+01 -1.874983906745910645e+00 3.033288478851318359e+00
1.243678092956542969e+01 -1.878116250038146973e+00 3.025935411453247070e+00
1.232310867309570312e+01 -1.894224524497985840e+00 2.987706661224365234e+00
1.226805114746093750e+01 -1.902025938034057617e+00 2.968145847320556641e+00
1.219534873962402344e+01 -1.912327766418457031e+00 2.941638946533203125e+00
1.210551738739013672e+01 -1.925057411193847656e+00 2.907770633697509766e+00
1.205907535552978516e+01 -1.931639313697814941e+00 2.889538526535034180e+00
1.197898101806640625e+01 -1.942991614341735840e+00 2.857443094253540039e+00
1.194604110717773438e+01 -1.947661161422729492e+00 2.843776702880859375e+00
1.184283065795898438e+01 -1.962293982505798340e+00 2.800348043441772461e+00
1.177835369110107422e+01 -1.971438288688659668e+00 2.772015333175659180e+00
1.170054435729980469e+01 -1.982476234436035156e+00 2.736904859542846680e+00
1.163596343994140625e+01 -1.991640686988830566e+00 2.706831932067871094e+00
1.160795783996582031e+01 -1.995616078376770020e+00 2.693451404571533203e+00
1.152899456024169922e+01 -2.006826639175415039e+00 2.655305862426757812e+00
1.144027423858642578e+01 -2.019427776336669922e+00 2.611109972000122070e+00
1.138944435119628906e+01 -2.026651144027709961e+00 2.584916114807128906e+00
1.133396625518798828e+01 -2.034537553787231445e+00 2.555774450302124023e+00
1.128792095184326172e+01 -2.041085481643676758e+00 2.531082391738891602e+00
1.121152019500732422e+01 -2.051953792572021484e+00 2.489410161972045898e+00
1.113197803497314453e+01 -2.063275337219238281e+00 2.444799423217773438e+00
1.106323814392089844e+01 -2.073065280914306641e+00 2.405129671096801758e+00
1.101693439483642578e+01 -2.079663515090942383e+00 2.377748489379882812e+00
1.097399711608886719e+01 -2.085784435272216797e+00 2.351942300796508789e+00
1.088293647766113281e+01 -2.098770141601562500e+00 2.296389341354370117e+00
1.080699348449707031e+01 -2.109608650207519531e+00 2.248583793640136719e+00
1.076646518707275391e+01 -2.115396738052368164e+00 2.222404956817626953e+00
1.068430328369140625e+01 -2.127135276794433594e+00 2.168604373931884766e+00
1.065138530731201172e+01 -2.131841897964477539e+00 2.146450757980346680e+00
1.056522178649902344e+01 -2.144165515899658203e+00 2.087829828262329102e+00
1.051003646850585938e+01 -2.152065277099609375e+00 2.049209833145141602e+00
1.044192028045654297e+01 -2.161821365356445312e+00 2.000679731369018555e+00
1.039066982269287109e+01 -2.169167041778564453e+00 1.963357210159301758e+00
1.035379505157470703e+01 -2.174454927444458008e+00 1.936061024665832520e+00
1.026776218414306641e+01 -2.186797142028808594e+00 1.871627092361450195e+00
1.022011947631835938e+01 -2.193638086318969727e+00 1.834966301918029785e+00
1.018554878234863281e+01 -2.198604583740234375e+00 1.807966113090515137e+00
1.013305664062500000e+01 -2.206148386001586914e+00 1.766526937484741211e+00
1.006071186065673828e+01 -2.216551303863525391e+00 1.708481431007385254e+00
9.984273910522460938e+00 -2.227551221847534180e+00 1.645776987075805664e+00
9.935119628906250000e+00 -2.234630823135375977e+00 1.604506611824035645e+00
9.882680892944335938e+00 -2.242187500000000000e+00 1.559819936752319336e+00
9.849960327148437500e+00 -2.246905565261840820e+00 1.531493782997131348e+00
9.774623870849609375e+00 -2.257772207260131836e+00 1.465634346008300781e+00
9.731308937072753906e+00 -2.264025211334228516e+00 1.426910758018493652e+00
9.662848472595214844e+00 -2.273912668228149414e+00 1.364919185638427734e+00
9.584217071533203125e+00 -2.285277605056762695e+00 1.292270302772521973e+00
9.534567832946777344e+00 -2.292459726333618164e+00 1.245333313941955566e+00
9.504928588867187500e+00 -2.296749591827392578e+00 1.216906666755676270e+00
9.438553810119628906e+00 -2.306359529495239258e+00 1.152699112892150879e+00
9.388670921325683594e+00 -2.313586711883544922e+00 1.103513836860656738e+00
9.351057052612304688e+00 -2.319039344787597656e+00 1.065891981124877930e+00
9.261276245117187500e+00 -2.332059144973754883e+00 9.751225709915161133e-01
9.232293128967285156e+00 -2.336266279220581055e+00 9.450630545616149902e-01
9.176228523254394531e+00 -2.344406604766845703e+00 8.864381909370422363e-01
9.118010520935058594e+00 -2.352864503860473633e+00 8.245909810066223145e-01
9.084949493408203125e+00 -2.357670307159423828e+00 7.888898849487304688e-01
9.031882286071777344e+00 -2.365386724472045898e+00 7.310527563095092773e-01
8.981650352478027344e+00 -2.372694730758666992e+00 6.754893660545349121e-01
8.922539710998535156e+00 -2.381298542022705078e+00 6.091848611831665039e-01
8.879159927368164062e+00 -2.387616157531738281e+00 5.597214698791503906e-01
8.799122810363769531e+00 -2.399276733398437500e+00 4.673599898815155029e-01
8.757400512695312500e+00 -2.405359506607055664e+00 4.181400835514068604e-01
8.700144767761230469e+00 -2.413709878921508789e+00 3.498184680938720703e-01
8.652452468872070312e+00 -2.420668840408325195e+00 2.920103073120117188e-01
8.608820915222167969e+00 -2.427037477493286133e+00 2.384319007396697998e-01
8.577729225158691406e+00 -2.431577205657958984e+00 1.997959464788436890e-01
8.514242172241210938e+00 -2.440849304199218750e+00 1.202337443828582764e-01
8.482211112976074219e+00 -2.445529222488403320e+00 7.939589023590087891e-02
8.435930252075195312e+00 -2.452292680740356445e+00 1.987635344266891479e-02
8.368499755859375000e+00 -2.462149620056152344e+00 -6.793297082185745239e-02
8.325790405273437500e+00 -2.463731765747070312e+00 -6.054170429706573486e-03
8.298282623291015625e+00 -2.464781999588012695e+00 3.179757669568061829e-02
8.246788024902343750e+00 -2.466781377792358398e+00 1.004073470830917358e-01
8.211718559265136719e+00 -2.468181848526000977e+00 1.444244831800460815e-01
8.141562461853027344e+00 -2.471029758453369141e+00 2.290617078542709351e-01
8.083895683288574219e+00 -2.473438978195190430e+00 2.933649420738220215e-01
8.045064926147460938e+00 -2.475092172622680664e+00 3.340072035789489746e-01
7.992130279541015625e+00 -2.477370262145996094e+00 3.871280252933502197e-01
7.957026958465576172e+00 -2.478900432586669922e+00 4.203906357288360596e-01
7.922084331512451172e+00 -2.480434656143188477e+00 4.522711038589477539e-01
7.846017360687255859e+00 -2.483795642852783203e+00 5.191022753715515137e-01
7.813829421997070312e+00 -2.485235214233398438e+00 5.451164841651916504e-01
7.756407737731933594e+00 -2.487812757492065430e+00 5.899142622947692871e-01
7.690735816955566406e+00 -2.490777492523193359e+00 6.379680037498474121e-01
7.629049777984619141e+00 -2.493575572967529297e+00 6.798473596572875977e-01
7.593309879302978516e+00 -2.495200872421264648e+00 7.024214863777160645e-01
7.518787860870361328e+00 -2.498592138290405273e+00 7.475252747535705566e-01
7.483456611633300781e+00 -2.500200510025024414e+00 7.670195698738098145e-01
7.446083068847656250e+00 -2.501900434494018555e+00 7.867289781570434570e-01
7.373626232147216797e+00 -2.505191802978515625e+00 8.231056928634643555e-01
7.302961826324462891e+00 -2.508390665054321289e+00 8.551920652389526367e-01
7.261489868164062500e+00 -2.510258436203002930e+00 8.721464276313781738e-01
7.196089267730712891e+00 -2.513192415237426758e+00 8.971914052963256836e-01
7.148743629455566406e+00 -2.515301465988159180e+00 9.134234189987182617e-01
7.092375278472900391e+00 -2.517796993255615234e+00 9.311453104019165039e-01
7.047536373138427734e+00 -2.519765853881835938e+00 9.437457919120788574e-01
6.994611263275146484e+00 -2.522072792053222656e+00 9.572331905364990234e-01
6.934223175048828125e+00 -2.524679899215698242e+00 9.707762598991394043e-01
6.869908809661865234e+00 -2.527423381805419922e+00 9.829806685447692871e-01
6.796176910400390625e+00 -2.530524015426635742e+00 9.942897558212280273e-01
6.738206386566162109e+00 -2.532917976379394531e+00 1.000783681869506836e+00
6.711472034454345703e+00 -2.534004449844360352e+00 1.002914905548095703e+00
6.636810302734375000e+00 -2.537014007568359375e+00 1.007758140563964844e+00
6.586043357849121094e+00 -2.539012432098388672e+00 1.008946180343627930e+00
6.522213459014892578e+00 -2.541480302810668945e+00 1.008641004562377930e+00
6.461975574493408203e+00 -2.543752908706665039e+00 1.006213426589965820e+00
6.422118186950683594e+00 -2.545218706130981445e+00 1.003265261650085449e+00
6.336852550506591797e+00 -2.548297405242919922e+00 9.950486421585083008e-01
6.280014038085937500e+00 -2.550264358520507812e+00 9.868252873420715332e-01
6.261152744293212891e+00 -2.550896406173706055e+00 9.834812283515930176e-01
6.178796768188476562e+00 -2.553624153137207031e+00 9.679798483848571777e-01
6.153035640716552734e+00 -2.554432868957519531e+00 9.618893861770629883e-01
6.097314357757568359e+00 -2.556149482727050781e+00 9.478615522384643555e-01
6.002572536468505859e+00 -2.558943748474121094e+00 9.208331704139709473e-01
5.959755420684814453e+00 -2.560104608535766602e+00 9.061180353164672852e-01
5.921792984008789062e+00 -2.561088800430297852e+00 8.920392990112304688e-01
5.853507518768310547e+00 -2.562783718109130859e+00 8.650389313697814941e-01
5.793096542358398438e+00 -2.564157247543334961e+00 8.384232521057128906e-01
5.739692687988281250e+00 -2.565264940261840820e+00 8.126869201660156250e-01
5.723039627075195312e+00 -2.565578937530517578e+00 8.040323853492736816e-01
5.638540744781494141e+00 -2.567119121551513672e+00 7.590976953506469727e-01
5.586415767669677734e+00 -2.567898035049438477e+00 7.281005382537841797e-01
5.546601295471191406e+00 -2.568403720855712891e+00 7.027971148490905762e-01
5.501589775085449219e+00 -2.568893194198608398e+00 6.727325916290283203e-01
5.467081546783447266e+00 -2.569192886352539062e+00 6.483754515647888184e-01
5.413612365722656250e+00 -2.569562196731567383e+00 6.090233325958251953e-01
5.356400012969970703e+00 -2.569790363311767578e+00 5.641416907310485840e-01
5.295656681060791016e+00 -2.569827079772949219e+00 5.131621360778808594e-01
5.252130508422851562e+00 -2.569682121276855469e+00 4.739371240139007568e-01
5.218117237091064453e+00 -2.569463491439819336e+00 4.416753351688385010e-01
5.163485527038574219e+00 -2.568970441818237305e+00 3.877302110195159912e-01
5.120874404907226562e+00 -2.568394899368286133e+00 3.428414463996887207e-01
5.084758758544921875e+00 -2.567768096923828125e+00 3.027952015399932861e-01
5.054974079132080078e+00 -2.567145586013793945e+00 2.682803869247436523e-01
5.009803771972656250e+00 -2.566059827804565430e+00 2.139666676521301270e-01
4.975745201110839844e+00 -2.565066814422607422e+00 1.706204116344451904e-01
4.941501140594482422e+00 -2.563922643661499023e+00 1.250773966312408447e-01
4.901001930236816406e+00 -2.562381505966186523e+00 6.872020661830902100e-02
4.843737602233886719e+00 -2.559858322143554688e+00 -1.547551900148391724e-02
4.821004390716552734e+00 -2.557434082031250000e+00 9.093726053833961487e-03
4.750730037689208984e+00 -2.549982309341430664e+00 8.321929723024368286e-02
4.668874263763427734e+00 -2.541445732116699219e+00 1.632888615131378174e-01
4.620440006256103516e+00 -2.536478996276855469e+00 2.067121416330337524e-01
4.564621448516845703e+00 -2.530803918838500977e+00 2.542681992053985596e-01
4.528226375579833984e+00 -2.527136564254760742e+00 2.834988236427307129e-01
4.451609134674072266e+00 -2.519456863403320312e+00 3.427084982395172119e-01
4.398177146911621094e+00 -2.514155864715576172e+00 3.807231783866882324e-01
4.331203937530517578e+00 -2.507551670074462891e+00 4.256692230701446533e-01
4.278870105743408203e+00 -2.502425909042358398e+00 4.582538604736328125e-01
4.212025165557861328e+00 -2.495908260345458984e+00 4.974503815174102783e-01
4.126289367675781250e+00 -2.487590312957763672e+00 5.438928008079528809e-01
4.096200942993164062e+00 -2.484686613082885742e+00 5.585371851921081543e-01
4.038218498229980469e+00 -2.479098558425903320e+00 5.856816172599792480e-01
3.962207317352294922e+00 -2.471789836883544922e+00 6.185939311981201172e-01
3.893683433532714844e+00 -2.465215921401977539e+00 6.451922059059143066e-01
3.851399660110473633e+00 -2.461164236068725586e+00 6.599463820457458496e-01
3.748743295669555664e+00 -2.451329946517944336e+00 6.933364272117614746e-01
3.703269004821777344e+00 -2.446973323822021484e+00 7.055587172508239746e-01
3.638097763061523438e+00 -2.440724849700927734e+00 7.214850187301635742e-01
3.559273004531860352e+00 -2.433155775070190430e+00 7.380225062370300293e-01
3.487210988998413086e+00 -2.426217794418334961e+00 7.501668930053710938e-01
3.409880638122558594e+00 -2.418748378753662109e+00 7.603167891502380371e-01
3.386699438095092773e+00 -2.416499614715576172e+00 7.624397873878479004e-01
3.311540842056274414e+00 -2.409197092056274414e+00 7.684347033500671387e-01
3.254959106445312500e+00 -2.403670072555541992e+00 7.707803249359130859e-01
3.151465177536010742e+00 -2.393513441085815430e+00 7.720913290977478027e-01
3.103238821029663086e+00 -2.388735771179199219e+00 7.701560258865356445e-01
3.021841049194335938e+00 -2.380630254745483398e+00 7.648788690567016602e-01
2.949808359146118164e+00 -2.373389959335327148e+00 7.571844458580017090e-01
2.907386779785156250e+00 -2.369086265563964844e+00 7.510592341423034668e-01
2.865116834640502930e+00 -2.364772319793701172e+00 7.440102100372314453e-01
2.788185834884643555e+00 -2.356871604919433594e+00 7.294499874114990234e-01
2.740955114364624023e+00 -2.351962566375732422e+00 7.185496687889099121e-01
2.636166810989379883e+00 -2.340983152389526367e+00 6.916438937187194824e-01
2.614984512329101562e+00 -2.338721513748168945e+00 6.849567294120788574e-01
2.523850440979003906e+00 -2.328949213027954102e+00 6.550698280334472656e-01
2.486028909683227539e+00 -2.324816465377807617e+00 6.406346559524536133e-01
2.429558038711547852e+00 -2.318592548370361328e+00 6.177801489830017090e-01
2.356843233108520508e+00 -2.310470342636108398e+00 5.857919454574584961e-01
2.282886981964111328e+00 -2.302056550979614258e+00 5.497890710830688477e-01
2.246390342712402344e+00 -2.297819852828979492e+00 5.302021503448486328e-01
2.162817001342773438e+00 -2.288013219833374023e+00 4.832075834274291992e-01
2.103081464767456055e+00 -2.280820846557617188e+00 4.459744393825531006e-01
2.033432960510253906e+00 -2.272264242172241211e+00 3.993400633335113525e-01
1.981387853622436523e+00 -2.265707254409790039e+00 3.615265190601348877e-01
1.941589355468750000e+00 -2.260589838027954102e+00 3.308104872703552246e-01
1.878423213958740234e+00 -2.252332210540771484e+00 2.797636389732360840e-01
1.844191074371337891e+00 -2.247731208801269531e+00 2.500182986259460449e-01
1.783502697944641113e+00 -2.239441156387329102e+00 1.951543837785720825e-01
1.740650653839111328e+00 -2.233407974243164062e+00 1.535984575748443604e-01
1.694048881530761719e+00 -2.226693630218505859e+00 1.060761511325836182e-01
1.631027340888977051e+00 -2.217367649078369141e+00 3.815263509750366211e-02
1.600569128990173340e+00 -2.212681531906127930e+00 2.728771418333053589e-03
1.531287789344787598e+00 -2.197491407394409180e+00 7.047107815742492676e-02
1.465625643730163574e+00 -2.183211565017700195e+00 1.301831603050231934e-01
1.370570778846740723e+00 -2.162680387496948242e+00 2.109282314777374268e-01
1.339924931526184082e+00 -2.156118869781494141e+00 2.344981431961059570e-01
1.258222103118896484e+00 -2.138667583465576172e+00 2.953711152076721191e-01
1.158062338829040527e+00 -2.117403030395507812e+00 3.638113737106323242e-01
1.136007070541381836e+00 -2.112750291824340820e+00 3.773239254951477051e-01
1.008678436279296875e+00 -2.085921525955200195e+00 4.534644782543182373e-01
9.369454979896545410e-01 -2.070904254913330078e+00 4.904688000679016113e-01
8.906753659248352051e-01 -2.061244726181030273e+00 5.123364925384521484e-01
8.007264137268066406e-01 -2.042495727539062500e+00 5.524207949638366699e-01
7.036278247833251953e-01 -2.022310495376586914e+00 5.907326340675354004e-01
6.534478068351745605e-01 -2.011902093887329102e+00 6.078701615333557129e-01
6.043531298637390137e-01 -2.001726865768432617e+00 6.233327984809875488e-01
4.797690808773040771e-01 -1.975922107696533203e+00 6.593837738037109375e-01
4.465834200382232666e-01 -1.969056367874145508e+00 6.668710112571716309e-01
3.606398999691009521e-01 -1.951276302337646484e+00 6.848387718200683594e-01
2.434969991445541382e-01 -1.927039504051208496e+00 7.043470144271850586e-01
2.036961615085601807e-01 -1.918798446655273438e+00 7.086994051933288574e-01
9.448746591806411743e-02 -1.896173357963562012e+00 7.185451388359069824e-01
3.467120975255966187e-02 -1.883758783340454102e+00 7.207918763160705566e-01
-6.318818777799606323e-02 -1.863419890403747559e+00 7.216573953628540039e-01
-1.084854304790496826e-01 -1.853980064392089844e+00 7.199237346649169922e-01
-1.979699730873107910e-01 -1.835303068161010742e+00 7.145392298698425293e-01
-2.690711915493011475e-01 -1.820413589477539062e+00 7.071620821952819824e-01
-3.419406414031982422e-01 -1.805106401443481445e+00 6.970486044883728027e-01
-4.225046634674072266e-01 -1.788122415542602539e+00 6.829350590705871582e-01
-4.989348351955413818e-01 -1.771938681602478027e+00 6.664157509803771973e-01
-6.122047305107116699e-01 -1.747840881347656250e+00 6.374365687370300293e-01
-6.613224148750305176e-01 -1.737309336662292480e+00 6.218928694725036621e-01
-7.308261394500732422e-01 -1.722348332405090332e+00 5.980072021484375000e-01
-8.059815764427185059e-01 -1.706074476242065430e+00 5.692131519317626953e-01
-9.060124754905700684e-01 -1.684261202812194824e+00 5.264686942100524902e-01
-9.571119546890258789e-01 -1.673002004623413086e+00 5.014873147010803223e-01
-1.029400587081909180e+00 -1.656978130340576172e+00 4.637554585933685303e-01
-1.076567888259887695e+00 -1.646427035331726074e+00 4.368383884429931641e-01
-1.152579307556152344e+00 -1.629312396049499512e+00 3.909285068511962891e-01
-1.203473687171936035e+00 -1.617722988128662109e+00 3.573274612426757812e-01
-1.294496059417724609e+00 -1.596821904182434082e+00 2.935990989208221436e-01
-1.340397000312805176e+00 -1.586109399795532227e+00 2.579740583896636963e-01
-1.422297000885009766e+00 -1.566817641258239746e+00 1.910118758678436279e-01
-1.456705689430236816e+00 -1.558566093444824219e+00 1.601537317037582397e-01
-1.524758696556091309e+00 -1.542107820510864258e+00 9.666249901056289673e-02
-1.585017919540405273e+00 -1.527270913124084473e+00 3.585041686892509460e-02
-1.626867532730102539e+00 -1.516781330108642578e+00 -9.498376399278640747e-03
-1.701655030250549316e+00 -1.492357730865478516e+00 5.911043658852577209e-02
-1.800985693931579590e+00 -1.460146427154541016e+00 1.436460465192794800e-01
-1.901633977890014648e+00 -1.427779078483581543e+00 2.211580872535705566e-01
-1.996254563331604004e+00 -1.397572636604309082e+00 2.869592308998107910e-01
-2.068958759307861328e+00 -1.374502182006835938e+00 3.328113257884979248e-01
-2.164444923400878906e+00 -1.344326376914978027e+00 3.885764479637145996e-01
-2.258984804153442383e+00 -1.314594864845275879e+00 4.382822811603546143e-01
-2.349282979965209961e+00 -1.286318063735961914e+00 4.808290600776672363e-01
-2.411392688751220703e+00 -1.266938328742980957e+00 5.070055723190307617e-01
-2.529120445251464844e+00 -1.230285167694091797e+00 5.527431964874267578e-01
-2.608928680419921875e+00 -1.205532073974609375e+00 5.789085626602172852e-01
-2.729741573333740234e+00 -1.168142080307006836e+00 6.137326359748840332e-01
-2.843123197555541992e+00 -1.133152604103088379e+00 6.397833824157714844e-01
-2.925907373428344727e+00 -1.107660412788391113e+00 6.543819904327392578e-01
-2.995009899139404297e+00 -1.086407303810119629e+00 6.639218330383300781e-01
-3.090601444244384766e+00 -1.057030916213989258e+00 6.740928292274475098e-01
-3.174087762832641602e+00 -1.031397223472595215e+00 6.793401837348937988e-01
-3.300595521926879883e+00 -9.925727248191833496e-01 6.824994683265686035e-01
-3.397116661071777344e+00 -9.629609584808349609e-01 6.793597936630249023e-01
-3.477635145187377930e+00 -9.382537603378295898e-01 6.731876134872436523e-01
-3.612707614898681641e+00 -8.967873454093933105e-01 6.578128337860107422e-01
-3.678350687026977539e+00 -8.766105771064758301e-01 6.461773514747619629e-01
-3.792829036712646484e+00 -8.413888812065124512e-01 6.222778558731079102e-01
-3.882844924926757812e+00 -8.136365413665771484e-01 5.984218120574951172e-01
-3.971310853958129883e+00 -7.863038778305053711e-01 5.709295868873596191e-01
-4.082705020904541016e+00 -7.518000006675720215e-01 5.311290025711059570e-01
-4.108105182647705078e+00 -7.439023852348327637e-01 5.204998254776000977e-01
-4.199285507202148438e+00 -7.155224084854125977e-01 4.810199439525604248e-01
-4.330187320709228516e+00 -6.746168732643127441e-01 4.173260927200317383e-01
-4.388958454132080078e+00 -6.561272740364074707e-01 3.839029073715209961e-01
-4.512582778930664062e+00 -6.170903444290161133e-01 3.086898326873779297e-01
-4.543067455291748047e+00 -6.073795557022094727e-01 2.874228656291961670e-01
-4.619331836700439453e+00 -5.830223560333251953e-01 2.323984801769256592e-01
-4.720180511474609375e+00 -5.505889058113098145e-01 1.533291488885879517e-01
-4.775426864624023438e+00 -5.326317548751831055e-01 1.050031557679176331e-01
-4.850295543670654297e+00 -5.081285834312438965e-01 3.538954257965087891e-02
-4.951173305511474609e+00 -4.747653007507324219e-01 -6.660441309213638306e-02
-4.981829643249511719e+00 -4.618616402149200439e-01 -4.167538881301879883e-02
-5.133764266967773438e+00 -3.980835676193237305e-01 7.825620472431182861e-02
-5.228394508361816406e+00 -3.588634133338928223e-01 1.423808634281158447e-01
-5.343377590179443359e+00 -3.115343153476715088e-01 2.131287753582000732e-01
-5.450391292572021484e+00 -2.678208351135253906e-01 2.713936269283294678e-01
-5.557586669921875000e+00 -2.243144363164901733e-01 3.231481909751892090e-01
-5.667433261871337891e+00 -1.799945384263992310e-01 3.697591125965118408e-01
-5.879459381103515625e+00 -9.492257237434387207e-02 4.476077258586883545e-01
-5.969853401184082031e+00 -5.900803580880165100e-02 4.712919294834136963e-01
-6.103786945343017578e+00 -5.985207855701446533e-03 5.006952881813049316e-01
-6.157044410705566406e+00 1.499437354505062103e-02 5.091006755828857422e-01
-6.275081157684326172e+00 6.140929460525512695e-02 5.248901844024658203e-01
-6.455580711364746094e+00 1.321168094873428345e-01 5.394654870033264160e-01
-6.590388298034667969e+00 1.846458464860916138e-01 5.394918322563171387e-01
-6.680017471313476562e+00 2.194522321224212646e-01 5.341188311576843262e-01
-6.800453186035156250e+00 2.661293745040893555e-01 5.220440030097961426e-01
-6.919907093048095703e+00 3.123138248920440674e-01 5.035020709037780762e-01
-7.016574859619140625e+00 3.496110439300537109e-01 4.831056296825408936e-01
-7.189621448516845703e+00 4.162839353084564209e-01 4.385657310485839844e-01
-7.254788875579833984e+00 4.413392841815948486e-01 4.161547720432281494e-01
-7.377548217773437500e+00 4.885153174400329590e-01 3.697315752506256104e-01
-7.518478393554687500e+00 5.426394939422607422e-01 3.069556355476379395e-01
-7.568116664886474609e+00 5.617002844810485840e-01 2.807307243347167969e-01
-7.738525390625000000e+00 6.271515488624572754e-01 1.853758394718170166e-01
-7.849869728088378906e+00 6.699699759483337402e-01 1.102684140205383301e-01
-7.881373405456542969e+00 6.821075677871704102e-01 8.633318543434143066e-02
-8.018610954284667969e+00 7.350227832794189453e-01 -2.152746170759201050e-02
-8.096057891845703125e+00 7.650008797645568848e-01 -9.194673597812652588e-02
-8.205784797668457031e+00 8.195205926895141602e-01 -3.866046667098999023e-03
-8.432139396667480469e+00 9.306979775428771973e-01 1.590334177017211914e-01
-8.582524299621582031e+00 1.003001093864440918e+00 2.442441880702972412e-01
-8.748834609985351562e+00 1.081996917724609375e+00 3.238188624382019043e-01
-8.936169624328613281e+00 1.169895291328430176e+00 3.965969979763031006e-01
-9.033018112182617188e+00 1.214764595031738281e+00 4.250738620758056641e-01
-9.252579689025878906e+00 1.315873265266418457e+00 4.794859886169433594e-01
-9.429470062255859375e+00 1.396260499954223633e+00 5.052522420883178711e-01
-9.520151138305664062e+00 1.437062978744506836e+00 5.112450122833251953e-01
-9.792284011840820312e+00 1.558918476104736328e+00 5.182776451110839844e-01
-9.875909805297851562e+00 1.595826625823974609e+00 5.102390646934509277e-01
-1.008786106109619141e+01 1.688980579376220703e+00 4.818441867828369141e-01
-1.025232410430908203e+01 1.760495305061340332e+00 4.435776472091674805e-01
-1.037713718414306641e+01 1.814329266548156738e+00 4.044962525367736816e-01
-1.048372364044189453e+01 1.860020995140075684e+00 3.642582297325134277e-01
-1.065002346038818359e+01 1.930937647819519043e+00 2.918335497379302979e-01
-1.078860187530517578e+01 1.989539146423339844e+00 2.180158942937850952e-01
-1.095779037475585938e+01 2.060577630996704102e+00 1.127307265996932983e-01
-1.106134891510009766e+01 2.103667020797729492e+00 3.549647331237792969e-02
-1.121472835540771484e+01 2.167122602462768555e+00 -9.223116934299468994e-02
-1.141117286682128906e+01 2.269413232803344727e+00 3.604343533515930176e-02
-1.160748958587646484e+01 2.368960857391357422e+00 1.398896276950836182e-01
-1.194231319427490234e+01 2.534663915634155273e+00 2.802117764949798584e-01
-1.225932025909423828e+01 2.685554981231689453e+00 3.593476414680480957e-01
-1.256029224395751953e+01 2.823906183242797852e+00 3.908313214778900146e-01
-1.266651535034179688e+01 2.871154546737670898e+00 3.879263401031494141e-01
-1.297418785095214844e+01 3.006414413452148438e+00 3.653644025325775146e-01
-1.337258338928222656e+01 3.175404071807861328e+00 2.814322113990783691e-01
-1.347228527069091797e+01 3.215546607971191406e+00 2.412047386169433594e-01
-1.379858875274658203e+01 3.345008611679077148e+00 9.216904640197753906e-02
-1.396525955200195312e+01 3.407553195953369141e+00 -1.661052554845809937e-02
-1.410265445709228516e+01 3.457310438156127930e+00 -1.230019703507423401e-01
-1.485976219177246094e+01 3.827399253845214844e+00 3.417091071605682373e-01
-1.559605884552001953e+01 4.132582187652587891e+00 4.840035438537597656e-01
-1.613228797912597656e+01 4.323314189910888672e+00 4.216208755970001221e-01
-1.658082962036132812e+01 4.462628841400146484e+00 2.677457928657531738e-01
-1.699177360534667969e+01 4.571647167205810547e+00 3.529606759548187256e-02
-1.734233856201171875e+01 4.645207881927490234e+00 -2.572026848793029785e-01
-2.051814270019531250e+01 4.691847324371337891e+00 -2.385347783565521240e-01
-2.246394920349121094e+01 3.195064783096313477e+00 -2.742734432220458984e+00
6.520754394531250000e+03 -1.889796679687500000e+04 -4.378772656250000000e+04
-7.482100176597811200e+16 1.508288919744020480e+17 1.863103727209021440e+17
-2.706592869866536960e+17 5.456120981602959360e+17 6.739636567482040320e+17
-4.511932894716887040e+17 9.095439186038620160e+17 1.123507988015874048e+18
-6.206741764405985280e+17 1.251194204630024192e+18 1.545529206778101760e+18
-7.377237175676436480e+17 1.487149949706567680e+18 1.836992009676521472e+18
-9.474492383740559360e+17 1.909927838627135488e+18 2.359225673131753472e+18
-1.151789900983435264e+18 2.321850799002484736e+18 2.868050517408350208e+18
-1.360948554826252288e+18 2.743486020463886336e+18 3.388872682811424768e+18
-1.507473047756472320e+18 3.038859373905444864e+18 3.753730498204008448e+18
-1.654847738052870144e+18 3.335946591096799232e+18 4.120705423235874816e+18
-1.866273791030591488e+18 3.762152482394865664e+18 4.647173305969672192e+18
-2.039439038384963584e+18 4.111230106905608192e+18 5.078368781034586112e+18
-2.154504716938117120e+18 4.343186653314023424e+18 5.364891615628361728e+18
-2.307547801992560640e+18 4.651700545097039872e+18 5.745981246303895552e+18
-2.577073561210454016e+18 5.195027514497433600e+18 6.417122044386738176e+18
-2.712261539502489600e+18 5.467548068511481856e+18 6.753751273125707776e+18
-2.836396402278400000e+18 5.717787019388649472e+18 7.062856977042374656e+18
-3.020898301709910016e+18 6.089717168448995328e+18 7.522281313638809600e+18
-3.263499769942638592e+18 6.578768395611668480e+18 8.126378290706382848e+18
-3.420793979266924544e+18 6.895852155899478016e+18 8.518053469578330112e+18
-3.633920564415954944e+18 7.325485774697136128e+18 9.048755846468599808e+18
-3.740483856990470144e+18 7.540302858973872128e+18 9.314107034913734656e+18
-3.856399595470848000e+18 7.773973269132083200e+18 9.602747528902606848e+18
-4.118839826881445888e+18 8.303017032731852800e+18 1.025624556340615578e+19
-4.230221179408875520e+18 8.527546652972548096e+18 1.053359407297776845e+19
-4.412739010108063744e+18 8.895477878242672640e+18 1.098807830383060582e+19
-4.568049150700027904e+18 9.208562164984446976e+18 1.137481392671476941e+19
-4.756518637840367616e+18 9.588491261136863232e+18 1.184411847479839949e+19
-5.001103899927511040e+18 1.008154196184557158e+19 1.245315555760957030e+19
-5.139126144318046208e+18 1.035977557827754394e+19 1.279684200173142016e+19
-5.247390106502823936e+18 1.057802093980968550e+19 1.306642795921093427e+19
-5.486307386148782080e+18 1.105964551568254566e+19 1.366135061125634458e+19
-5.665707551627411456e+18 1.142129248224411648e+19 1.410807229001708339e+19
-5.873165604579442688e+18 1.183949942645011251e+19 1.462466023614159258e+19
-6.042646525908090880e+18 1.218114957503732122e+19 1.504668138618434355e+19
-6.105564429540130816e+18 1.230798263934779392e+19 1.520335189753777357e+19
-6.389544093738860544e+18 1.288044666688425165e+19 1.591048410924423578e+19
-6.449627456394493952e+18 1.300156666877680026e+19 1.606009685545897165e+19
-6.636963347046596608e+18 1.337921043001088410e+19 1.652657895719410074e+19
-6.803893401398804480e+18 1.371571926222661222e+19 1.694224822856318976e+19
-6.986411232097992704e+18 1.408364993774092288e+19 1.739673245941602714e+19
-7.245167000043913216e+18 1.460526705005087949e+19 1.804105616889741312e+19
-7.401894136246173696e+18 1.492120841775742976e+19 1.843132012459510989e+19
-7.574775847039533056e+18 1.526971402134382182e+19 1.886180971319499162e+19
-7.780250381015056384e+18 1.568392204175959654e+19 1.937345645406427546e+19
-7.880011819782242304e+18 1.588502711652633805e+19 1.962187131515096269e+19
-7.999045498361085952e+18 1.612498233514891674e+19 1.991827326172030566e+19
-8.240513095227670528e+18 1.661174822739325747e+19 2.051954779243937792e+19
