2.336776924133300781e+01 -2.202191948890686035e-01 2.027836591005325317e-01
2.318822479248046875e+01 -2.106771022081375122e-01 3.149235546588897705e-01
2.308202362060546875e+01 -2.050975561141967773e-01 3.804536163806915283e-01
2.296377563476562500e+01 -1.989264339208602905e-01 4.528823196887969971e-01
2.273410034179687500e+01 -1.870285719633102417e-01 5.923923850059509277e-01
2.266558265686035156e+01 -1.835300773382186890e-01 6.333206295967102051e-01
2.249215507507324219e+01 -1.747120320796966553e-01 7.363861799240112305e-01
2.236210441589355469e+01 -1.681697666645050049e-01 8.126553893089294434e-01
2.221533966064453125e+01 -1.608448326587677002e-01 8.978505134582519531e-01
2.203907394409179688e+01 -1.521248966455459595e-01 9.989674687385559082e-01
2.194778060913085938e+01 -1.476559787988662720e-01 1.050576210021972656e+00
2.177714920043945312e+01 -1.393477916717529297e-01 1.146287918090820312e+00
2.161775779724121094e+01 -1.316638141870498657e-01 1.234370589256286621e+00
2.145588874816894531e+01 -1.239316016435623169e-01 1.322542309761047363e+00
2.137419700622558594e+01 -1.200648471713066101e-01 1.366373777389526367e+00
2.124498558044433594e+01 -1.139762848615646362e-01 1.435162782669067383e+00
2.110599899291992188e+01 -1.074733883142471313e-01 1.508226871490478516e+00
2.095919036865234375e+01 -1.006559133529663086e-01 1.584332108497619629e+00
2.084729194641113281e+01 -9.549989551305770874e-02 1.641464710235595703e+00
2.072311019897460938e+01 -8.981097489595413208e-02 1.704117655754089355e+00
2.058045005798339844e+01 -8.331681787967681885e-02 1.775123000144958496e+00
2.041046905517578125e+01 -7.563402503728866577e-02 1.858378529548645020e+00
2.033657836914062500e+01 -7.232201099395751953e-02 1.893858909606933594e+00
2.014992141723632812e+01 -6.398452818393707275e-02 1.982695460319519043e+00
2.008061218261718750e+01 -6.091560423374176025e-02 2.014929056167602539e+00
1.992411804199218750e+01 -5.400760471820831299e-02 2.087069988250732422e+00
1.976414108276367188e+01 -4.699464887380599976e-02 2.159318685531616211e+00
1.964370346069335938e+01 -4.175088554620742798e-02 2.212537288665771484e+00
1.957240295410156250e+01 -3.866163641214370728e-02 2.243512153625488281e+00
1.948682785034179688e+01 -3.496410697698593140e-02 2.280307054519653320e+00
1.928639411926269531e+01 -2.633175253868103027e-02 2.365404844284057617e+00
1.924110794067382812e+01 -2.439565211534500122e-02 2.384049654006958008e+00
1.904713249206542969e+01 -1.611515693366527557e-02 2.463339805603027344e+00
1.894792175292968750e+01 -1.190684922039508820e-02 2.502623796463012695e+00
1.881283950805664062e+01 -6.193534005433320999e-03 2.555212020874023438e+00
1.872212219238281250e+01 -2.370793372392654419e-03 2.589695215225219727e+00
1.857732009887695312e+01 3.717332147061824799e-03 2.643831968307495117e+00
1.851151657104492188e+01 6.474687717854976654e-03 2.667767286300659180e+00
1.841067314147949219e+01 1.069473382085561752e-02 2.703979015350341797e+00
1.829256629943847656e+01 1.562778837978839874e-02 2.745538949966430664e+00
1.818467712402343750e+01 2.012502774596214294e-02 2.782580852508544922e+00
1.806932640075683594e+01 2.492572180926799774e-02 2.821271657943725586e+00
1.791677284240722656e+01 3.126558661460876465e-02 2.871132135391235352e+00
1.783317756652832031e+01 3.473431989550590515e-02 2.897490262985229492e+00
1.771325111389160156e+01 3.970780968666076660e-02 2.934535264968872070e+00
1.764319801330566406e+01 4.261123016476631165e-02 2.955522060394287109e+00
1.747617721557617188e+01 4.953259602189064026e-02 3.004640579223632812e+00
1.743018913269042969e+01 5.143814906477928162e-02 3.017552852630615234e+00
1.733475112915039062e+01 5.539324134588241577e-02 3.043995141983032227e+00
1.717796707153320312e+01 6.189313530921936035e-02 3.086215257644653320e+00
1.706905746459960938e+01 6.641288101673126221e-02 3.114130973815917969e+00
1.700255203247070312e+01 6.917588412761688232e-02 3.130568504333496094e+00
1.688779067993164062e+01 7.394774258136749268e-02 3.158284187316894531e+00
1.679618453979492188e+01 7.776312530040740967e-02 3.179504156112670898e+00
1.670464324951171875e+01 8.158178627490997314e-02 3.199978590011596680e+00
1.656217575073242188e+01 8.753553777933120728e-02 3.230695009231567383e+00
1.646692085266113281e+01 9.152869135141372681e-02 3.250019073486328125e+00
1.638932037353515625e+01 9.478961676359176636e-02 3.265090942382812500e+00
1.629310226440429688e+01 9.884168952703475952e-02 3.283094167709350586e+00
1.621656227111816406e+01 1.020743474364280701e-01 3.296732664108276367e+00
1.608354187011718750e+01 1.077063381671905518e-01 3.319481134414672852e+00
1.596491527557373047e+01 1.127520129084587097e-01 3.338269472122192383e+00
1.588482475280761719e+01 1.161739602684974670e-01 3.350037574768066406e+00
1.580578422546386719e+01 1.195621415972709656e-01 3.361033201217651367e+00
1.574636650085449219e+01 1.221178174018859863e-01 3.368835449218750000e+00
1.558477115631103516e+01 1.290869563817977905e-01 3.389099597930908203e+00
1.553780555725097656e+01 1.311277747154235840e-01 3.394222974777221680e+00
1.544537639617919922e+01 1.351537108421325684e-01 3.403862237930297852e+00
1.534046173095703125e+01 1.397453695535659790e-01 3.413803577423095703e+00
1.525165367126464844e+01 1.436541229486465454e-01 3.421245813369750977e+00
1.512161254882812500e+01 1.494062840938568115e-01 3.430923461914062500e+00
1.508878040313720703e+01 1.508695334196090698e-01 3.432909488677978516e+00
1.496094417572021484e+01 1.565781086683273315e-01 3.440188646316528320e+00
1.491311359405517578e+01 1.587305963039398193e-01 3.442244291305541992e+00
1.481205081939697266e+01 1.632921248674392700e-01 3.446054458618164062e+00
1.469224166870117188e+01 1.687338799238204956e-01 3.449223041534423828e+00
1.459881782531738281e+01 1.730090379714965820e-01 3.450430870056152344e+00
1.453513145446777344e+01 1.759401857852935791e-01 3.450574398040771484e+00
1.442617511749267578e+01 1.809741258621215820e-01 3.450020313262939453e+00
1.433023738861083984e+01 1.854350864887237549e-01 3.448314666748046875e+00
1.424484825134277344e+01 1.894267797470092773e-01 3.445830821990966797e+00
1.420023441314697266e+01 1.915215700864791870e-01 3.444079160690307617e+00
1.411768817901611328e+01 1.954057365655899048e-01 3.440395832061767578e+00
1.400576400756835938e+01 2.006921023130416870e-01 3.434282779693603516e+00
1.392719841003417969e+01 2.044200003147125244e-01 3.428913593292236328e+00
1.386161518096923828e+01 2.075403332710266113e-01 3.423791885375976562e+00
1.378984737396240234e+01 2.109615802764892578e-01 3.417597532272338867e+00
1.368230342864990234e+01 2.160978168249130249e-01 3.407338857650756836e+00
1.361305236816406250e+01 2.194128036499023438e-01 3.399779081344604492e+00
1.355132007598876953e+01 2.223709523677825928e-01 3.392485618591308594e+00
1.343801498413085938e+01 2.278041094541549683e-01 3.378183126449584961e+00
1.335433101654052734e+01 2.318203151226043701e-01 3.366362333297729492e+00
1.329608058929443359e+01 2.346162945032119751e-01 3.357478380203247070e+00
1.318746662139892578e+01 2.398290336132049561e-01 3.340052604675292969e+00
1.315643501281738281e+01 2.413175106048583984e-01 3.334609985351562500e+00
1.305185604095458984e+01 2.463323771953582764e-01 3.315815687179565430e+00
1.294560718536376953e+01 2.514214515686035156e-01 3.295159101486206055e+00
1.291576099395751953e+01 2.528487145900726318e-01 3.288903236389160156e+00
1.284001827239990234e+01 2.564687728881835938e-01 3.272701025009155273e+00
1.275095653533935547e+01 2.607190012931823730e-01 3.252667188644409180e+00
1.268178081512451172e+01 2.640136182308197021e-01 3.236197948455810547e+00
1.260909080505371094e+01 2.674695551395416260e-01 3.218141317367553711e+00
1.249047279357910156e+01 2.730978429317474365e-01 3.187373876571655273e+00
1.245197582244873047e+01 2.749180793762207031e-01 3.176688432693481445e+00
1.239476108551025391e+01 2.776198983192443848e-01 3.160465955734252930e+00
1.227147006988525391e+01 2.834307551383972168e-01 3.124405384063720703e+00
1.222469997406005859e+01 2.856254577636718750e-01 3.109811067581176758e+00
1.213513565063476562e+01 2.898207604885101318e-01 3.081189632415771484e+00
1.208410358428955078e+01 2.922026813030242920e-01 3.064138650894165039e+00
1.197944545745849609e+01 2.970772981643676758e-01 3.028291702270507812e+00
1.194500446319580078e+01 2.986742258071899414e-01 3.015895128250122070e+00
1.185249996185302734e+01 3.029567599296569824e-01 2.982063055038452148e+00
1.177261734008789062e+01 3.066392838954925537e-01 2.951590061187744141e+00
1.173536205291748047e+01 3.083501756191253662e-01 2.936864852905273438e+00
1.163384056091308594e+01 3.130038678646087646e-01 2.896079301834106445e+00
1.156486129760742188e+01 3.161497414112091064e-01 2.867133617401123047e+00
1.148639583587646484e+01 3.197154104709625244e-01 2.833240032196044922e+00
1.142012691497802734e+01 3.227142095565795898e-01 2.803674459457397461e+00
1.138097953796386719e+01 3.244793117046356201e-01 2.785734176635742188e+00
1.130206584930419922e+01 3.280296027660369873e-01 2.748999357223510742e+00
1.121639823913574219e+01 3.318665027618408203e-01 2.707859992980957031e+00
1.119871997833251953e+01 3.326543569564819336e-01 2.699084043502807617e+00
1.109851360321044922e+01 3.371154367923736572e-01 2.649001359939575195e+00
1.105390548706054688e+01 3.390894532203674316e-01 2.625844955444335938e+00
1.096013832092285156e+01 3.432275056838989258e-01 2.576354265213012695e+00
1.089159107208251953e+01 3.462349474430084229e-01 2.538906097412109375e+00
1.083068275451660156e+01 3.488956093788146973e-01 2.504795551300048828e+00
1.075122261047363281e+01 3.523530960083007812e-01 2.459315299987792969e+00
1.071332073211669922e+01 3.539936840534210205e-01 2.437004804611206055e+00
1.064499473571777344e+01 3.569437861442565918e-01 2.396248817443847656e+00
1.058887767791748047e+01 3.593556582927703857e-01 2.361974239349365234e+00
1.049680042266845703e+01 3.632979989051818848e-01 2.304645061492919922e+00
1.043635654449462891e+01 3.658695220947265625e-01 2.265820503234863281e+00
1.037060165405273438e+01 3.686552047729492188e-01 2.222722053527832031e+00
1.030833911895751953e+01 3.712806701660156250e-01 2.181014537811279297e+00
1.025090694427490234e+01 3.736917078495025635e-01 2.141749143600463867e+00
1.018753719329833984e+01 3.763409852981567383e-01 2.097608089447021484e+00
1.016597843170166016e+01 3.772381246089935303e-01 2.082281351089477539e+00
1.010221767425537109e+01 3.798872828483581543e-01 2.036637067794799805e+00
1.000699234008789062e+01 3.838251829147338867e-01 1.967069983482360840e+00
9.954427719116210938e+00 3.859834671020507812e-01 1.927498817443847656e+00
9.887384414672851562e+00 3.887254297733306885e-01 1.876192450523376465e+00
9.832824707031250000e+00 3.909454941749572754e-01 1.833562970161437988e+00
9.803400039672851562e+00 3.921378254890441895e-01 1.810183644294738770e+00
9.707777023315429688e+00 3.960038721561431885e-01 1.733519077301025391e+00
9.656026840209960938e+00 3.980807065963745117e-01 1.690805912017822266e+00
9.607062339782714844e+00 4.000378549098968506e-01 1.649757027626037598e+00
9.550969123840332031e+00 4.022714197635650635e-01 1.602036833763122559e+00
9.491382598876953125e+00 4.046336710453033447e-01 1.550490617752075195e+00
9.442462921142578125e+00 4.065639972686767578e-01 1.507417798042297363e+00
9.366640090942382812e+00 4.095443785190582275e-01 1.439689040184020996e+00
9.305309295654296875e+00 4.119406640529632568e-01 1.383675336837768555e+00
9.278539657592773438e+00 4.129815101623535156e-01 1.358786463737487793e+00
9.231998443603515625e+00 4.147872626781463623e-01 1.315178990364074707e+00
9.168798446655273438e+00 4.172303080558776855e-01 1.255161643028259277e+00
9.088788032531738281e+00 4.203076362609863281e-01 1.177788019180297852e+00
9.028893470764160156e+00 4.225965440273284912e-01 1.118529319763183594e+00
8.996889114379882812e+00 4.238137900829315186e-01 1.086321353912353516e+00
8.950968742370605469e+00 4.255558550357818604e-01 1.039689540863037109e+00
8.866107940673828125e+00 4.287634789943695068e-01 9.523906111717224121e-01
8.840002059936523438e+00 4.297435581684112549e-01 9.248879551887512207e-01
8.785176277160644531e+00 4.317976534366607666e-01 8.667051196098327637e-01
8.738210678100585938e+00 4.335496425628662109e-01 8.160964846611022949e-01
8.650547027587890625e+00 4.368076920509338379e-01 7.203943729400634766e-01
8.622501373291015625e+00 4.378428161144256592e-01 6.890259385108947754e-01
8.576601982116699219e+00 4.395332038402557373e-01 6.372909545898437500e-01
8.491964340209960938e+00 4.426391422748565674e-01 5.406825542449951172e-01
8.465810775756835938e+00 4.435925781726837158e-01 5.101311802864074707e-01
8.397429466247558594e+00 4.460805356502532959e-01 4.296780526638031006e-01
8.367359161376953125e+00 4.471689164638519287e-01 3.936348557472229004e-01
8.296283721923828125e+00 4.497356712818145752e-01 3.077443838119506836e-01
8.265740394592285156e+00 4.508328735828399658e-01 2.701178789138793945e-01
8.199035644531250000e+00 4.532237946987152100e-01 1.872643232345581055e-01
8.156937599182128906e+00 4.547254741191864014e-01 1.340269893407821655e-01
8.092974662780761719e+00 4.570003151893615723e-01 5.222044140100479126e-02
8.046308517456054688e+00 4.586526453495025635e-01 -8.496694266796112061e-03
7.996618747711181641e+00 4.659688472747802734e-01 6.629126518964767456e-02
7.972388744354248047e+00 4.695054590702056885e-01 1.005965247750282288e-01
7.914672851562500000e+00 4.778984487056732178e-01 1.799964606761932373e-01
7.861425876617431641e+00 4.855782985687255859e-01 2.484431862831115723e-01
7.838402748107910156e+00 4.888775646686553955e-01 2.762919068336486816e-01
7.793239593505859375e+00 4.953339099884033203e-01 3.295387923717498779e-01
7.727336883544921875e+00 5.047132968902587891e-01 4.034360051155090332e-01
7.691227436065673828e+00 5.098233819007873535e-01 4.410848021507263184e-01
7.643797397613525391e+00 5.165182948112487793e-01 4.886358380317687988e-01
7.588021278381347656e+00 5.243675112724304199e-01 5.417456626892089844e-01
7.521648406982421875e+00 5.336796641349792480e-01 6.012203097343444824e-01
7.505180835723876953e+00 5.359832644462585449e-01 6.149393320083618164e-01
7.437743663787841797e+00 5.454115867614746094e-01 6.701187491416931152e-01
7.400253295898437500e+00 5.506420135498046875e-01 6.985709071159362793e-01
7.314888477325439453e+00 5.625420212745666504e-01 7.606785297393798828e-01
7.293260574340820312e+00 5.655528306961059570e-01 7.749264836311340332e-01
7.241472244262695312e+00 5.727615356445312500e-01 8.081865310668945312e-01
7.149458408355712891e+00 5.855679512023925781e-01 8.637013435363769531e-01
7.112133026123046875e+00 5.907648205757141113e-01 8.837378621101379395e-01
7.045488834381103516e+00 6.000487208366394043e-01 9.177944660186767578e-01
7.005678653717041016e+00 6.056013107299804688e-01 9.363459348678588867e-01
6.951474189758300781e+00 6.131691932678222656e-01 9.601886868476867676e-01
6.874244213104248047e+00 6.239688992500305176e-01 9.914616346359252930e-01
6.814399242401123047e+00 6.323598027229309082e-01 1.012783765792846680e+00
6.774689197540283203e+00 6.379415392875671387e-01 1.025472760200500488e+00
6.704487800598144531e+00 6.478279232978820801e-01 1.046221613883972168e+00
6.650236129760742188e+00 6.554956436157226562e-01 1.059983611106872559e+00
6.607784271240234375e+00 6.615144610404968262e-01 1.069399237632751465e+00
6.532780170440673828e+00 6.721770167350769043e-01 1.084182739257812500e+00
6.509032249450683594e+00 6.755698919296264648e-01 1.087835073471069336e+00
6.421276569366455078e+00 6.881297230720520020e-01 1.100139379501342773e+00
6.390374183654785156e+00 6.925821304321289062e-01 1.102924346923828125e+00
6.346103191375732422e+00 6.989774107933044434e-01 1.106137990951538086e+00
6.254704952239990234e+00 7.122316956520080566e-01 1.110478758811950684e+00
6.191390991210937500e+00 7.214906215667724609e-01 1.110201835632324219e+00
6.167060852050781250e+00 7.250714898109436035e-01 1.109219312667846680e+00
6.096073150634765625e+00 7.355467081069946289e-01 1.105367422103881836e+00
6.029989242553710938e+00 7.453750967979431152e-01 1.099091291427612305e+00
5.992628574371337891e+00 7.509753108024597168e-01 1.094113826751708984e+00
5.944851398468017578e+00 7.581707239151000977e-01 1.086705327033996582e+00
5.878274917602539062e+00 7.682603597640991211e-01 1.074506163597106934e+00
5.820044040679931641e+00 7.771660685539245605e-01 1.061519861221313477e+00
5.752446174621582031e+00 7.875926494598388672e-01 1.044050931930541992e+00
5.721552848815917969e+00 7.924076914787292480e-01 1.034772157669067383e+00
5.640442848205566406e+00 8.051137924194335938e-01 1.008825778961181641e+00
5.600090026855468750e+00 8.115227222442626953e-01 9.938061237335205078e-01
5.529603004455566406e+00 8.228005766868591309e-01 9.656805396080017090e-01
5.491087913513183594e+00 8.290463685989379883e-01 9.484630823135375977e-01
5.443668365478515625e+00 8.367967009544372559e-01 9.259808063507080078e-01
5.398360729217529297e+00 8.442767262458801270e-01 9.029515385627746582e-01
5.354393959045410156e+00 8.516089320182800293e-01 8.791258931159973145e-01
5.292693614959716797e+00 8.620045781135559082e-01 8.436163663864135742e-01
5.240849494934082031e+00 8.708726167678833008e-01 8.112443089485168457e-01
5.185326099395751953e+00 8.804996013641357422e-01 7.741885781288146973e-01
5.125256538391113281e+00 8.910764455795288086e-01 7.312072515487670898e-01
5.092572212219238281e+00 8.969345688819885254e-01 7.060282230377197266e-01
5.050878524780273438e+00 9.044851660728454590e-01 6.726004481315612793e-01
4.983380317687988281e+00 9.168781042098999023e-01 6.156792640686035156e-01
4.942996978759765625e+00 9.244697093963623047e-01 5.787504911422729492e-01
4.913488388061523438e+00 9.301028847694396973e-01 5.504174828529357910e-01
4.874188899993896484e+00 9.376944899559020996e-01 5.113062858581542969e-01
4.826503276824951172e+00 9.470593929290771484e-01 4.615200161933898926e-01
4.789724826812744141e+00 9.544374942779541016e-01 4.208034276962280273e-01
4.722177982330322266e+00 9.682288169860839844e-01 3.425050377845764160e-01
4.691426277160644531e+00 9.747290611267089844e-01 3.036732971668243408e-01
4.644180774688720703e+00 9.848921298980712891e-01 2.415480315685272217e-01
4.607341766357421875e+00 9.930468201637268066e-01 1.899299472570419312e-01
4.589974880218505859e+00 9.969859719276428223e-01 1.643120348453521729e-01
4.544872283935546875e+00 1.007342457771301270e+00 9.609476476907730103e-02
4.494702816009521484e+00 1.019255161285400391e+00 1.501011103391647339e-02
4.480819702148437500e+00 1.022690892219543457e+00 -9.241443127393722534e-03
4.438833236694335938e+00 1.035942673683166504e+00 4.563116282224655151e-02
4.376778602600097656e+00 1.055425167083740234e+00 1.229331716895103455e-01
4.318517208099365234e+00 1.073588013648986816e+00 1.906184554100036621e-01
4.285037994384765625e+00 1.083964705467224121e+00 2.270985394716262817e-01
4.216128826141357422e+00 1.105259299278259277e+00 2.995199561119079590e-01
4.169296741485595703e+00 1.119649887084960938e+00 3.452032804489135742e-01
4.115994453430175781e+00 1.135973691940307617e+00 3.946571350097656250e-01
4.057896614074707031e+00 1.153704404830932617e+00 4.455665349960327148e-01
4.008444309234619141e+00 1.168745279312133789e+00 4.862689673900604248e-01
3.952459573745727539e+00 1.185729265213012695e+00 5.299401879310607910e-01
3.870487928390502930e+00 1.210531473159790039e+00 5.900617241859436035e-01
3.795089960098266602e+00 1.233267307281494141e+00 6.404643058776855469e-01
3.742307662963867188e+00 1.249142289161682129e+00 6.727734208106994629e-01
3.680908918380737305e+00 1.267580866813659668e+00 7.080420255661010742e-01
3.625135898590087891e+00 1.284304738044738770e+00 7.377114892005920410e-01
3.553409814834594727e+00 1.305787920951843262e+00 7.731909155845642090e-01
3.492288112640380859e+00 1.324073195457458496e+00 8.005771636962890625e-01
3.439062833786010742e+00 1.339984416961669922e+00 8.223773241043090820e-01
3.380125522613525391e+00 1.357595443725585938e+00 8.445889949798583984e-01
3.338268518447875977e+00 1.370098948478698730e+00 8.588770031929016113e-01
3.286470651626586914e+00 1.385570883750915527e+00 8.752754926681518555e-01
3.223765373229980469e+00 1.404301524162292480e+00 8.932297229766845703e-01
3.128802537918090820e+00 1.432674050331115723e+00 9.169901609420776367e-01
3.101372718811035156e+00 1.440874934196472168e+00 9.223758578300476074e-01
2.998796939849853516e+00 1.471552968025207520e+00 9.409455657005310059e-01
2.958349943161010742e+00 1.483666777610778809e+00 9.459630250930786133e-01
2.904130220413208008e+00 1.499918341636657715e+00 9.514840245246887207e-01
2.830300569534301758e+00 1.522073745727539062e+00 9.568075537681579590e-01
2.752544164657592773e+00 1.545450210571289062e+00 9.592720270156860352e-01
2.711297035217285156e+00 1.557878613471984863e+00 9.588232040405273438e-01
2.653722286224365234e+00 1.575250864028930664e+00 9.568936228752136230e-01
2.563210725784301758e+00 1.602617979049682617e+00 9.509887099266052246e-01
2.494069337844848633e+00 1.623599052429199219e+00 9.429998993873596191e-01
2.446936845779418945e+00 1.637946605682373047e+00 9.357196688652038574e-01
2.388546943664550781e+00 1.655763387680053711e+00 9.251321554183959961e-01
2.316158533096313477e+00 1.677921175956726074e+00 9.095669984817504883e-01
2.256629943847656250e+00 1.696219801902770996e+00 8.942351937294006348e-01
2.231391668319702148e+00 1.704007506370544434e+00 8.868327736854553223e-01
2.158254146575927734e+00 1.726614952087402344e+00 8.642536997795104980e-01
2.068152189254760742e+00 1.754613161087036133e+00 8.323421478271484375e-01
2.008388757705688477e+00 1.773316979408264160e+00 8.077105283737182617e-01
1.971397280693054199e+00 1.784955382347106934e+00 7.909837961196899414e-01
1.911703705787658691e+00 1.803802728652954102e+00 7.624688148498535156e-01
1.880360484123229980e+00 1.813758373260498047e+00 7.461704611778259277e-01
1.793872594833374023e+00 1.841322779655456543e+00 6.992120146751403809e-01
1.759043574333190918e+00 1.852532863616943359e+00 6.780170798301696777e-01
1.708116054534912109e+00 1.868996739387512207e+00 6.456075906753540039e-01
1.646655082702636719e+00 1.889001250267028809e+00 6.039076447486877441e-01
1.578584432601928711e+00 1.911353468894958496e+00 5.540939569473266602e-01
1.536364555358886719e+00 1.925366282463073730e+00 5.205470919609069824e-01
1.488966345787048340e+00 1.941213011741638184e+00 4.809214770793914795e-01
1.423844695091247559e+00 1.963176846504211426e+00 4.232942163944244385e-01
1.371788859367370605e+00 1.980964660644531250e+00 3.734970986843109131e-01
1.322163939476013184e+00 1.998119473457336426e+00 3.229436576366424561e-01
1.291490554809570312e+00 2.008852005004882812e+00 2.897408902645111084e-01
1.235827565193176270e+00 2.028487205505371094e+00 2.271410822868347168e-01
1.185642719268798828e+00 2.046472311019897461e+00 1.666036397218704224e-01
1.141883611679077148e+00 2.062405824661254883e+00 1.102678254246711731e-01
1.114071607589721680e+00 2.072689533233642578e+00 7.229942828416824341e-02
1.077689409255981445e+00 2.086287021636962891e+00 2.067795395851135254e-02
9.956989288330078125e-01 2.122996568679809570e+00 1.136300638318061829e-01
9.667842984199523926e-01 2.135866641998291016e+00 1.435213834047317505e-01
8.817886710166931152e-01 2.173631906509399414e+00 2.286515831947326660e-01
8.152368068695068359e-01 2.203060150146484375e+00 2.893323004245758057e-01
7.613733410835266113e-01 2.226802349090576172e+00 3.349802792072296143e-01
7.012056112289428711e-01 2.253263950347900391e+00 3.830310702323913574e-01
6.694211959838867188e-01 2.267211437225341797e+00 4.067654609680175781e-01
5.971479415893554688e-01 2.298893213272094727e+00 4.588400423526763916e-01
5.076661705970764160e-01 2.338032960891723633e+00 5.181551575660705566e-01
4.350171089172363281e-01 2.369737386703491211e+00 5.614093542098999023e-01
4.066521525382995605e-01 2.382097721099853516e+00 5.768276453018188477e-01
3.416975140571594238e-01 2.410389184951782227e+00 6.108675003051757812e-01
2.578751444816589355e-01 2.446863174438476562e+00 6.511234045028686523e-01
1.711815297603607178e-01 2.484549522399902344e+00 6.880238652229309082e-01
1.094459444284439087e-01 2.511368274688720703e+00 7.109417915344238281e-01
6.795306503772735596e-02 2.529388904571533203e+00 7.247862219810485840e-01
-9.540669620037078857e-03 2.563043117523193359e+00 7.487226128578186035e-01
-1.128425598144531250e-01 2.607906579971313477e+00 7.759171724319458008e-01
-1.574839949607849121e-01 2.627300977706909180e+00 7.850087881088256836e-01
-2.176216095685958862e-01 2.653436183929443359e+00 7.957360744476318359e-01
-2.841230928897857666e-01 2.682353258132934570e+00 8.053491115570068359e-01
-3.991789817810058594e-01 2.732421875000000000e+00 8.177066445350646973e-01
-4.481193125247955322e-01 2.753753900527954102e+00 8.198314309120178223e-01
-5.199526548385620117e-01 2.785093545913696289e+00 8.210026025772094727e-01
-5.650833249092102051e-01 2.804812908172607422e+00 8.199381828308105469e-01
-6.584875583648681641e-01 2.845669269561767578e+00 8.153863549232482910e-01
-7.364338636398315430e-01 2.879847288131713867e+00 8.075000047683715820e-01
-7.764950394630432129e-01 2.897455215454101562e+00 8.016710281372070312e-01
-8.877363801002502441e-01 2.946415901184082031e+00 7.829197049140930176e-01
-9.491018056869506836e-01 2.973535060882568359e+00 7.685788273811340332e-01
-1.017350673675537109e+00 3.003775596618652344e+00 7.501106262207031250e-01
-1.069954395294189453e+00 3.027158260345458984e+00 7.336672544479370117e-01
-1.125318527221679688e+00 3.051834106445312500e+00 7.145236730575561523e-01
-1.206805825233459473e+00 3.088263988494873047e+00 6.834316849708557129e-01
-1.249954938888549805e+00 3.107648134231567383e+00 6.646211743354797363e-01
-1.309380173683166504e+00 3.134420394897460938e+00 6.369384527206420898e-01
-1.392703175544738770e+00 3.172116518020629883e+00 5.945881605148315430e-01
-1.451708793640136719e+00 3.198982715606689453e+00 5.609257221221923828e-01
-1.496671915054321289e+00 3.219559431076049805e+00 5.331805944442749023e-01
-1.575001358985900879e+00 3.255556583404541016e+00 4.819411635398864746e-01
-1.634476900100708008e+00 3.283105850219726562e+00 4.389955997467041016e-01
-1.707003355026245117e+00 3.316926717758178711e+00 3.826173543930053711e-01
-1.757967352867126465e+00 3.340908527374267578e+00 3.393218517303466797e-01
-1.789091229438781738e+00 3.355658769607543945e+00 3.111765682697296143e-01
-1.869095444679260254e+00 3.393753767013549805e+00 2.359960973262786865e-01
-1.927466750144958496e+00 3.421913623809814453e+00 1.754692047834396362e-01
-1.967734098434448242e+00 3.441554307937622070e+00 1.305278837680816650e-01
-2.019830465316772461e+00 3.467180728912353516e+00 6.927815079689025879e-02
-2.047760486602783203e+00 3.481085538864135742e+00 3.410321846604347229e-02
-2.153102874755859375e+00 3.542503595352172852e+00 1.481207907199859619e-01
-2.177276372909545898e+00 3.556513309478759766e+00 1.713455021381378174e-01
-2.279060602188110352e+00 3.615434646606445312e+00 2.665748894214630127e-01
-2.330606460571289062e+00 3.645140409469604492e+00 3.096045553684234619e-01
-2.401189088821411133e+00 3.685740470886230469e+00 3.652327358722686768e-01
-2.470887422561645508e+00 3.725739002227783203e+00 4.159313738346099854e-01
-2.555204153060913086e+00 3.774030208587646484e+00 4.724921882152557373e-01
-2.652685403823852539e+00 3.829744815826416016e+00 5.315651893615722656e-01
-2.739216089248657227e+00 3.879101753234863281e+00 5.778834223747253418e-01
-2.784727573394775391e+00 3.905024766921997070e+00 5.995408296585083008e-01
-2.878096103668212891e+00 3.958175420761108398e+00 6.411649584770202637e-01
-2.966073036193847656e+00 4.008204936981201172e+00 6.750940084457397461e-01
-3.002017498016357422e+00 4.028631210327148438e+00 6.869916915893554688e-01
-3.136967420578002930e+00 4.105306148529052734e+00 7.287234067916870117e-01
-3.169354915618896484e+00 4.123698711395263672e+00 7.361329793930053711e-01
-3.295252084732055664e+00 4.195196628570556641e+00 7.625706195831298828e-01
-3.380775928497314453e+00 4.243776321411132812e+00 7.743316888809204102e-01
-3.404422998428344727e+00 4.257215023040771484e+00 7.764369845390319824e-01
-3.536239385604858398e+00 4.332141876220703125e+00 7.864157557487487793e-01
-3.600577831268310547e+00 4.368757724761962891e+00 7.864973545074462891e-01
-3.692201375961303711e+00 4.420947074890136719e+00 7.832830548286437988e-01
-3.726849555969238281e+00 4.440711498260498047e+00 7.802610993385314941e-01
-3.852522373199462891e+00 4.512447834014892578e+00 7.668023109436035156e-01
-3.918228149414062500e+00 4.550051212310791016e+00 7.549629211425781250e-01
-3.989108324050903320e+00 4.590684413909912109e+00 7.394201159477233887e-01
-4.069695472717285156e+00 4.636975765228271484e+00 7.182813286781311035e-01
-4.157488822937011719e+00 4.687537193298339844e+00 6.908450126647949219e-01
-4.206045150756835938e+00 4.715590476989746094e+00 6.729241609573364258e-01
-4.319494724273681641e+00 4.781267166137695312e+00 6.273802518844604492e-01
-4.355484962463378906e+00 4.802208423614501953e+00 6.101029515266418457e-01
-4.461041927337646484e+00 4.863742351531982422e+00 5.566601753234863281e-01
-4.482862472534179688e+00 4.876537799835205078e+00 5.438624024391174316e-01
-4.603834152221679688e+00 4.947573661804199219e+00 4.707895815372467041e-01
-4.668145656585693359e+00 4.985650539398193359e+00 4.253852367401123047e-01
-4.695971488952636719e+00 5.002211570739746094e+00 4.040853083133697510e-01
-4.793667793273925781e+00 5.060502529144287109e+00 3.266474008560180664e-01
-4.838528633117675781e+00 5.087521076202392578e+00 2.865503430366516113e-01
-4.905559539794921875e+00 5.128095626831054688e+00 2.232028543949127197e-01
-4.945790767669677734e+00 5.152649879455566406e+00 1.818684786558151245e-01
-5.011147975921630859e+00 5.192762851715087891e+00 1.111922785639762878e-01
-5.100892543792724609e+00 5.248397350311279297e+00 5.607895553112030029e-03
-5.131305694580078125e+00 5.267558097839355469e+00 -3.472544252872467041e-02
-5.185045242309570312e+00 5.307213783264160156e+00 2.593600004911422729e-02
-5.296022891998291016e+00 5.388795375823974609e+00 1.438790410757064819e-01
-5.410405158996582031e+00 5.472287178039550781e+00 2.511369884014129639e-01
-5.450599193572998047e+00 5.501448631286621094e+00 2.842585742473602295e-01
-5.523555278778076172e+00 5.554283618927001953e+00 3.417194783687591553e-01
-5.646009922027587891e+00 5.642692565917968750e+00 4.303957223892211914e-01
-5.755332469940185547e+00 5.721258163452148438e+00 4.986675083637237549e-01
-5.841762065887451172e+00 5.783158302307128906e+00 5.455523729324340820e-01
-5.918917179107666016e+00 5.838288784027099609e+00 5.826910138130187988e-01
-5.976573467254638672e+00 5.879412174224853516e+00 6.074251532554626465e-01
-6.114314079284667969e+00 5.977538585662841797e+00 6.612921357154846191e-01
-6.211250782012939453e+00 6.046419143676757812e+00 6.906599402427673340e-01
-6.307694435119628906e+00 6.114854335784912109e+00 7.141321301460266113e-01
-6.368747711181640625e+00 6.158129215240478516e+00 7.254503369331359863e-01
-6.463943958282470703e+00 6.225569248199462891e+00 7.396571040153503418e-01
-6.539453506469726562e+00 6.279027938842773438e+00 7.466999292373657227e-01
-6.680478096008300781e+00 6.378838062286376953e+00 7.536345124244689941e-01
-6.771772384643554688e+00 6.443433761596679688e+00 7.505933642387390137e-01
-6.817746639251708984e+00 6.475969791412353516e+00 7.465936541557312012e-01
-6.904850482940673828e+00 6.537627220153808594e+00 7.366414070129394531e-01
-7.065913677215576172e+00 6.651700973510742188e+00 7.098215818405151367e-01
-7.088945388793945312e+00 6.668037891387939453e+00 7.036981582641601562e-01
-7.223321914672851562e+00 6.763388156890869141e+00 6.660033464431762695e-01
-7.299433708190917969e+00 6.817512989044189453e+00 6.379777789115905762e-01
-7.409228324890136719e+00 6.895720481872558594e+00 5.918221473693847656e-01
-7.447584629058837891e+00 6.923119544982910156e+00 5.726708769798278809e-01
-7.572022914886474609e+00 7.012116909027099609e+00 5.069297552108764648e-01
-7.649256229400634766e+00 7.067592620849609375e+00 4.584949016571044922e-01
-7.744294166564941406e+00 7.136085987091064453e+00 3.925532698631286621e-01
-7.800771236419677734e+00 7.176985263824462891e+00 3.483594059944152832e-01
-7.889038085937500000e+00 7.241123199462890625e+00 2.742306590080261230e-01
-7.944805622100830078e+00 7.281890392303466797e+00 2.219870537519454956e-01
-8.046421051025390625e+00 7.356508255004882812e+00 1.199119836091995239e-01
-8.090812683105468750e+00 7.389416694641113281e+00 6.922563165426254272e-02
-8.166052818298339844e+00 7.445477008819580078e+00 -2.184800058603286743e-02
-8.213140487670898438e+00 7.486908912658691406e+00 2.637252956628799438e-02
-8.344056129455566406e+00 7.601698875427246094e+00 1.533114016056060791e-01
-8.415417671203613281e+00 7.663714885711669922e+00 2.124869823455810547e-01
-8.526514053344726562e+00 7.759863853454589844e+00 2.970347702503204346e-01
-8.668416023254394531e+00 7.881955146789550781e+00 3.909366726875305176e-01
-8.765791893005371094e+00 7.965187072753906250e+00 4.440342783927917480e-01
-8.887484550476074219e+00 8.068801879882812500e+00 5.014069080352783203e-01
-9.004084587097167969e+00 8.167646408081054688e+00 5.461348295211791992e-01
-9.087534904479980469e+00 8.238128662109375000e+00 5.714467167854309082e-01
-9.220670700073242188e+00 8.350310325622558594e+00 6.044376492500305176e-01
-9.380577087402343750e+00 8.484588623046875000e+00 6.301820874214172363e-01
-9.494538307189941406e+00 8.579945564270019531e+00 6.368827223777770996e-01
-9.574978828430175781e+00 8.647115707397460938e+00 6.358114480972290039e-01
-9.711313247680664062e+00 8.760816574096679688e+00 6.270399093627929688e-01
-9.823386192321777344e+00 8.854110717773437500e+00 6.100072860717773438e-01
-9.871237754821777344e+00 8.893898963928222656e+00 5.992081165313720703e-01
-1.003034400939941406e+01 9.026149749755859375e+00 5.581840276718139648e-01
-1.015356731414794922e+01 9.128477096557617188e+00 5.127852559089660645e-01
-1.024011135101318359e+01 9.200334548950195312e+00 4.730154573917388916e-01
-1.033782386779785156e+01 9.281487464904785156e+00 4.214738011360168457e-01
-1.043632602691650391e+01 9.363348960876464844e+00 3.614879250526428223e-01
-1.053076457977294922e+01 9.441920280456542969e+00 2.956068515777587891e-01
-1.064391422271728516e+01 9.536208152770996094e+00 2.061780244112014771e-01
-1.072319316864013672e+01 9.602448463439941406e+00 1.337116062641143799e-01
-1.077954673767089844e+01 9.649658203125000000e+00 7.666791975498199463e-02
-1.087683010101318359e+01 9.731349945068359375e+00 -2.932624518871307373e-02
-1.096083736419677734e+01 9.802247047424316406e+00 -1.334556341171264648e-01
-1.108246326446533203e+01 9.925050735473632812e+00 -8.114442229270935059e-03
-1.120041465759277344e+01 1.004254055023193359e+01 9.635028243064880371e-02
-1.132930088043212891e+01 1.016944980621337891e+01 1.945857703685760498e-01
-1.147330570220947266e+01 1.030965518951416016e+01 2.868888378143310547e-01
-1.164221668243408203e+01 1.047225666046142578e+01 3.744096457958221436e-01
-1.180508232116699219e+01 1.062716674804687500e+01 4.373040795326232910e-01
-1.199014759063720703e+01 1.080135345458984375e+01 4.869196712970733643e-01
-1.217825126647949219e+01 1.097645282745361328e+01 5.133500099182128906e-01
-1.231828784942626953e+01 1.110544681549072266e+01 5.154405236244201660e-01
-1.245766258239746094e+01 1.123288726806640625e+01 5.046324729919433594e-01
-1.260453987121582031e+01 1.136623096466064453e+01 4.795905947685241699e-01
-1.272374248504638672e+01 1.147365188598632812e+01 4.472961425781250000e-01
-1.282645797729492188e+01 1.156566905975341797e+01 4.107842445373535156e-01
-1.298914432525634766e+01 1.171067142486572266e+01 3.405845761299133301e-01
-1.308722877502441406e+01 1.179737758636474609e+01 2.856662571430206299e-01
-1.326058197021484375e+01 1.194985866546630859e+01 1.740153729915618896e-01
-1.332966709136962891e+01 1.201006507873535156e+01 1.181476488709449768e-01
-1.346387672424316406e+01 1.212658786773681641e+01 -3.648325800895690918e-04
-1.362168216705322266e+01 1.226253223419189453e+01 -1.651917695999145508e-01
-1.376761150360107422e+01 1.241188621520996094e+01 -5.208408087491989136e-02
-1.402344512939453125e+01 1.266856956481933594e+01 1.100246831774711609e-01
-1.433869266510009766e+01 1.297502422332763672e+01 2.411414682865142822e-01
-1.442840766906738281e+01 1.305923938751220703e+01 2.577079236507415771e-01
-1.466528511047363281e+01 1.327955532073974609e+01 2.873717248439788818e-01
-1.494379806518554688e+01 1.353232288360595703e+01 2.789910733699798584e-01
-1.526151466369628906e+01 1.381235027313232422e+01 2.118788361549377441e-01
-1.540385341644287109e+01 1.393339347839355469e+01 1.510739773511886597e-01
-1.572598552703857422e+01 1.420257663726806641e+01 -2.014067769050598145e-02
-1.584121799468994141e+01 1.429452133178710938e+01 -1.123877242207527161e-01
-1.631538009643554688e+01 1.476982402801513672e+01 2.375140786170959473e-01
-1.683445549011230469e+01 1.524787139892578125e+01 4.008314609527587891e-01
-1.752928733825683594e+01 1.583984947204589844e+01 3.774988353252410889e-01
-1.815034294128417969e+01 1.631371498107910156e+01 8.283296227455139160e-02
-1.842073059082031250e+01 1.649305343627929688e+01 -1.780126988887786865e-01
-1.873827171325683594e+01 1.668290519714355469e+01 -5.874227285385131836e-01
-2.591145706176757812e+01 1.608839035034179688e+01 -2.108890771865844727e+00
-1.386326750000000000e+06 -1.755230781250000000e+05 1.077608593750000000e+05
1.809697996800000000e+10 -4.274833280000000000e+08 -4.989381632000000000e+09
-1.767998424691716915e+19 3.799422902919495680e+18 7.807893752604786688e+18
-3.001748987298237645e+19 6.450748958254825472e+18 1.325642466800225485e+19
