2.362125205993652344e+01 -2.532907426357269287e-01 1.867559254169464111e-01
2.344226837158203125e+01 -2.653188407421112061e-01 2.921063899993896484e-01
2.330982780456542969e+01 -2.743155062198638916e-01 3.694452047348022461e-01
2.310605430603027344e+01 -2.882640063762664795e-01 4.877086877822875977e-01
2.300563812255859375e+01 -2.952169179916381836e-01 5.454116463661193848e-01
2.279487991333007812e+01 -3.098883330821990967e-01 6.659014225006103516e-01
2.272889518737792969e+01 -3.145328462123870850e-01 7.032039761543273926e-01
2.250770950317382812e+01 -3.301523625850677490e-01 8.277862071990966797e-01
2.238840484619140625e+01 -3.386692702770233154e-01 8.941303491592407227e-01
2.221796607971191406e+01 -3.509036600589752197e-01 9.882246255874633789e-01
2.209445190429687500e+01 -3.598375916481018066e-01 1.055680155754089355e+00
2.199813270568847656e+01 -3.668412268161773682e-01 1.107855200767517090e+00
2.182019805908203125e+01 -3.798305392265319824e-01 1.203607559204101562e+00
2.162917518615722656e+01 -3.938749730587005615e-01 1.305109977722167969e+00
2.151665115356445312e+01 -4.022082090377807617e-01 1.364050269126892090e+00
2.143150138854980469e+01 -4.085393548011779785e-01 1.408258914947509766e+00
2.123050689697265625e+01 -4.235271811485290527e-01 1.511894941329956055e+00
2.111739158630371094e+01 -4.320185482501983643e-01 1.569238185882568359e+00
2.103104209899902344e+01 -4.385231435298919678e-01 1.612576365470886230e+00
2.087861061096191406e+01 -4.500344693660736084e-01 1.688479065895080566e+00
2.077014923095703125e+01 -4.582605659961700439e-01 1.741713166236877441e+00
2.067806434631347656e+01 -4.652645289897918701e-01 1.786428809165954590e+00
2.048384475708007812e+01 -4.800707995891571045e-01 1.879861474037170410e+00
2.042177963256835938e+01 -4.848243892192840576e-01 1.909109473228454590e+00
2.027465248107910156e+01 -4.961080253124237061e-01 1.977968692779541016e+00
2.013168334960937500e+01 -5.071062445640563965e-01 2.043765544891357422e+00
1.999186325073242188e+01 -5.178912878036499023e-01 2.107020139694213867e+00
1.995619201660156250e+01 -5.206493735313415527e-01 2.122877120971679688e+00
1.980920028686523438e+01 -5.320209264755249023e-01 2.187920093536376953e+00
1.967404556274414062e+01 -5.424996018409729004e-01 2.246567010879516602e+00
1.954558372497558594e+01 -5.524768829345703125e-01 2.301268577575683594e+00
1.942066574096679688e+01 -5.621929764747619629e-01 2.353473424911499023e+00
1.939127159118652344e+01 -5.644820332527160645e-01 2.365525960922241211e+00
1.922512435913085938e+01 -5.774232149124145508e-01 2.433337450027465820e+00
1.917008972167968750e+01 -5.817151665687561035e-01 2.455202102661132812e+00
1.899378585815429688e+01 -5.954686999320983887e-01 2.524599075317382812e+00
1.894124031066894531e+01 -5.995709896087646484e-01 2.544649839401245117e+00
1.877143478393554688e+01 -6.128297448158264160e-01 2.608824491500854492e+00
1.872846221923828125e+01 -6.161858439445495605e-01 2.624545097351074219e+00
1.857301330566406250e+01 -6.283259391784667969e-01 2.680927276611328125e+00
1.850892448425292969e+01 -6.333298683166503906e-01 2.703434944152832031e+00
1.838437843322753906e+01 -6.430518627166748047e-01 2.746570587158203125e+00
1.827865409851074219e+01 -6.512996554374694824e-01 2.782173156738281250e+00
1.821030807495117188e+01 -6.566277742385864258e-01 2.804620027542114258e+00
1.810294151306152344e+01 -6.649932265281677246e-01 2.839295625686645508e+00
1.801890945434570312e+01 -6.715341210365295410e-01 2.865701675415039062e+00
1.792846870422363281e+01 -6.785674095153808594e-01 2.893492460250854492e+00
1.781252098083496094e+01 -6.875744462013244629e-01 2.928239345550537109e+00
1.769437408447265625e+01 -6.967378258705139160e-01 2.962471485137939453e+00
1.758349800109863281e+01 -7.053216099739074707e-01 2.993450164794921875e+00
1.748248672485351562e+01 -7.131265401840209961e-01 3.020671129226684570e+00
1.744278907775878906e+01 -7.161878943443298340e-01 3.031003475189208984e+00
1.733374977111816406e+01 -7.245897054672241211e-01 3.058984041213989258e+00
1.720380783081054688e+01 -7.345783710479736328e-01 3.091002702713012695e+00
1.713306808471679688e+01 -7.399994730949401855e-01 3.107554912567138672e+00
1.706341171264648438e+01 -7.453277111053466797e-01 3.123373508453369141e+00
1.695729446411132812e+01 -7.534294724464416504e-01 3.146742820739746094e+00
1.687596702575683594e+01 -7.596196532249450684e-01 3.163788080215454102e+00
1.680205917358398438e+01 -7.652310729026794434e-01 3.178665876388549805e+00
1.666240882873535156e+01 -7.758087515830993652e-01 3.205710887908935547e+00
1.660761642456054688e+01 -7.799392938613891602e-01 3.215516328811645508e+00
1.647432136535644531e+01 -7.899675369262695312e-01 3.238586902618408203e+00
1.639161300659179688e+01 -7.961584925651550293e-01 3.251700162887573242e+00
1.631733512878417969e+01 -8.016995787620544434e-01 3.262793302536010742e+00
1.625839614868164062e+01 -8.060826063156127930e-01 3.271101713180541992e+00
1.617642784118652344e+01 -8.121623992919921875e-01 3.282104730606079102e+00
1.607868766784667969e+01 -8.193850517272949219e-01 3.294297933578491211e+00
1.600284004211425781e+01 -8.249641060829162598e-01 3.302888393402099609e+00
1.588308429718017578e+01 -8.337400555610656738e-01 3.315366506576538086e+00
1.585176277160644531e+01 -8.360213637351989746e-01 3.318173885345458984e+00
1.572982215881347656e+01 -8.448883295059204102e-01 3.328631877899169922e+00
1.565568065643310547e+01 -8.502442836761474609e-01 3.333859205245971680e+00
1.556189727783203125e+01 -8.569912910461425781e-01 3.339584112167358398e+00
1.549835395812988281e+01 -8.615385890007019043e-01 3.342690944671630859e+00
1.541275310516357422e+01 -8.676423430442810059e-01 3.346160411834716797e+00
1.531207561492919922e+01 -8.747859597206115723e-01 3.349090576171875000e+00
1.528802776336669922e+01 -8.764824867248535156e-01 3.349461555480957031e+00
1.520849514007568359e+01 -8.820858001708984375e-01 3.350425243377685547e+00
1.511220741271972656e+01 -8.888394832611083984e-01 3.350528240203857422e+00
1.502966976165771484e+01 -8.945985436439514160e-01 3.349493741989135742e+00
1.496935844421386719e+01 -8.987887501716613770e-01 3.348022460937500000e+00
1.489980792999267578e+01 -9.036067128181457520e-01 3.345714569091796875e+00
1.482721710205078125e+01 -9.086190462112426758e-01 3.342561244964599609e+00
1.470638275146484375e+01 -9.169361591339111328e-01 3.336001634597778320e+00
1.464799880981445312e+01 -9.209352731704711914e-01 3.331759691238403320e+00
1.455188560485839844e+01 -9.275055527687072754e-01 3.323909282684326172e+00
1.450629615783691406e+01 -9.306127429008483887e-01 3.319499254226684570e+00
1.441213417053222656e+01 -9.370228648185729980e-01 3.309709548950195312e+00
1.435142040252685547e+01 -9.411467313766479492e-01 3.302479743957519531e+00
1.427120971679687500e+01 -9.465886950492858887e-01 3.292135715484619141e+00
1.421273612976074219e+01 -9.505507946014404297e-01 3.283822774887084961e+00
1.415725612640380859e+01 -9.543073773384094238e-01 3.275395154953002930e+00
1.403577232360839844e+01 -9.625289440155029297e-01 3.255807161331176758e+00
1.397099399566650391e+01 -9.669092297554016113e-01 3.244018793106079102e+00
1.392990970611572266e+01 -9.696869850158691406e-01 3.236080646514892578e+00
1.382303047180175781e+01 -9.769133925437927246e-01 3.214661836624145508e+00
1.378992938995361328e+01 -9.791519641876220703e-01 3.207401514053344727e+00
1.371235942840576172e+01 -9.843990802764892578e-01 3.189927339553833008e+00
1.362596797943115234e+01 -9.902461767196655273e-01 3.169253349304199219e+00
1.358174133300781250e+01 -9.932420253753662109e-01 3.157968759536743164e+00
1.351246452331542969e+01 -9.979373216629028320e-01 3.139724016189575195e+00
1.343981742858886719e+01 -1.002865672111511230e+00 3.119648933410644531e+00
1.336905860900878906e+01 -1.007671356201171875e+00 3.099121332168579102e+00
1.332041740417480469e+01 -1.010979056358337402e+00 3.084349393844604492e+00
1.325918769836425781e+01 -1.015146732330322266e+00 3.065176963806152344e+00
1.314472198486328125e+01 -1.022947788238525391e+00 3.027962684631347656e+00
1.310865211486816406e+01 -1.025412201881408691e+00 3.015415191650390625e+00
1.305616855621337891e+01 -1.029001355171203613e+00 2.996776580810546875e+00
1.295649433135986328e+01 -1.035826563835144043e+00 2.960317134857177734e+00
1.291572761535644531e+01 -1.038625478744506836e+00 2.944568872451782227e+00
1.285701560974121094e+01 -1.042661070823669434e+00 2.921389818191528320e+00
1.275280284881591797e+01 -1.049836397171020508e+00 2.878961086273193359e+00
1.269130897521972656e+01 -1.054083704948425293e+00 2.852557659149169922e+00
1.266923713684082031e+01 -1.055611133575439453e+00 2.842786788940429688e+00
1.256611633300781250e+01 -1.062752723693847656e+00 2.796639919281005859e+00
1.250397968292236328e+01 -1.067070722579956055e+00 2.767419099807739258e+00
1.245454597473144531e+01 -1.070513367652893066e+00 2.743483543395996094e+00
1.239785575866699219e+01 -1.074468374252319336e+00 2.715399265289306641e+00
1.235167789459228516e+01 -1.077696561813354492e+00 2.691923618316650391e+00
1.229508209228515625e+01 -1.081659793853759766e+00 2.662548542022705078e+00
1.221054363250732422e+01 -1.087592363357543945e+00 2.617553472518920898e+00
1.213963222503662109e+01 -1.092584729194641113e+00 2.578393697738647461e+00
1.208598899841308594e+01 -1.096372008323669434e+00 2.547856569290161133e+00
1.205049419403076172e+01 -1.098883390426635742e+00 2.527187824249267578e+00
1.198573398590087891e+01 -1.103471875190734863e+00 2.488914489746093750e+00
1.191447067260742188e+01 -1.108534574508666992e+00 2.445654869079589844e+00
1.185206127166748047e+01 -1.112981438636779785e+00 2.406653642654418945e+00
1.181942844390869141e+01 -1.115312814712524414e+00 2.385742187500000000e+00
1.173606777191162109e+01 -1.121276497840881348e+00 2.331625699996948242e+00
1.167273902893066406e+01 -1.125823378562927246e+00 2.289141893386840820e+00
1.164083385467529297e+01 -1.128120541572570801e+00 2.267204999923706055e+00
1.158073425292968750e+01 -1.132453680038452148e+00 2.225372076034545898e+00
1.152337360382080078e+01 -1.136600494384765625e+00 2.184517860412597656e+00
1.143623161315917969e+01 -1.142916679382324219e+00 2.121089935302734375e+00
1.140409755706787109e+01 -1.145255088806152344e+00 2.096925497055053711e+00
1.134287166595458984e+01 -1.149716973304748535e+00 2.050333738327026367e+00
1.127892208099365234e+01 -1.154390573501586914e+00 2.000560998916625977e+00
1.123941421508789062e+01 -1.157286524772644043e+00 1.969085931777954102e+00
1.119631576538085938e+01 -1.160451531410217285e+00 1.934256434440612793e+00
1.111791896820068359e+01 -1.166220426559448242e+00 1.869910597801208496e+00
1.106333732604980469e+01 -1.170251846313476562e+00 1.823840379714965820e+00
1.102708244323730469e+01 -1.172936558723449707e+00 1.792642474174499512e+00
1.098319435119628906e+01 -1.176192283630371094e+00 1.754390835762023926e+00
1.090320301055908203e+01 -1.182138681411743164e+00 1.683593511581420898e+00
1.084885215759277344e+01 -1.186194658279418945e+00 1.634132504463195801e+00
1.082478046417236328e+01 -1.187995791435241699e+00 1.611811995506286621e+00
1.074469470977783203e+01 -1.193994998931884766e+00 1.536935329437255859e+00
1.068274784088134766e+01 -1.198653697967529297e+00 1.477410435676574707e+00
1.066254425048828125e+01 -1.200177669525146484e+00 1.457584142684936523e+00
1.059726142883300781e+01 -1.205107092857360840e+00 1.393080830574035645e+00
1.053926563262939453e+01 -1.209500312805175781e+00 1.334504127502441406e+00
1.050760269165039062e+01 -1.211905598640441895e+00 1.301896572113037109e+00
1.043634033203125000e+01 -1.217327713966369629e+00 1.227727413177490234e+00
1.038180446624755859e+01 -1.221491813659667969e+00 1.169605970382690430e+00
1.033440017700195312e+01 -1.225121140480041504e+00 1.118165373802185059e+00
1.030699729919433594e+01 -1.227224111557006836e+00 1.087960362434387207e+00
1.023658275604248047e+01 -1.232635021209716797e+00 1.009643912315368652e+00
1.020312404632568359e+01 -1.235215067863464355e+00 9.715605974197387695e-01
1.016039371490478516e+01 -1.238515496253967285e+00 9.223898649215698242e-01
1.011605262756347656e+01 -1.241947531700134277e+00 8.706494569778442383e-01
1.003985786437988281e+01 -1.247858047485351562e+00 7.804470658302307129e-01
1.001074123382568359e+01 -1.250125169754028320e+00 7.451155185699462891e-01
9.946990966796875000e+00 -1.255096077919006348e+00 6.670243740081787109e-01
9.926612854003906250e+00 -1.256690025329589844e+00 6.415428519248962402e-01
9.857338905334472656e+00 -1.262113928794860840e+00 5.543482303619384766e-01
9.835362434387207031e+00 -1.263840436935424805e+00 5.260623097419738770e-01
9.792711257934570312e+00 -1.267194747924804688e+00 4.707773029804229736e-01
9.711175918579101562e+00 -1.273620247840881348e+00 3.636327087879180908e-01
9.699229240417480469e+00 -1.274565458297729492e+00 3.475183844566345215e-01
9.640044212341308594e+00 -1.279250621795654297e+00 2.673772871494293213e-01
9.580378532409667969e+00 -1.283987283706665039e+00 1.850397288799285889e-01
9.538071632385253906e+00 -1.287355422973632812e+00 1.255314797163009644e-01
9.506198883056640625e+00 -1.289897918701171875e+00 8.008880913257598877e-02
9.457398414611816406e+00 -1.293796539306640625e+00 9.799100458621978760e-03
9.413161277770996094e+00 -1.297338604927062988e+00 -5.491963773965835571e-02
9.392613410949707031e+00 -1.297139883041381836e+00 -2.030532807111740112e-02
9.352001190185546875e+00 -1.296783208847045898e+00 4.623194038867950439e-02
9.315037727355957031e+00 -1.296519160270690918e+00 1.036010310053825378e-01
9.275477409362792969e+00 -1.296289682388305664e+00 1.621395647525787354e-01
9.240595817565917969e+00 -1.296132802963256836e+00 2.112445980310440063e-01
9.202586174011230469e+00 -1.296001553535461426e+00 2.625020444393157959e-01
9.159981727600097656e+00 -1.295898914337158203e+00 3.173695504665374756e-01
9.119078636169433594e+00 -1.295844316482543945e+00 3.674331605434417725e-01
9.074794769287109375e+00 -1.295826792716979980e+00 4.190840125083923340e-01
9.043722152709960938e+00 -1.295843362808227539e+00 4.535002708435058594e-01
8.981226921081542969e+00 -1.295914053916931152e+00 5.202777385711669922e-01
8.935940742492675781e+00 -1.296015977859497070e+00 5.652792453765869141e-01
8.913757324218750000e+00 -1.296081900596618652e+00 5.862002372741699219e-01
8.874387741088867188e+00 -1.296211719512939453e+00 6.223935484886169434e-01
8.809033393859863281e+00 -1.296463727951049805e+00 6.797953248023986816e-01
8.756825447082519531e+00 -1.296709895133972168e+00 7.222584486007690430e-01
8.743604660034179688e+00 -1.296780347824096680e+00 7.323638796806335449e-01
8.698630332946777344e+00 -1.297026634216308594e+00 7.662033438682556152e-01
8.646254539489746094e+00 -1.297338604927062988e+00 8.035187125205993652e-01
8.580855369567871094e+00 -1.297762036323547363e+00 8.471808433532714844e-01
8.522994041442871094e+00 -1.298171162605285645e+00 8.827028870582580566e-01
8.483388900756835938e+00 -1.298470020294189453e+00 9.052147269248962402e-01
8.442105293273925781e+00 -1.298793911933898926e+00 9.274368286132812500e-01
8.388757705688476562e+00 -1.299228191375732422e+00 9.545158743858337402e-01
8.358241081237792969e+00 -1.299487352371215820e+00 9.688256382942199707e-01
8.291301727294921875e+00 -1.300068378448486328e+00 9.987690448760986328e-01
8.256343841552734375e+00 -1.300385236740112305e+00 1.012782573699951172e+00
8.210607528686523438e+00 -1.300807952880859375e+00 1.030035495758056641e+00
8.160149574279785156e+00 -1.301285386085510254e+00 1.047533392906188965e+00
8.092696189880371094e+00 -1.301938652992248535e+00 1.068698763847351074e+00
8.038182258605957031e+00 -1.302481293678283691e+00 1.083444952964782715e+00
7.994987010955810547e+00 -1.302919507026672363e+00 1.093647837638854980e+00
7.965127944946289062e+00 -1.303226470947265625e+00 1.099900245666503906e+00
7.915208816528320312e+00 -1.303743839263916016e+00 1.109436869621276855e+00
7.856776714324951172e+00 -1.304357051849365234e+00 1.118820071220397949e+00
7.802606582641601562e+00 -1.304932832717895508e+00 1.125606656074523926e+00
7.746332168579101562e+00 -1.305536866188049316e+00 1.130831480026245117e+00
7.708348751068115234e+00 -1.305948019027709961e+00 1.133086562156677246e+00
7.630030632019042969e+00 -1.306799650192260742e+00 1.135974884033203125e+00
7.578947544097900391e+00 -1.307359457015991211e+00 1.135497212409973145e+00
7.542331695556640625e+00 -1.307761907577514648e+00 1.134052634239196777e+00
7.481730461120605469e+00 -1.308428764343261719e+00 1.130353450775146484e+00
7.449142456054687500e+00 -1.308787703514099121e+00 1.127198100090026855e+00
7.384552001953125000e+00 -1.309498667716979980e+00 1.119696617126464844e+00
7.314791679382324219e+00 -1.310264945030212402e+00 1.108914256095886230e+00
7.271463871002197266e+00 -1.310738801956176758e+00 1.100404381752014160e+00
7.242944240570068359e+00 -1.311049342155456543e+00 1.094053983688354492e+00
7.161287784576416016e+00 -1.311935305595397949e+00 1.074448943138122559e+00
7.117116928100585938e+00 -1.312409162521362305e+00 1.061619281768798828e+00
7.075544357299804688e+00 -1.312851548194885254e+00 1.048390388488769531e+00
7.015245914459228516e+00 -1.313487529754638672e+00 1.027606844902038574e+00
6.985738754272460938e+00 -1.313794255256652832e+00 1.016286015510559082e+00
6.920427322387695312e+00 -1.314467549324035645e+00 9.899582862854003906e-01
6.867894649505615234e+00 -1.314998388290405273e+00 9.664844870567321777e-01
6.806167602539062500e+00 -1.315610527992248535e+00 9.366720914840698242e-01
6.790849208831787109e+00 -1.315758585929870605e+00 9.286060333251953125e-01
6.729842185974121094e+00 -1.316344141960144043e+00 8.958053588867187500e-01
6.659646034240722656e+00 -1.316997528076171875e+00 8.549129962921142578e-01
6.639263153076171875e+00 -1.317179560661315918e+00 8.419457077980041504e-01
6.568891525268554688e+00 -1.317799448966979980e+00 7.960405945777893066e-01
6.552376747131347656e+00 -1.317937612533569336e+00 7.843242287635803223e-01
6.504624366760253906e+00 -1.318331360816955566e+00 7.497807145118713379e-01
6.447186470031738281e+00 -1.318784594535827637e+00 7.058658599853515625e-01
6.385500907897949219e+00 -1.319242596626281738e+00 6.555182933807373047e-01
6.364416599273681641e+00 -1.319387435913085938e+00 6.370774507522583008e-01
6.309906959533691406e+00 -1.319750308990478516e+00 5.882597565650939941e-01
6.274870872497558594e+00 -1.319963574409484863e+00 5.549234747886657715e-01
6.228385448455810547e+00 -1.320227742195129395e+00 5.089337825775146484e-01
6.176255702972412109e+00 -1.320494174957275391e+00 4.546245038509368896e-01
6.140619277954101562e+00 -1.320651412010192871e+00 4.152753949165344238e-01
6.102982997894287109e+00 -1.320797801017761230e+00 3.720123469829559326e-01
6.056667327880859375e+00 -1.320950508117675781e+00 3.164417147636413574e-01
6.007297992706298828e+00 -1.321074485778808594e+00 2.539638280868530273e-01
5.986616611480712891e+00 -1.321107268333435059e+00 2.262319028377532959e-01
5.937446594238281250e+00 -1.321164369583129883e+00 1.586369872093200684e-01
5.906365871429443359e+00 -1.321166992187500000e+00 1.132754907011985779e-01
5.866921424865722656e+00 -1.321140527725219727e+00 5.341248959302902222e-02
5.818897247314453125e+00 -1.321058392524719238e+00 -2.326963096857070923e-02
5.771146297454833984e+00 -1.319220423698425293e+00 3.711863979697227478e-02
5.750817298889160156e+00 -1.318459153175354004e+00 6.142267584800720215e-02
5.691388607025146484e+00 -1.316258430480957031e+00 1.308318674564361572e-01
5.643096923828125000e+00 -1.314525604248046875e+00 1.835189908742904663e-01
5.589380741119384766e+00 -1.312643885612487793e+00 2.390267550945281982e-01
5.538790225982666016e+00 -1.310916066169738770e+00 2.882659733295440674e-01
5.506477355957031250e+00 -1.309837102890014648e+00 3.180032372474670410e-01
5.436306476593017578e+00 -1.307525873184204102e+00 3.803267478942871094e-01
5.385975360870361328e+00 -1.305915117263793945e+00 4.216768145561218262e-01
5.353551387786865234e+00 -1.304897427558898926e+00 4.468639791011810303e-01
5.300130844116210938e+00 -1.303240656852722168e+00 4.868851900100708008e-01
5.242166519165039062e+00 -1.301477074623107910e+00 5.277583003044128418e-01
5.201343536376953125e+00 -1.300259470939636230e+00 5.546811819076538086e-01
5.135122776031494141e+00 -1.298310875892639160e+00 5.963109135627746582e-01
5.086998939514160156e+00 -1.296924471855163574e+00 6.242380142211914062e-01
5.052973747253417969e+00 -1.295958518981933594e+00 6.428363919258117676e-01
4.961420059204101562e+00 -1.293385386466979980e+00 6.907580494880676270e-01
4.901226997375488281e+00 -1.291737914085388184e+00 7.186201214790344238e-01
4.885868549346923828e+00 -1.291324496269226074e+00 7.251445651054382324e-01
4.794312000274658203e+00 -1.288869619369506836e+00 7.631694674491882324e-01
4.755286216735839844e+00 -1.287848114967346191e+00 7.772068977355957031e-01
4.688177108764648438e+00 -1.286108613014221191e+00 7.998051643371582031e-01
4.633859157562255859e+00 -1.284723758697509766e+00 8.159897327423095703e-01
4.572827339172363281e+00 -1.283187747001647949e+00 8.323006033897399902e-01
4.516562938690185547e+00 -1.281791567802429199e+00 8.454291820526123047e-01
4.440395355224609375e+00 -1.279925346374511719e+00 8.608590960502624512e-01
4.388965129852294922e+00 -1.278686285018920898e+00 8.691678643226623535e-01
4.342158794403076172e+00 -1.277570962905883789e+00 8.754509091377258301e-01
4.269110202789306641e+00 -1.275847315788269043e+00 8.834555149078369141e-01
4.195770263671875000e+00 -1.274142622947692871e+00 8.886919021606445312e-01
4.178102493286132812e+00 -1.273737907409667969e+00 8.892814517021179199e-01
4.103020191192626953e+00 -1.272024154663085938e+00 8.911015391349792480e-01
4.019486427307128906e+00 -1.270145058631896973e+00 8.898931145668029785e-01
3.965396881103515625e+00 -1.268947482109069824e+00 8.867852091789245605e-01
3.895574569702148438e+00 -1.267416954040527344e+00 8.808264732360839844e-01
3.878366708755493164e+00 -1.267044544219970703e+00 8.787366151809692383e-01
3.778459787368774414e+00 -1.264888644218444824e+00 8.657096028327941895e-01
3.721719980239868164e+00 -1.263685822486877441e+00 8.553535342216491699e-01
3.660547494888305664e+00 -1.262401580810546875e+00 8.423543572425842285e-01
3.611151218414306641e+00 -1.261375188827514648e+00 8.302437067031860352e-01
3.577455997467041016e+00 -1.260680794715881348e+00 8.210822939872741699e-01
3.494749784469604492e+00 -1.258985638618469238e+00 7.970708012580871582e-01
3.441804409027099609e+00 -1.257915019989013672e+00 7.792732715606689453e-01
3.377319097518920898e+00 -1.256621837615966797e+00 7.556610107421875000e-01
3.308848142623901367e+00 -1.255262494087219238e+00 7.280363440513610840e-01
3.257462739944458008e+00 -1.254252910614013672e+00 7.052178382873535156e-01
3.213765144348144531e+00 -1.253400921821594238e+00 6.844442486763000488e-01
3.142405748367309570e+00 -1.252018451690673828e+00 6.485743522644042969e-01
3.109073162078857422e+00 -1.251379251480102539e+00 6.302951574325561523e-01
3.056145429611206055e+00 -1.250369071960449219e+00 6.001017689704895020e-01
2.982600450515747070e+00 -1.248975634574890137e+00 5.555081367492675781e-01
2.911829471588134766e+00 -1.247648000717163086e+00 5.089339017868041992e-01
2.854666233062744141e+00 -1.246585488319396973e+00 4.683217704296112061e-01
2.812755107879638672e+00 -1.245812058448791504e+00 4.366813600063323975e-01
2.746281385421752930e+00 -1.244591474533081055e+00 3.842339813709259033e-01
2.725040674209594727e+00 -1.244204521179199219e+00 3.662771582603454590e-01
2.638659954071044922e+00 -1.242634296417236328e+00 2.916156053543090820e-01
2.589920282363891602e+00 -1.241756439208984375e+00 2.455781251192092896e-01
2.553132057189941406e+00 -1.241096735000610352e+00 2.090266644954681396e-01
2.525312900543212891e+00 -1.240599274635314941e+00 1.803019493818283081e-01
2.461652994155883789e+00 -1.239463090896606445e+00 1.126126945018768311e-01
2.424860954284667969e+00 -1.238808870315551758e+00 7.076880335807800293e-02
2.361877202987670898e+00 -1.237690687179565430e+00 -3.768876194953918457e-03
2.326891422271728516e+00 -1.236092448234558105e+00 3.218941763043403625e-02
2.259511232376098633e+00 -1.233044743537902832e+00 9.885218739509582520e-02
2.215769052505493164e+00 -1.231101751327514648e+00 1.390762180089950562e-01
2.159874200820922852e+00 -1.228646159172058105e+00 1.881262212991714478e-01
2.098732948303222656e+00 -1.225995898246765137e+00 2.386699020862579346e-01
2.049856185913085938e+00 -1.223906517028808594e+00 2.765174508094787598e-01
1.956882357597351074e+00 -1.219973921775817871e+00 3.448376059532165527e-01
1.915392756462097168e+00 -1.218252420425415039e+00 3.723799884319305420e-01
1.833701372146606445e+00 -1.214890003204345703e+00 4.241858124732971191e-01
1.772529721260070801e+00 -1.212410330772399902e+00 4.595494270324707031e-01
1.738396048545837402e+00 -1.211041688919067383e+00 4.779243469238281250e-01
1.660999655723571777e+00 -1.207956433296203613e+00 5.179286599159240723e-01
1.582041978836059570e+00 -1.204849481582641602e+00 5.550099611282348633e-01
1.496848940849304199e+00 -1.201539397239685059e+00 5.910907387733459473e-01
1.457296848297119141e+00 -1.200022697448730469e+00 6.059529185295104980e-01
1.383906364440917969e+00 -1.197224736213684082e+00 6.319548487663269043e-01
1.302089333534240723e+00 -1.194138526916503906e+00 6.577503681182861328e-01
1.230037093162536621e+00 -1.191451668739318848e+00 6.774224042892456055e-01
1.153741955757141113e+00 -1.188634276390075684e+00 6.954868435859680176e-01
1.107501387596130371e+00 -1.186943769454956055e+00 7.046974897384643555e-01
1.054184675216674805e+00 -1.185006141662597656e+00 7.141231894493103027e-01
9.513429403305053711e-01 -1.181293725967407227e+00 7.296761274337768555e-01
9.164593219757080078e-01 -1.180050373077392578e+00 7.332553267478942871e-01
8.285690546035766602e-01 -1.176930904388427734e+00 7.408410310745239258e-01
7.449971437454223633e-01 -1.173995375633239746e+00 7.446457743644714355e-01
6.696321964263916016e-01 -1.171373486518859863e+00 7.451769113540649414e-01
5.953735709190368652e-01 -1.168811917304992676e+00 7.431335449218750000e-01
5.543894767761230469e-01 -1.167409658432006836e+00 7.406112551689147949e-01
4.371927082538604736e-01 -1.163417458534240723e+00 7.311939597129821777e-01
4.113907814025878906e-01 -1.162549495697021484e+00 7.277294993400573730e-01
3.442484140396118164e-01 -1.160296797752380371e+00 7.179102897644042969e-01
2.399206310510635376e-01 -1.156820535659790039e+00 6.993892788887023926e-01
1.543771922588348389e-01 -1.154000163078308105e+00 6.799992918968200684e-01
1.031219810247421265e-01 -1.152324438095092773e+00 6.662773489952087402e-01
3.017377853393554688e-02 -1.149951100349426270e+00 6.449213027954101562e-01
-3.719788789749145508e-02 -1.147774338722229004e+00 6.227599978446960449e-01
-7.963854074478149414e-02 -1.146411538124084473e+00 6.073502898216247559e-01
-1.851344108581542969e-01 -1.143037080764770508e+00 5.667294859886169434e-01
-2.364269495010375977e-01 -1.141411900520324707e+00 5.441164970397949219e-01
-3.367859423160552979e-01 -1.138245940208435059e+00 4.970445334911346436e-01
-3.640278279781341553e-01 -1.137393832206726074e+00 4.827188849449157715e-01
-4.376861155033111572e-01 -1.135094881057739258e+00 4.428009092807769775e-01
-5.150907039642333984e-01 -1.132693171501159668e+00 3.974125683307647705e-01
-5.793814063072204590e-01 -1.130710244178771973e+00 3.565734028816223145e-01
-6.402434110641479492e-01 -1.128841757774353027e+00 3.153202235698699951e-01
-6.998744606971740723e-01 -1.127018809318542480e+00 2.723851501941680908e-01
-7.545337677001953125e-01 -1.125354290008544922e+00 2.306610345840454102e-01
-8.502117991447448730e-01 -1.122450470924377441e+00 1.536349952220916748e-01
-8.927716016769409180e-01 -1.121165871620178223e+00 1.160701513290405273e-01
-9.584380984306335449e-01 -1.119187831878662109e+00 5.566047877073287964e-02
-1.015640377998352051e+00 -1.117469787597656250e+00 -4.374049603939056396e-04
-1.083853602409362793e+00 -1.114401340484619141e+00 6.179720908403396606e-02
-1.159455776214599609e+00 -1.111022949218750000e+00 1.260784566402435303e-01
-1.225621223449707031e+00 -1.108086585998535156e+00 1.781411170959472656e-01
-1.277177691459655762e+00 -1.105811595916748047e+00 2.160595655441284180e-01
-1.366498112678527832e+00 -1.101886987686157227e+00 2.783828377723693848e-01
-1.422948360443115234e+00 -1.099424123764038086e+00 3.142851591110229492e-01
-1.519842386245727539e+00 -1.095214605331420898e+00 3.723652064800262451e-01
-1.587846994400024414e+00 -1.092280626296997070e+00 4.090740680694580078e-01
-1.642011880874633789e+00 -1.089954614639282227e+00 4.361768960952758789e-01
-1.765972256660461426e+00 -1.084650158882141113e+00 4.944603741168975830e-01
-1.817646384239196777e+00 -1.082456111907958984e+00 5.153374075889587402e-01
-1.942287683486938477e+00 -1.077180147171020508e+00 5.624268651008605957e-01
-1.983312606811523438e+00 -1.075455904006958008e+00 5.754191279411315918e-01
-2.115709543228149414e+00 -1.069903969764709473e+00 6.147857308387756348e-01
-2.164818286895751953e+00 -1.067858815193176270e+00 6.263973712921142578e-01
-2.220847129821777344e+00 -1.065531134605407715e+00 6.384192109107971191e-01
-2.310803890228271484e+00 -1.061803936958312988e+00 6.555051207542419434e-01
-2.398312807083129883e+00 -1.058193206787109375e+00 6.687205433845520020e-01
-2.484150409698486328e+00 -1.054664850234985352e+00 6.784912347793579102e-01
-2.587208271026611328e+00 -1.050443649291992188e+00 6.865142583847045898e-01
-2.679776430130004883e+00 -1.046667218208312988e+00 6.897668242454528809e-01
-2.753472328186035156e+00 -1.043670773506164551e+00 6.895511150360107422e-01
-2.865689754486083984e+00 -1.039119243621826172e+00 6.858329176902770996e-01
-2.949592113494873047e+00 -1.035727977752685547e+00 6.791971921920776367e-01
-3.057950258255004883e+00 -1.031358480453491211e+00 6.668895483016967773e-01
-3.115690708160400391e+00 -1.029036402702331543e+00 6.577420234680175781e-01
-3.255459070205688477e+00 -1.023422479629516602e+00 6.322216391563415527e-01
-3.315789461135864258e+00 -1.021005749702453613e+00 6.176360249519348145e-01
-3.411424160003662109e+00 -1.017177820205688477e+00 5.920152068138122559e-01
-3.458164453506469727e+00 -1.015308976173400879e+00 5.775241255760192871e-01
-3.581615686416625977e+00 -1.010374426841735840e+00 5.366500020027160645e-01
-3.654796123504638672e+00 -1.007450699806213379e+00 5.082632899284362793e-01
-3.778531551361083984e+00 -1.002506256103515625e+00 4.559359550476074219e-01
-3.860368967056274414e+00 -9.992330670356750488e-01 4.163091182708740234e-01
-3.927278041839599609e+00 -9.965534806251525879e-01 3.810542225837707520e-01
-4.018448352813720703e+00 -9.928967952728271484e-01 3.297020792961120605e-01
-4.091710567474365234e+00 -9.899506568908691406e-01 2.846509516239166260e-01
-4.131715774536132812e+00 -9.883373975753784180e-01 2.582972943782806396e-01
-4.254667282104492188e+00 -9.833701252937316895e-01 1.742294728755950928e-01
-4.299422264099121094e+00 -9.815503358840942383e-01 1.400197148323059082e-01
-4.406598091125488281e+00 -9.771789312362670898e-01 5.469065159559249878e-02
-4.440917968750000000e+00 -9.757673740386962891e-01 2.459926903247833252e-02
-4.546763896942138672e+00 -9.709877371788024902e-01 1.161401569843292236e-01
-4.650310516357421875e+00 -9.662635922431945801e-01 1.967961788177490234e-01
-4.728960990905761719e+00 -9.626443386077880859e-01 2.521606981754302979e-01
-4.850634098052978516e+00 -9.570129513740539551e-01 3.314784765243530273e-01
-4.934887409210205078e+00 -9.530817866325378418e-01 3.801308870315551758e-01
-5.069237709045410156e+00 -9.467813372611999512e-01 4.513305127620697021e-01
-5.122567653656005859e+00 -9.442616105079650879e-01 4.758139550685882568e-01
-5.256316184997558594e+00 -9.379245042800903320e-01 5.336817502975463867e-01
-5.372114181518554688e+00 -9.324007034301757812e-01 5.764210820198059082e-01
-5.429941177368164062e+00 -9.296267032623291016e-01 5.947609543800354004e-01
-5.582254886627197266e+00 -9.222998619079589844e-01 6.392612457275390625e-01
-5.661215305328369141e+00 -9.184741973876953125e-01 6.572950482368469238e-01
-5.749395847320556641e+00 -9.141857028007507324e-01 6.746244430541992188e-01
-5.850893974304199219e+00 -9.092285037040710449e-01 6.910299062728881836e-01
-6.031545162200927734e+00 -9.003614187240600586e-01 7.131119370460510254e-01
-6.095313072204589844e+00 -8.972030282020568848e-01 7.165317535400390625e-01
-6.198139667510986328e+00 -8.920927643775939941e-01 7.195906043052673340e-01
-6.354899883270263672e+00 -8.842582106590270996e-01 7.182498574256896973e-01
-6.457007408142089844e+00 -8.791092038154602051e-01 7.114402651786804199e-01
-6.604943275451660156e+00 -8.716019988059997559e-01 6.959532499313354492e-01
-6.666777133941650391e+00 -8.684337139129638672e-01 6.860516071319580078e-01
-6.784748554229736328e+00 -8.623623251914978027e-01 6.643864512443542480e-01
-6.924908161163330078e+00 -8.550856113433837891e-01 6.322869658470153809e-01
-7.049863338470458984e+00 -8.485250473022460938e-01 5.967745184898376465e-01
-7.190778255462646484e+00 -8.410446047782897949e-01 5.495626926422119141e-01
-7.281368255615234375e+00 -8.361697196960449219e-01 5.138138532638549805e-01
-7.420260906219482422e+00 -8.286225795745849609e-01 4.534385204315185547e-01
-7.469679832458496094e+00 -8.258937001228332520e-01 4.287860691547393799e-01
-7.610482692718505859e+00 -8.180687427520751953e-01 3.551591932773590088e-01
-7.721183300018310547e+00 -8.117973804473876953e-01 2.893698215484619141e-01
-7.830595016479492188e+00 -8.054920434951782227e-01 2.177120149135589600e-01
-7.952890396118164062e+00 -7.983100414276123047e-01 1.297214329242706299e-01
-8.010207176208496094e+00 -7.948634028434753418e-01 8.397324383258819580e-02
-8.099086761474609375e+00 -7.894512414932250977e-01 9.456805884838104248e-03
-8.229234695434570312e+00 -7.813582420349121094e-01 -1.083162203431129456e-01
-8.285312652587890625e+00 -7.781629562377929688e-01 -6.432574242353439331e-02
-8.395738601684570312e+00 -7.717967033386230469e-01 1.796411722898483276e-02
-8.566452980041503906e+00 -7.617444396018981934e-01 1.329076290130615234e-01
-8.680562973022460938e+00 -7.548306584358215332e-01 1.984176486730575562e-01
-8.836107254028320312e+00 -7.452464699745178223e-01 2.784932255744934082e-01
-9.047410964965820312e+00 -7.319497466087341309e-01 3.715138733386993408e-01
-9.120527267456054688e+00 -7.272276878356933594e-01 3.969477117061614990e-01
-9.314448356628417969e+00 -7.145967483520507812e-01 4.586252868175506592e-01
-9.412533760070800781e+00 -7.080681920051574707e-01 4.823881387710571289e-01
-9.575093269348144531e+00 -6.971318125724792480e-01 5.158265233039855957e-01
-9.725773811340332031e+00 -6.868167519569396973e-01 5.379516482353210449e-01
-9.927661895751953125e+00 -6.727728247642517090e-01 5.568978190422058105e-01
-1.004448699951171875e+01 -6.644698977470397949e-01 5.597471594810485840e-01
-1.027028179168701172e+01 -6.482164263725280762e-01 5.562763810157775879e-01
-1.042786788940429688e+01 -6.365866065025329590e-01 5.417867898941040039e-01
-1.055668163299560547e+01 -6.269045472145080566e-01 5.229914784431457520e-01
-1.066732501983642578e+01 -6.184569597244262695e-01 5.018892288208007812e-01
-1.082784461975097656e+01 -6.060279011726379395e-01 4.649785757064819336e-01
-1.105241012573242188e+01 -5.882670283317565918e-01 4.002515673637390137e-01
-1.124768638610839844e+01 -5.723254084587097168e-01 3.273245692253112793e-01
-1.137189579010009766e+01 -5.618708133697509766e-01 2.710699439048767090e-01
-1.150329208374023438e+01 -5.505708456039428711e-01 2.044335901737213135e-01
-1.170409679412841797e+01 -5.328728556632995605e-01 9.034653753042221069e-02
-1.176868152618408203e+01 -5.269417762756347656e-01 4.709064960479736328e-02
-1.192745113372802734e+01 -5.121400356292724609e-01 -6.499341875314712524e-02
-1.215774440765380859e+01 -4.901933372020721436e-01 8.093930035829544067e-02
-1.232358551025390625e+01 -4.736852943897247314e-01 1.646341681480407715e-01
-1.266888809204101562e+01 -4.383785426616668701e-01 3.111602067947387695e-01
-1.280237197875976562e+01 -4.240490496158599854e-01 3.481242358684539795e-01
-1.296598243713378906e+01 -4.061761200428009033e-01 3.850284516811370850e-01
-1.323559284210205078e+01 -3.761048018932342529e-01 4.295568466186523438e-01
-1.355790424346923828e+01 -3.389415442943572998e-01 4.521230459213256836e-01
-1.381695556640625000e+01 -3.078702986240386963e-01 4.418643414974212646e-01
-1.416228675842285156e+01 -2.650594413280487061e-01 3.979133963584899902e-01
-1.433901977539062500e+01 -2.421113252639770508e-01 3.543242812156677246e-01
-1.460492038726806641e+01 -2.066622376441955566e-01 2.715907096862792969e-01
-1.476256370544433594e+01 -1.847328841686248779e-01 2.063727378845214844e-01
-1.498417472839355469e+01 -1.530179679393768311e-01 1.000255048274993896e-01
-1.531131076812744141e+01 -1.041175872087478638e-01 -8.998884260654449463e-02
-1.557744216918945312e+01 -6.127067282795906067e-02 -2.904937565326690674e-01
-1.591198444366455078e+01 -6.732150912284851074e-03 -1.153859943151473999e-01
-1.632482337951660156e+01 6.416650861501693726e-02 3.509590029716491699e-02
-1.687977027893066406e+01 1.647486239671707153e-01 1.463401019573211670e-01
-1.736283493041992188e+01 2.581823468208312988e-01 1.497726738452911377e-01
-1.775882911682128906e+01 3.392983675003051758e-01 8.871334791183471680e-02
-1.854157829284667969e+01 5.081493854522705078e-01 -1.398764997720718384e-01
-1.895524024963378906e+01 6.084129214286804199e-01 -3.885737061500549316e-01
-2.059404945373535156e+01 1.114158749580383301e+00 -8.391997218132019043e-02
-2.300905036926269531e+01 1.963125705718994141e+00 -9.627116918563842773e-01
-1.352009582519531250e+02 6.186630630493164062e+01 -9.329110717773437500e+01
-2.168751616000000000e+09 1.654384640000000000e+09 -1.311767168000000000e+09
-8.930986606261698560e+18 1.053270017002438656e+19 9.308607277751599104e+18
-1.422131649011987251e+19 1.677181622967651533e+19 1.482262290667615027e+19
-2.518121101239569613e+19 2.969729449478796083e+19 2.624592309715258573e+19
-3.150811537894434406e+19 3.715888826413167411e+19 3.284034304078564557e+19
-3.911177924473624986e+19 4.612621922724950835e+19 4.076550630556250931e+19
