2.352357673645019531e+01 -2.042319327592849731e-01 1.987081617116928101e-01
2.343391036987304688e+01 -1.842454969882965088e-01 2.601454257965087891e-01
2.325422096252441406e+01 -1.442629098892211914e-01 3.824729919433593750e-01
2.305442619323730469e+01 -9.996123611927032471e-02 5.166980028152465820e-01
2.300438117980957031e+01 -8.890670537948608398e-02 5.498098134994506836e-01
2.285298156738281250e+01 -5.549511685967445374e-02 6.495900750160217285e-01
2.263586044311523438e+01 -7.714513689279556274e-03 7.909673452377319336e-01
2.255323410034179688e+01 1.039605587720870972e-02 8.438118696212768555e-01
2.234719085693359375e+01 5.549087375402450562e-02 9.746636748313903809e-01
2.227222061157226562e+01 7.183875143527984619e-02 1.021422386169433594e+00
2.209295845031738281e+01 1.108771860599517822e-01 1.132472395896911621e+00
2.201692581176757812e+01 1.273838579654693604e-01 1.178797245025634766e+00
2.190523719787597656e+01 1.516006886959075928e-01 1.246356010437011719e+00
2.168762969970703125e+01 1.986951828002929688e-01 1.376562237739562988e+00
2.155324935913085938e+01 2.276734858751296997e-01 1.455227017402648926e+00
2.144712066650390625e+01 2.505100965499877930e-01 1.516484856605529785e+00
2.131300354003906250e+01 2.793216705322265625e-01 1.593019962310791016e+00
2.126344871520996094e+01 2.899451255798339844e-01 1.620882391929626465e+00
2.106180000305175781e+01 3.331424593925476074e-01 1.733628749847412109e+00
2.096502494812011719e+01 3.538108766078948975e-01 1.786483168601989746e+00
2.084309768676757812e+01 3.798148632049560547e-01 1.852303028106689453e+00
2.071141052246093750e+01 4.078517854213714600e-01 1.922326922416687012e+00
2.061566543579101562e+01 4.281992018222808838e-01 1.972389698028564453e+00
2.045330619812011719e+01 4.626590609550476074e-01 2.056222200393676758e+00
2.037178421020507812e+01 4.799250662326812744e-01 2.097397565841674805e+00
2.022745513916015625e+01 5.104619264602661133e-01 2.169466257095336914e+00
2.014910507202148438e+01 5.270101428031921387e-01 2.207782268524169922e+00
1.998098754882812500e+01 5.624856352806091309e-01 2.289043664932250977e+00
1.990974998474121094e+01 5.774891972541809082e-01 2.322596311569213867e+00
1.979570007324218750e+01 6.014918088912963867e-01 2.375707626342773438e+00
1.969425964355468750e+01 6.228155493736267090e-01 2.422073125839233398e+00
1.957118034362792969e+01 6.486624479293823242e-01 2.477373838424682617e+00
1.944806098937988281e+01 6.744880676269531250e-01 2.531516313552856445e+00
1.933674812316894531e+01 6.978118419647216797e-01 2.579386234283447266e+00
1.921586990356445312e+01 7.231163382530212402e-01 2.630292415618896484e+00
1.912940216064453125e+01 7.412004470825195312e-01 2.665858030319213867e+00
1.894218063354492188e+01 7.803311944007873535e-01 2.741531372070312500e+00
1.890437507629394531e+01 7.882224917411804199e-01 2.756218433380126953e+00
1.874559974670410156e+01 8.213569521903991699e-01 2.817390918731689453e+00
1.865282249450683594e+01 8.406999111175537109e-01 2.851865768432617188e+00
1.854485321044921875e+01 8.631992936134338379e-01 2.891108036041259766e+00
1.847689628601074219e+01 8.773531317710876465e-01 2.915155887603759766e+00
1.836024856567382812e+01 9.016413092613220215e-01 2.955722093582153320e+00
1.821105194091796875e+01 9.326921701431274414e-01 3.006024837493896484e+00
1.813389968872070312e+01 9.487408399581909180e-01 3.030971527099609375e+00
1.803173065185546875e+01 9.699888229370117188e-01 3.063266277313232422e+00
1.792248535156250000e+01 9.927026629447937012e-01 3.096735477447509766e+00
1.783030128479003906e+01 1.011865019798278809e+00 3.124005317687988281e+00
1.769966888427734375e+01 1.039016246795654297e+00 3.161471128463745117e+00
1.760463714599609375e+01 1.058765649795532227e+00 3.187493085861206055e+00
1.753973388671875000e+01 1.072253108024597168e+00 3.204642534255981445e+00
1.740208053588867188e+01 1.100858807563781738e+00 3.240103244781494141e+00
1.732735443115234375e+01 1.116388797760009766e+00 3.258289337158203125e+00
1.722171211242675781e+01 1.138345360755920410e+00 3.283170223236083984e+00
1.710698890686035156e+01 1.162193179130554199e+00 3.308901309967041016e+00
1.704110908508300781e+01 1.175891041755676270e+00 3.322861433029174805e+00
1.692464828491210938e+01 1.200109481811523438e+00 3.346700191497802734e+00
1.683986473083496094e+01 1.217746376991271973e+00 3.362961053848266602e+00
1.676118278503417969e+01 1.234118461608886719e+00 3.377301692962646484e+00
1.664090347290039062e+01 1.259153604507446289e+00 3.398147821426391602e+00
1.659894371032714844e+01 1.267891526222229004e+00 3.404837846755981445e+00
1.647161102294921875e+01 1.294412493705749512e+00 3.424515724182128906e+00
1.641927719116210938e+01 1.305319428443908691e+00 3.431816101074218750e+00
1.632028961181640625e+01 1.325955033302307129e+00 3.445004224777221680e+00
1.619799613952636719e+01 1.351462483406066895e+00 3.459831476211547852e+00
1.612932395935058594e+01 1.365795850753784180e+00 3.467123985290527344e+00
1.604330444335937500e+01 1.383757472038269043e+00 3.475521326065063477e+00
1.590575885772705078e+01 1.412493348121643066e+00 3.487454652786254883e+00
1.585943889617919922e+01 1.422178864479064941e+00 3.490654945373535156e+00
1.575817775726318359e+01 1.443358302116394043e+00 3.497040271759033203e+00
1.567370033264160156e+01 1.461037993431091309e+00 3.501240015029907227e+00
1.562001705169677734e+01 1.472278118133544922e+00 3.503302574157714844e+00
1.549224662780761719e+01 1.499037504196166992e+00 3.507284402847290039e+00
1.541826534271240234e+01 1.514539599418640137e+00 3.508294105529785156e+00
1.534263134002685547e+01 1.530389666557312012e+00 3.508546829223632812e+00
1.527974891662597656e+01 1.543566465377807617e+00 3.508086681365966797e+00
1.518102073669433594e+01 1.564249038696289062e+00 3.506480693817138672e+00
1.505881881713867188e+01 1.589829802513122559e+00 3.502757310867309570e+00
1.502327632904052734e+01 1.597257971763610840e+00 3.501042366027832031e+00
1.493823146820068359e+01 1.615021109580993652e+00 3.496497392654418945e+00
1.485771942138671875e+01 1.631811022758483887e+00 3.491188049316406250e+00
1.473243713378906250e+01 1.657895803451538086e+00 3.481431961059570312e+00
1.466445636749267578e+01 1.672013998031616211e+00 3.474861145019531250e+00
1.457307147979736328e+01 1.690966129302978516e+00 3.465086936950683594e+00
1.449188899993896484e+01 1.707770466804504395e+00 3.455267667770385742e+00
1.441230010986328125e+01 1.724217295646667480e+00 3.444639921188354492e+00
1.436163997650146484e+01 1.734668612480163574e+00 3.437243461608886719e+00
1.428440380096435547e+01 1.750585794448852539e+00 3.425347805023193359e+00
1.418515968322753906e+01 1.771005153656005859e+00 3.408838987350463867e+00
1.413880062103271484e+01 1.780523419380187988e+00 3.400382995605468750e+00
1.408115100860595703e+01 1.792348027229309082e+00 3.389430761337280273e+00
1.398616695404052734e+01 1.811806559562683105e+00 3.370483398437500000e+00
1.388727760314941406e+01 1.832023382186889648e+00 3.349191188812255859e+00
1.384773540496826172e+01 1.840089797973632812e+00 3.340015649795532227e+00
1.373348522186279297e+01 1.863376379013061523e+00 3.312731266021728516e+00
1.365752696990966797e+01 1.878818988800048828e+00 3.293089151382446289e+00
1.362591266632080078e+01 1.885235309600830078e+00 3.284492015838623047e+00
1.355263423919677734e+01 1.900097131729125977e+00 3.264154434204101562e+00
1.347365760803222656e+01 1.916087985038757324e+00 3.241201400756835938e+00
1.339197635650634766e+01 1.932596564292907715e+00 3.216295480728149414e+00
1.330974197387695312e+01 1.949185490608215332e+00 3.189990282058715820e+00
1.324085807800292969e+01 1.963054656982421875e+00 3.166903972625732422e+00
1.314888477325439453e+01 1.981542468070983887e+00 3.134888887405395508e+00
1.311835384368896484e+01 1.987666130065917969e+00 3.123726606369018555e+00
1.301666450500488281e+01 2.008047103881835938e+00 3.085951566696166992e+00
1.295510482788085938e+01 2.020354986190795898e+00 3.061866283416748047e+00
1.287518501281738281e+01 2.036309480667114258e+00 3.029628276824951172e+00
1.282785320281982422e+01 2.045739650726318359e+00 3.009781360626220703e+00
1.275205039978027344e+01 2.060824632644653320e+00 2.977272987365722656e+00
1.270792770385742188e+01 2.069588661193847656e+00 2.957669734954833984e+00
1.263508415222167969e+01 2.084041357040405273e+00 2.924645185470581055e+00
1.255350875854492188e+01 2.100196599960327148e+00 2.886427402496337891e+00
1.248071289062500000e+01 2.114583015441894531e+00 2.851072788238525391e+00
1.243507194519042969e+01 2.123586177825927734e+00 2.828197717666625977e+00
1.232944202423095703e+01 2.144397735595703125e+00 2.774218082427978516e+00
1.225726509094238281e+01 2.158579111099243164e+00 2.735669136047363281e+00
1.221012115478515625e+01 2.167824268341064453e+00 2.709735870361328125e+00
1.217332077026367188e+01 2.175031900405883789e+00 2.689103841781616211e+00
1.207289981842041016e+01 2.194681167602539062e+00 2.631968975067138672e+00
1.203537368774414062e+01 2.202004194259643555e+00 2.609757184982299805e+00
1.194481468200683594e+01 2.219658374786376953e+00 2.555369615554809570e+00
1.189646148681640625e+01 2.229061365127563477e+00 2.525305509567260742e+00
1.185238265991210938e+01 2.237622022628784180e+00 2.497394323348999023e+00
1.177806091308593750e+01 2.252038717269897461e+00 2.449550867080688477e+00
1.170807456970214844e+01 2.265586614608764648e+00 2.403242349624633789e+00
1.163047027587890625e+01 2.280580043792724609e+00 2.350564956665039062e+00
1.159850406646728516e+01 2.286742687225341797e+00 2.328251361846923828e+00
1.152940559387207031e+01 2.300052165985107422e+00 2.279464960098266602e+00
1.147813034057617188e+01 2.309909343719482422e+00 2.242367267608642578e+00
1.139151000976562500e+01 2.326537370681762695e+00 2.178561449050903320e+00
1.133795928955078125e+01 2.336791992187500000e+00 2.137914180755615234e+00
1.125616931915283203e+01 2.352430582046508789e+00 2.074682474136352539e+00
1.120550155639648438e+01 2.362095832824707031e+00 2.034410238265991211e+00
1.114449501037597656e+01 2.373716354370117188e+00 1.985088229179382324e+00
1.111444473266601562e+01 2.379430294036865234e+00 1.960294723510742188e+00
1.105093479156494141e+01 2.391496181488037109e+00 1.907371044158935547e+00
1.098114013671875000e+01 2.404731750488281250e+00 1.847982525825500488e+00
1.094626522064208984e+01 2.411332130432128906e+00 1.817624211311340332e+00
1.084906482696533203e+01 2.429709434509277344e+00 1.732050657272338867e+00
1.079605102539062500e+01 2.439704179763793945e+00 1.683898448944091797e+00
1.077190303802490234e+01 2.444249868392944336e+00 1.661591529846191406e+00
1.067936325073242188e+01 2.461657762527465820e+00 1.575450539588928223e+00
1.066099739074707031e+01 2.465103387832641602e+00 1.557849407196044922e+00
1.060000896453857422e+01 2.476538896560668945e+00 1.499064087867736816e+00
1.054689884185791016e+01 2.486479759216308594e+00 1.446890592575073242e+00
1.047275638580322266e+01 2.500335693359375000e+00 1.372848629951477051e+00
1.040440177917480469e+01 2.513082504272460938e+00 1.303012013435363770e+00
1.037622547149658203e+01 2.518326282501220703e+00 1.273617744445800781e+00
1.029602527618408203e+01 2.533240079879760742e+00 1.189230918884277344e+00
1.026735401153564453e+01 2.538559436798095703e+00 1.158321738243103027e+00
1.017906188964843750e+01 2.554926395416259766e+00 1.062314271926879883e+00
1.013164138793945312e+01 2.563694238662719727e+00 1.009368062019348145e+00
1.008357906341552734e+01 2.572568655014038086e+00 9.549426436424255371e-01
1.003698062896728516e+01 2.581160783767700195e+00 9.014175534248352051e-01
9.999191284179687500e+00 2.588119268417358398e+00 8.574096560478210449e-01
9.952156066894531250e+00 2.596771240234375000e+00 8.020207285881042480e-01
9.886101722717285156e+00 2.608905315399169922e+00 7.231533527374267578e-01
9.836913108825683594e+00 2.617923974990844727e+00 6.632784008979797363e-01
9.774541854858398438e+00 2.629343748092651367e+00 5.862613320350646973e-01
9.744163513183593750e+00 2.634896039962768555e+00 5.480645895004272461e-01
9.677660942077636719e+00 2.647040605545043945e+00 4.637077748775482178e-01
9.622121810913085938e+00 2.657164096832275391e+00 3.918941617012023926e-01
9.587856292724609375e+00 2.663400173187255859e+00 3.468755185604095459e-01
9.518997192382812500e+00 2.675920486450195312e+00 2.555130720138549805e-01
9.483343124389648438e+00 2.682390928268432617e+00 2.072667479515075684e-01
9.444765090942382812e+00 2.689385175704956055e+00 1.545304358005523682e-01
9.394638061523437500e+00 2.698463916778564453e+00 8.525137603282928467e-02
9.342738151550292969e+00 2.707851171493530273e+00 1.249378174543380737e-02
9.299136161804199219e+00 2.715726613998413086e+00 -4.953596368432044983e-02
9.243874549865722656e+00 2.732507705688476562e+00 4.169255122542381287e-02
9.187544822692871094e+00 2.749510288238525391e+00 1.281863749027252197e-01
9.145070075988769531e+00 2.762264251708984375e+00 1.889522224664688110e-01
9.120474815368652344e+00 2.769624710083007812e+00 2.223769128322601318e-01
9.055052757263183594e+00 2.789168834686279297e+00 3.087416887283325195e-01
9.004787445068359375e+00 2.804121017456054688e+00 3.701844811439514160e-01
8.982149124145507812e+00 2.810836791992187500e+00 3.963075876235961914e-01
8.910478591918945312e+00 2.832074642181396484e+00 4.769284725189208984e-01
8.857548713684082031e+00 2.847709894180297852e+00 5.318164229393005371e-01
8.815507888793945312e+00 2.860104799270629883e+00 5.728956460952758789e-01
8.781348228454589844e+00 2.870163440704345703e+00 6.047379374504089355e-01
8.721415519714355469e+00 2.887794971466064453e+00 6.585024595260620117e-01
8.679768562316894531e+00 2.900029897689819336e+00 6.933991909027099609e-01
8.601240158081054688e+00 2.923082351684570312e+00 7.561311721801757812e-01
8.587556838989257812e+00 2.927094459533691406e+00 7.660958170890808105e-01
8.499419212341308594e+00 2.952934503555297852e+00 8.292501568794250488e-01
8.480721473693847656e+00 2.958412408828735352e+00 8.412710428237915039e-01
8.428028106689453125e+00 2.973849773406982422e+00 8.743650913238525391e-01
8.334513664245605469e+00 3.001245498657226562e+00 9.292466640472412109e-01
8.282659530639648438e+00 3.016440153121948242e+00 9.560257196426391602e-01
8.249567985534667969e+00 3.026140928268432617e+00 9.718793630599975586e-01
8.167562484741210938e+00 3.050189495086669922e+00 1.009256124496459961e+00
8.115841865539550781e+00 3.065372705459594727e+00 1.029896616935729980e+00
8.057930946350097656e+00 3.082388162612915039e+00 1.050996184349060059e+00
8.015403747558593750e+00 3.094897985458374023e+00 1.064865946769714355e+00
7.942510128021240234e+00 3.116360902786254883e+00 1.086627244949340820e+00
7.892589092254638672e+00 3.131086587905883789e+00 1.099197626113891602e+00
7.829950809478759766e+00 3.149590015411376953e+00 1.112996339797973633e+00
7.803062438964843750e+00 3.157548427581787109e+00 1.117866277694702148e+00
7.734873771667480469e+00 3.177749872207641602e+00 1.129079699516296387e+00
7.662853240966796875e+00 3.199138879776000977e+00 1.137888073921203613e+00
7.619148254394531250e+00 3.212155818939208984e+00 1.141298890113830566e+00
7.552439212799072266e+00 3.232062101364135742e+00 1.144719123840332031e+00
7.488019943237304688e+00 3.251343965530395508e+00 1.145388126373291016e+00
7.439120292663574219e+00 3.266027688980102539e+00 1.143961071968078613e+00
7.404797077178955078e+00 3.276361703872680664e+00 1.141924142837524414e+00
7.357497215270996094e+00 3.290630578994750977e+00 1.138110995292663574e+00
7.294516563415527344e+00 3.309682846069335938e+00 1.131177306175231934e+00
7.221447467803955078e+00 3.331874132156372070e+00 1.120238661766052246e+00
7.194878578186035156e+00 3.339982748031616211e+00 1.115023136138916016e+00
7.131760120391845703e+00 3.359283208847045898e+00 1.101548552513122559e+00
7.070832252502441406e+00 3.378001928329467773e+00 1.086025953292846680e+00
6.992553710937500000e+00 3.402168750762939453e+00 1.062899708747863770e+00
6.974117279052734375e+00 3.407898902893066406e+00 1.056465268135070801e+00
6.920441150665283203e+00 3.424610376358032227e+00 1.037038683891296387e+00
6.845818996429443359e+00 3.447962045669555664e+00 1.007183313369750977e+00
6.808946132659912109e+00 3.459588289260864258e+00 9.904146194458007812e-01
6.754069328308105469e+00 3.476961612701416016e+00 9.639236927032470703e-01
6.704772949218750000e+00 3.492666959762573242e+00 9.380211830139160156e-01
6.637520313262939453e+00 3.514222860336303711e+00 9.000124931335449219e-01
6.608343601226806641e+00 3.523657083511352539e+00 8.818787336349487305e-01
6.523229598999023438e+00 3.551291942596435547e+00 8.268086314201354980e-01
6.506257057189941406e+00 3.556872606277465820e+00 8.145133852958679199e-01
6.425758838653564453e+00 3.583413600921630859e+00 7.548851370811462402e-01
6.385046005249023438e+00 3.597021341323852539e+00 7.214562296867370605e-01
6.336592674255371094e+00 3.613340854644775391e+00 6.795585751533508301e-01
6.314796924591064453e+00 3.620753526687622070e+00 6.595224738121032715e-01
6.251438140869140625e+00 3.642401933670043945e+00 5.996465682983398438e-01
6.202157974243164062e+00 3.659481048583984375e+00 5.492106080055236816e-01
6.167898654937744141e+00 3.671500205993652344e+00 5.118796825408935547e-01
6.125743389129638672e+00 3.686426401138305664e+00 4.638682007789611816e-01
6.097255229949951172e+00 3.696636438369750977e+00 4.295878708362579346e-01
6.048243045806884766e+00 3.714357614517211914e+00 3.683323264122009277e-01
6.016995429992675781e+00 3.725840330123901367e+00 3.266096413135528564e-01
5.952770233154296875e+00 3.749711036682128906e+00 2.370410859584808350e-01
5.924282550811767578e+00 3.760572195053100586e+00 1.935021430253982544e-01
5.906498432159423828e+00 3.767440319061279297e+00 1.651281118392944336e-01
5.858745098114013672e+00 3.786041498184204102e+00 8.680302649736404419e-02
5.820265769958496094e+00 3.801404476165771484e+00 1.870126277208328247e-02
5.801643371582031250e+00 3.809009313583374023e+00 -1.647821441292762756e-02
5.732684612274169922e+00 3.842346429824829102e+00 8.115312457084655762e-02
5.702727317810058594e+00 3.856730699539184570e+00 1.200749427080154419e-01
5.643936157226562500e+00 3.884887933731079102e+00 1.937694251537322998e-01
5.584279060363769531e+00 3.913328409194946289e+00 2.634981572628021240e-01
5.543080806732177734e+00 3.932888269424438477e+00 3.084045350551605225e-01
5.489734172821044922e+00 3.958152532577514648e+00 3.638547062873840332e-01
5.416452407836914062e+00 3.992755413055419922e+00 4.354811906814575195e-01
5.385063648223876953e+00 4.007523536682128906e+00 4.636589884757995605e-01
5.314809322357177734e+00 4.040532588958740234e+00 5.244804620742797852e-01
5.250139713287353516e+00 4.070833206176757812e+00 5.760194063186645508e-01
5.224906444549560547e+00 4.082630157470703125e+00 5.946273207664489746e-01
5.172717571258544922e+00 4.107011318206787109e+00 6.319547891616821289e-01
5.079311370849609375e+00 4.150585174560546875e+00 6.945748329162597656e-01
5.033672809600830078e+00 4.171827793121337891e+00 7.216678857803344727e-01
4.961861610412597656e+00 4.205224514007568359e+00 7.617449164390563965e-01
4.931570529937744141e+00 4.219295501708984375e+00 7.770046591758728027e-01
4.842583179473876953e+00 4.260617733001708984e+00 8.198613524436950684e-01
4.817887306213378906e+00 4.272074699401855469e+00 8.301793336868286133e-01
4.719735145568847656e+00 4.317602634429931641e+00 8.695055842399597168e-01
4.662003993988037109e+00 4.344367980957031250e+00 8.887637257575988770e-01
4.613574028015136719e+00 4.366820812225341797e+00 9.030662178993225098e-01
4.550607204437255859e+00 4.396016120910644531e+00 9.196723699569702148e-01
4.502257347106933594e+00 4.418439865112304688e+00 9.304611682891845703e-01
4.448160171508789062e+00 4.443537712097167969e+00 9.408672451972961426e-01
4.374583721160888672e+00 4.477689743041992188e+00 9.525060653686523438e-01
4.303431987762451172e+00 4.510744094848632812e+00 9.604769945144653320e-01
4.225618839263916016e+00 4.546931266784667969e+00 9.657415151596069336e-01
4.173506259918212891e+00 4.571200370788574219e+00 9.667436480522155762e-01
4.131178855895996094e+00 4.590934276580810547e+00 9.661841988563537598e-01
4.055431365966796875e+00 4.626285552978515625e+00 9.631812572479248047e-01
4.025581359863281250e+00 4.640244007110595703e+00 9.605777859687805176e-01
3.950428724288940430e+00 4.675418376922607422e+00 9.526041746139526367e-01
3.889932870864868164e+00 4.703800201416015625e+00 9.432846903800964355e-01
3.802991867065429688e+00 4.744676589965820312e+00 9.264860153198242188e-01
3.772568225860595703e+00 4.759029388427734375e+00 9.188627004623413086e-01
3.728143930435180664e+00 4.780015945434570312e+00 9.068210721015930176e-01
3.670397758483886719e+00 4.807352542877197266e+00 8.894184827804565430e-01
3.583086967468261719e+00 4.848803997039794922e+00 8.595992922782897949e-01
3.544541835784912109e+00 4.867190837860107422e+00 8.440226912498474121e-01
3.461400508880615234e+00 4.906944751739501953e+00 8.080448508262634277e-01
3.422806978225708008e+00 4.925498485565185547e+00 7.888884544372558594e-01
3.374127864837646484e+00 4.948966503143310547e+00 7.632262706756591797e-01
3.300555467605590820e+00 4.984569549560546875e+00 7.214983105659484863e-01
3.261446475982666016e+00 5.003611564636230469e+00 6.968508958816528320e-01
3.194643497467041016e+00 5.036255836486816406e+00 6.523956060409545898e-01
3.143414497375488281e+00 5.061455249786376953e+00 6.150853037834167480e-01
3.091783046722412109e+00 5.086995601654052734e+00 5.748422145843505859e-01
3.036006689071655273e+00 5.114756584167480469e+00 5.283350944519042969e-01
2.987055063247680664e+00 5.139297962188720703e+00 4.844636619091033936e-01
2.945879459381103516e+00 5.160085678100585938e+00 4.451517760753631592e-01
2.887349128723144531e+00 5.189825534820556641e+00 3.862043023109436035e-01
2.875729560852050781e+00 5.195788383483886719e+00 3.735761046409606934e-01
2.796638965606689453e+00 5.236463546752929688e+00 2.862814962863922119e-01
2.780150175094604492e+00 5.245076656341552734e+00 2.660740017890930176e-01
2.734503030776977539e+00 5.269010066986083984e+00 2.088466435670852661e-01
2.671947717666625977e+00 5.302167415618896484e+00 1.252873539924621582e-01
2.645016431808471680e+00 5.316683769226074219e+00 8.594143390655517578e-02
2.604723691940307617e+00 5.338582515716552734e+00 2.463383227586746216e-02
2.571559906005859375e+00 5.356850624084472656e+00 -2.908197417855262756e-02
2.519645690917968750e+00 5.389859676361083984e+00 3.713221475481987000e-02
2.470052003860473633e+00 5.421282768249511719e+00 9.645204246044158936e-02
2.410173654556274414e+00 5.459110260009765625e+00 1.638808846473693848e-01
2.336253166198730469e+00 5.505661010742187500e+00 2.413194179534912109e-01
2.271245956420898438e+00 5.546460151672363281e+00 3.036170303821563721e-01
2.210200071334838867e+00 5.584676742553710938e+00 3.577100932598114014e-01
2.167504072189331055e+00 5.611351013183593750e+00 3.928351700305938721e-01
2.079489231109619141e+00 5.666270732879638672e+00 4.615424275398254395e-01
2.046675443649291992e+00 5.686699390411376953e+00 4.844444692134857178e-01
1.994907975196838379e+00 5.718906402587890625e+00 5.190714001655578613e-01
1.889668703079223633e+00 5.784317970275878906e+00 5.847709178924560547e-01
1.846089124679565430e+00 5.811360359191894531e+00 6.081919670104980469e-01
1.759338498115539551e+00 5.865167140960693359e+00 6.518599987030029297e-01
1.724154472351074219e+00 5.886973857879638672e+00 6.672503352165222168e-01
1.639660120010375977e+00 5.939332962036132812e+00 7.020279169082641602e-01
1.607840538024902344e+00 5.959044933319091797e+00 7.131872177124023438e-01
1.502505064010620117e+00 6.024300098419189453e+00 7.477767467498779297e-01
1.472363710403442383e+00 6.042974948883056641e+00 7.554770708084106445e-01
1.411210775375366211e+00 6.080869197845458984e+00 7.698547244071960449e-01
1.343045473098754883e+00 6.123125076293945312e+00 7.830840349197387695e-01
1.252016305923461914e+00 6.179587364196777344e+00 7.966298460960388184e-01
1.199488162994384766e+00 6.212201595306396484e+00 8.012961149215698242e-01
1.097297906875610352e+00 6.275699138641357422e+00 8.068587779998779297e-01
1.036696910858154297e+00 6.313418388366699219e+00 8.060970306396484375e-01
9.731662869453430176e-01 6.353011131286621094e+00 8.027660846710205078e-01
9.069939255714416504e-01 6.394311904907226562e+00 7.965121865272521973e-01
8.372806310653686523e-01 6.437898159027099609e+00 7.868368029594421387e-01
7.736034393310546875e-01 6.477792263031005859e+00 7.749864459037780762e-01
7.057527303695678711e-01 6.520390987396240234e+00 7.593751549720764160e-01
6.414312124252319336e-01 6.560873985290527344e+00 7.414984107017517090e-01
6.102526783943176270e-01 6.580548763275146484e+00 7.313833832740783691e-01
5.512021780014038086e-01 6.617863178253173828e+00 7.108653187751770020e-01
4.676821231842041016e-01 6.670785903930664062e+00 6.781275272369384766e-01
4.317492544651031494e-01 6.693652629852294922e+00 6.616991162300109863e-01
3.664970397949218750e-01 6.735263824462890625e+00 6.299617290496826172e-01
2.795798480510711670e-01 6.790913105010986328e+00 5.829388499259948730e-01
2.266816794872283936e-01 6.824982643127441406e+00 5.502642393112182617e-01
1.687669008970260620e-01 6.862435817718505859e+00 5.116183161735534668e-01
9.846757352352142334e-02 6.908121109008789062e+00 4.606966674327850342e-01
5.557619035243988037e-02 6.936178207397460938e+00 4.264675974845886230e-01
1.138785108923912048e-02 6.965213298797607422e+00 3.890795111656188965e-01
-3.568311035633087158e-02 6.996296882629394531e+00 3.467968404293060303e-01
-9.051081538200378418e-02 7.032711982727050781e+00 2.943165898323059082e-01
-1.390866637229919434e-01 7.065213680267333984e+00 2.442479133605957031e-01
-1.791451424360275269e-01 7.092212200164794922e+00 2.001301944255828857e-01
-2.366517931222915649e-01 7.131227493286132812e+00 1.331836581230163574e-01
-3.050634860992431641e-01 7.178130626678466797e+00 4.683835059404373169e-02
-3.460330069065093994e-01 7.206626415252685547e+00 -1.026509702205657959e-02
-4.026730954647064209e-01 7.251612186431884766e+00 5.643329024314880371e-02
-4.801464676856994629e-01 7.312969207763671875e+00 1.413755118846893311e-01
-5.120669603347778320e-01 7.338164329528808594e+00 1.731222867965698242e-01
-5.943261384963989258e-01 7.403016090393066406e+00 2.517546713352203369e-01
-6.322923898696899414e-01 7.432865619659423828e+00 2.844539582729339600e-01
-7.469818592071533203e-01 7.522940158843994141e+00 3.785806596279144287e-01
-7.921239137649536133e-01 7.558292865753173828e+00 4.103865027427673340e-01
-8.474491834640502930e-01 7.601584434509277344e+00 4.470364749431610107e-01
-9.219997525215148926e-01 7.659867763519287109e+00 4.927036166191101074e-01
-1.028964638710021973e+00 7.743409156799316406e+00 5.513172149658203125e-01
-1.058841347694396973e+00 7.766718387603759766e+00 5.650501847267150879e-01
-1.179823160171508789e+00 7.861090183258056641e+00 6.178076863288879395e-01
-1.221201062202453613e+00 7.893349647521972656e+00 6.319841742515563965e-01
-1.288180708885192871e+00 7.945569038391113281e+00 6.528717279434204102e-01
-1.367433667182922363e+00 8.007363319396972656e+00 6.736927032470703125e-01
-1.446663618087768555e+00 8.069159507751464844e+00 6.899780631065368652e-01
-1.529630303382873535e+00 8.133904457092285156e+00 7.023581266403198242e-01
-1.606628775596618652e+00 8.194040298461914062e+00 7.093483209609985352e-01
-1.672890543937683105e+00 8.245841026306152344e+00 7.117871642112731934e-01
-1.747135162353515625e+00 8.303941726684570312e+00 7.110703587532043457e-01
-1.811558008193969727e+00 8.354424476623535156e+00 7.070784568786621094e-01
-1.891065001487731934e+00 8.416811943054199219e+00 6.985126733779907227e-01
-1.968973636627197266e+00 8.478061676025390625e+00 6.856605410575866699e-01
-2.048951864242553711e+00 8.541073799133300781e+00 6.678954958915710449e-01
-2.093813180923461914e+00 8.576507568359375000e+00 6.552329063415527344e-01
-2.200930118560791016e+00 8.661250114440917969e+00 6.212927699089050293e-01
-2.266081094741821289e+00 8.713006973266601562e+00 5.951011180877685547e-01
-2.313942432403564453e+00 8.751141548156738281e+00 5.732600092887878418e-01
-2.390820264816284180e+00 8.812543869018554688e+00 5.349968671798706055e-01
-2.483574151992797852e+00 8.886938095092773438e+00 4.824167490005493164e-01
-2.500568866729736328e+00 8.900647163391113281e+00 4.712719023227691650e-01
-2.606127500534057617e+00 8.985903739929199219e+00 4.002273380756378174e-01
-2.653621673583984375e+00 9.024567604064941406e+00 3.629317283630371094e-01
-2.720074892044067383e+00 9.078893661499023438e+00 3.070736527442932129e-01
-2.782751560211181641e+00 9.130465507507324219e+00 2.492112070322036743e-01
-2.830070018768310547e+00 9.169671058654785156e+00 2.015029489994049072e-01
-2.874492883682250977e+00 9.206694602966308594e+00 1.536063849925994873e-01
-2.960920095443725586e+00 9.279170036315917969e+00 5.429331958293914795e-02
-3.005871772766113281e+00 9.317378044128417969e+00 -4.261605441570281982e-03
-3.068558692932128906e+00 9.378543853759765625e+00 6.793869286775588989e-02
-3.136973857879638672e+00 9.445082664489746094e+00 1.405225247144699097e-01
-3.216809988021850586e+00 9.522490501403808594e+00 2.179451584815979004e-01
-3.315689563751220703e+00 9.618066787719726562e+00 3.041556179523468018e-01
-3.344105005264282227e+00 9.645444869995117188e+00 3.257720768451690674e-01
-3.480341672897338867e+00 9.776609420776367188e+00 4.253675043582916260e-01
-3.509056568145751953e+00 9.804163932800292969e+00 4.424473345279693604e-01
-3.630645990371704102e+00 9.920782089233398438e+00 5.115388035774230957e-01
-3.696266174316406250e+00 9.983596801757812500e+00 5.416570305824279785e-01
-3.805357456207275391e+00 1.008795166015625000e+01 5.856440663337707520e-01
-3.850614309310913086e+00 1.013120651245117188e+01 5.998206734657287598e-01
-3.969383955001831055e+00 1.024470233917236328e+01 6.327316164970397949e-01
-4.076684474945068359e+00 1.034721374511718750e+01 6.524235606193542480e-01
-4.138331890106201172e+00 1.040612411499023438e+01 6.586298942565917969e-01
-4.196433544158935547e+00 1.046166801452636719e+01 6.617385149002075195e-01
-4.279535293579101562e+00 1.054115009307861328e+01 6.624912023544311523e-01
-4.405190944671630859e+00 1.066143894195556641e+01 6.556060910224914551e-01
-4.452772140502929688e+00 1.070706844329833984e+01 6.483442783355712891e-01
-4.537210464477539062e+00 1.078811645507812500e+01 6.322740316390991211e-01
-4.644279956817626953e+00 1.089107322692871094e+01 6.046001315116882324e-01
-4.712187290191650391e+00 1.095655155181884766e+01 5.809805989265441895e-01
-4.792795181274414062e+00 1.103444290161132812e+01 5.481836199760437012e-01
-4.889829158782958984e+00 1.112847709655761719e+01 5.016243457794189453e-01
-4.954994678497314453e+00 1.119188404083251953e+01 4.643050432205200195e-01
-5.027394771575927734e+00 1.126255798339843750e+01 4.180274307727813721e-01
-5.119188308715820312e+00 1.135252666473388672e+01 3.521559834480285645e-01
-5.178068161010742188e+00 1.141058063507080078e+01 3.035680353641510010e-01
-5.236327648162841797e+00 1.146828269958496094e+01 2.510866820812225342e-01
-5.337181091308593750e+00 1.156867599487304688e+01 1.520904004573822021e-01
-5.396689414978027344e+00 1.162851619720458984e+01 8.441204577684402466e-02
-5.440234661102294922e+00 1.167262840270996094e+01 3.026389703154563904e-02
-5.518230915069580078e+00 1.175213432312011719e+01 -7.346063852310180664e-02
-5.635578632354736328e+00 1.189150238037109375e+01 5.928990244865417480e-02
-5.729601860046386719e+00 1.200231361389160156e+01 1.492210030555725098e-01
-5.793290138244628906e+00 1.207699966430664062e+01 2.023188471794128418e-01
-5.857094764709472656e+00 1.215160465240478516e+01 2.506375312805175781e-01
-5.984232902526855469e+00 1.229987525939941406e+01 3.376887440681457520e-01
-6.050215244293212891e+00 1.237646770477294922e+01 3.738503754138946533e-01
-6.182950496673583984e+00 1.253024482727050781e+01 4.378251433372497559e-01
-6.325925350189208984e+00 1.269530582427978516e+01 4.884469211101531982e-01
-6.392700195312500000e+00 1.277217102050781250e+01 5.033445358276367188e-01
-6.502595901489257812e+00 1.289854812622070312e+01 5.213608741760253906e-01
-6.573260307312011719e+00 1.297970008850097656e+01 5.261192321777343750e-01
-6.663976669311523438e+00 1.308382034301757812e+01 5.266305804252624512e-01
-6.845070838928222656e+00 1.329156875610351562e+01 5.132408738136291504e-01
-6.892608642578125000e+00 1.334608268737792969e+01 5.020142793655395508e-01
-6.986941814422607422e+00 1.345428752899169922e+01 4.756020605564117432e-01
-7.106857299804687500e+00 1.359193611145019531e+01 4.313144385814666748e-01
-7.214830875396728516e+00 1.371606254577636719e+01 3.785387575626373291e-01
-7.270493030548095703e+00 1.378018569946289062e+01 3.449038267135620117e-01
-7.380523204803466797e+00 1.390713024139404297e+01 2.714099287986755371e-01
-7.454182147979736328e+00 1.399241161346435547e+01 2.122686207294464111e-01
-7.548314094543457031e+00 1.410173702239990234e+01 1.272679865360260010e-01
-7.608242034912109375e+00 1.417168235778808594e+01 6.465420126914978027e-02
-7.707544326782226562e+00 1.428804683685302734e+01 -4.921337962150573730e-02
-7.784903526306152344e+00 1.439552497863769531e+01 2.995596826076507568e-02
-7.989364624023437500e+00 1.467783832550048828e+01 2.146300524473190308e-01
-8.097952842712402344e+00 1.482565593719482422e+01 2.818689644336700439e-01
-8.263734817504882812e+00 1.505002689361572266e+01 3.630799055099487305e-01
-8.361148834228515625e+00 1.518085193634033203e+01 3.927612900733947754e-01
-8.450399398803710938e+00 1.530026245117187500e+01 4.108116626739501953e-01
-8.616348266601562500e+00 1.552160263061523438e+01 4.291177988052368164e-01
-8.767629623413085938e+00 1.572232627868652344e+01 4.200582802295684814e-01
-8.867338180541992188e+00 1.585410881042480469e+01 3.984907567501068115e-01
-9.012948036193847656e+00 1.604616737365722656e+01 3.515548706054687500e-01
-9.097910881042480469e+00 1.615795326232910156e+01 3.103363811969757080e-01
-9.277066230773925781e+00 1.639344596862792969e+01 2.052273452281951904e-01
-9.402092933654785156e+00 1.655756187438964844e+01 1.023808941245079041e-01
-9.458113670349121094e+00 1.663112258911132812e+01 4.547336325049400330e-02
-9.600799560546875000e+00 1.681862068176269531e+01 -1.135717928409576416e-01
-9.688148498535156250e+00 1.695570755004882812e+01 -3.786577284336090088e-02
-9.914983749389648438e+00 1.730768203735351562e+01 1.277685463428497314e-01
-1.016001605987548828e+01 1.767779541015625000e+01 2.282823920249938965e-01
-1.035786056518554688e+01 1.796928215026855469e+01 2.503165304660797119e-01
-1.060414028167724609e+01 1.832558250427246094e+01 2.223812043666839600e-01
-1.079539108276367188e+01 1.859618568420410156e+01 1.466826200485229492e-01
-1.091395282745361328e+01 1.876103973388671875e+01 7.204856723546981812e-02
-1.110297107696533203e+01 1.902091979980468750e+01 -7.700821012258529663e-02
-1.154187202453613281e+01 1.973391723632812500e+01 1.382735669612884521e-01
-1.237402820587158203e+01 2.098058891296386719e+01 5.847305059432983398e-02
-1.269890689849853516e+01 2.139616584777832031e+01 -3.098784983158111572e-01
-1.873406982421875000e+01 2.618180465698242188e+01 -2.509817838668823242e+00
-2.167657226562500000e+04 -1.911004687500000000e+05 -2.884682500000000000e+05
3.571726755161503171e+20 8.676426750609231708e+21 1.157224243690836748e+22
1.022435053428344357e+21 2.483696013178070421e+22 3.312646124630430659e+22
1.468712080890717536e+21 3.567790806119665055e+22 4.758564615234598312e+22
1.924805688903363199e+21 4.675731708728223728e+22 6.236288427127181882e+22
2.405063219979176903e+21 5.842371628160003971e+22 7.792302814941974154e+22
3.009160592870936150e+21 7.309843445860841344e+22 9.749552801478384130e+22
3.490173180571776188e+21 8.478318131780812328e+22 1.130801354461076406e+23
3.800528334317875626e+21 9.232231518041739048e+22 1.231355114853220965e+23
4.557915572151374578e+21 1.107207446373245114e+23 1.476745359837541056e+23
4.980783592438117695e+21 1.209930500633901494e+23 1.613752876909488264e+23
5.435366805725733978e+21 1.320357772705108035e+23 1.761035896963236543e+23
6.013790001566784160e+21 1.460868189567224014e+23 1.948442566961139139e+23
6.273551998573980156e+21 1.523969475026200245e+23 2.032604395645558210e+23
7.070205558608569041e+21 1.717492393606042165e+23 2.290716859217237214e+23
7.308068802427676000e+21 1.775274117257160913e+23 2.367783536904711711e+23
7.799653027303814857e+21 1.894689583392680942e+23 2.527054778878550061e+23
8.511732926986059776e+21 2.067667801048399038e+23 2.757765721021441114e+23
8.816802262144509805e+21 2.141775073348735835e+23 2.856606942619281769e+23
9.506983971588619108e+21 2.309433639124603901e+23 3.080222913909213343e+23
9.802992064296799699e+21 2.381339732071067094e+23 3.176128328981963719e+23
1.038519152842540004e+22 2.522767352033293348e+23 3.364758176638660143e+23
1.075293633369805842e+22 2.612099673377903938e+23 3.483905768668344175e+23
1.144538279080478166e+22 2.780308579028236679e+23 3.708255646553552045e+23
1.171647134087481446e+22 2.846161293643558641e+23 3.796087368502322785e+23
1.250028795312153716e+22 3.036565739697424134e+23 4.050040667746132589e+23
1.278647932454195692e+22 3.106087266713187197e+23 4.142765460618048826e+23
1.331959518223175306e+22 3.235591696733942611e+23 4.315492917846514933e+23
1.363750202812802269e+22 3.312817261416270738e+23 4.418493123628239694e+23
1.450740269545211875e+22 3.524133001403928014e+23 4.700337035220369885e+23
1.493782184493907863e+22 3.628690371792812397e+23 4.839791177825882389e+23
1.528744303941129129e+22 3.713620334429675780e+23 4.953067156805385863e+23
1.580319076513813312e+22 3.838905792319510513e+23 5.120167276227459988e+23
