2.351614761352539062e+01 -1.762227267026901245e-01 2.123495340347290039e-01
2.334270286560058594e+01 -1.482987254858016968e-01 3.124472498893737793e-01
2.309514999389648438e+01 -1.085172370076179504e-01 4.542497992515563965e-01
2.302539062500000000e+01 -9.733512997627258301e-02 4.937578141689300537e-01
2.280370903015136719e+01 -6.182299181818962097e-02 6.188832521438598633e-01
2.262092399597167969e+01 -3.260001540184020996e-02 7.209075093269348145e-01
2.243948173522949219e+01 -3.634324297308921814e-03 8.211944699287414551e-01
2.233150482177734375e+01 1.358039118349552155e-02 8.802651166915893555e-01
2.213503646850585938e+01 4.488102346658706665e-02 9.870596528053283691e-01
2.202565574645996094e+01 6.228613853454589844e-02 1.045796394348144531e+00
2.185304641723632812e+01 8.973644673824310303e-02 1.137828588485717773e+00
2.164293670654296875e+01 1.231225281953811646e-01 1.248551726341247559e+00
2.148565864562988281e+01 1.480923593044281006e-01 1.330193161964416504e+00
2.136449813842773438e+01 1.673187315464019775e-01 1.392338991165161133e+00
2.125795173645019531e+01 1.842211782932281494e-01 1.446465730667114258e+00
2.106061935424804688e+01 2.155195772647857666e-01 1.545837402343750000e+00
2.100830459594726562e+01 2.238149791955947876e-01 1.571738481521606445e+00
2.085727500915527344e+01 2.477627992630004883e-01 1.646163105964660645e+00
2.065431976318359375e+01 2.799433469772338867e-01 1.744788527488708496e+00
2.055722999572753906e+01 2.953397929668426514e-01 1.791043043136596680e+00
2.034860038757324219e+01 3.284296691417694092e-01 1.889451861381530762e+00
2.026968574523925781e+01 3.409516811370849609e-01 1.925849437713623047e+00
2.013724708557128906e+01 3.619718551635742188e-01 1.986391186714172363e+00
1.997953796386718750e+01 3.870150446891784668e-01 2.057378530502319336e+00
1.984051513671875000e+01 4.091060161590576172e-01 2.118757486343383789e+00
1.974222946166992188e+01 4.247348606586456299e-01 2.161380529403686523e+00
1.964170265197753906e+01 4.407294094562530518e-01 2.204404592514038086e+00
1.945953559875488281e+01 4.697320759296417236e-01 2.281288862228393555e+00
1.938041877746582031e+01 4.823442101478576660e-01 2.313806056976318359e+00
1.927161598205566406e+01 4.996994137763977051e-01 2.357986688613891602e+00
1.910527801513671875e+01 5.262562632560729980e-01 2.424379825592041016e+00
1.903704071044921875e+01 5.371670722961425781e-01 2.450875043869018555e+00
1.883359336853027344e+01 5.697191953659057617e-01 2.528939962387084961e+00
1.874800872802734375e+01 5.834416151046752930e-01 2.560583353042602539e+00
1.859866714477539062e+01 6.074100732803344727e-01 2.614895105361938477e+00
1.854307937622070312e+01 6.163475513458251953e-01 2.634510040283203125e+00
1.837088203430175781e+01 6.440525650978088379e-01 2.694563388824462891e+00
1.833244895935058594e+01 6.502498984336853027e-01 2.707466840744018555e+00
1.822948455810546875e+01 6.668620109558105469e-01 2.741730690002441406e+00
1.811877822875976562e+01 6.847490668296813965e-01 2.777679204940795898e+00
1.797039413452148438e+01 7.087627053260803223e-01 2.824550390243530273e+00
1.789465713500976562e+01 7.210472822189331055e-01 2.847554206848144531e+00
1.774929809570312500e+01 7.446530461311340332e-01 2.890782833099365234e+00
1.765813446044921875e+01 7.594931721687316895e-01 2.916762590408325195e+00
1.755133819580078125e+01 7.769051790237426758e-01 2.946346044540405273e+00
1.742099761962890625e+01 7.981957793235778809e-01 2.981211900711059570e+00
1.735623168945312500e+01 8.088002800941467285e-01 2.997768402099609375e+00
1.720294189453125000e+01 8.339295387268066406e-01 3.036033153533935547e+00
1.711586952209472656e+01 8.482455015182495117e-01 3.056505441665649414e+00
1.698754882812500000e+01 8.693795204162597656e-01 3.085593938827514648e+00
1.693130302429199219e+01 8.786670565605163574e-01 3.097631216049194336e+00
1.678222084045410156e+01 9.033125638961791992e-01 3.128693342208862305e+00
1.671565246582031250e+01 9.143516421318054199e-01 3.141546964645385742e+00
1.658648109436035156e+01 9.358029365539550781e-01 3.165589809417724609e+00
1.656277084350585938e+01 9.397516250610351562e-01 3.169677257537841797e+00
1.641177177429199219e+01 9.649116396903991699e-01 3.195321321487426758e+00
1.630940055847167969e+01 9.820265769958496094e-01 3.211012363433837891e+00
1.627237510681152344e+01 9.882309436798095703e-01 3.216261863708496094e+00
1.613818550109863281e+01 1.010736465454101562e+00 3.234722852706909180e+00
1.602807044982910156e+01 1.029261350631713867e+00 3.248165607452392578e+00
1.595326042175292969e+01 1.041879057884216309e+00 3.256325721740722656e+00
1.589774513244628906e+01 1.051258802413940430e+00 3.261882305145263672e+00
1.576003932952880859e+01 1.074555397033691406e+00 3.274736166000366211e+00
1.571520805358886719e+01 1.082164406776428223e+00 3.278157472610473633e+00
1.557037925720214844e+01 1.106771230697631836e+00 3.288393259048461914e+00
1.553633689880371094e+01 1.112574934959411621e+00 3.290168762207031250e+00
1.544067859649658203e+01 1.128895998001098633e+00 3.294734239578247070e+00
1.534271335601806641e+01 1.145648002624511719e+00 3.298177242279052734e+00
1.523012447357177734e+01 1.164944291114807129e+00 3.300657749176025391e+00
1.511962985992431641e+01 1.183930635452270508e+00 3.301395177841186523e+00
1.509258747100830078e+01 1.188588976860046387e+00 3.301159858703613281e+00
1.500512027740478516e+01 1.203665137290954590e+00 3.300065279006958008e+00
1.490459918975830078e+01 1.221024990081787109e+00 3.297555685043334961e+00
1.478864192962646484e+01 1.241094350814819336e+00 3.292973279953002930e+00
1.472964096069335938e+01 1.251331329345703125e+00 3.289632081985473633e+00
1.465608406066894531e+01 1.264109253883361816e+00 3.284816026687622070e+00
1.455753993988037109e+01 1.281253457069396973e+00 3.277264356613159180e+00
1.449518013000488281e+01 1.292123794555664062e+00 3.271538972854614258e+00
1.440439319610595703e+01 1.307968258857727051e+00 3.262319326400756836e+00
1.432781314849853516e+01 1.321356177330017090e+00 3.253441333770751953e+00
1.421701145172119141e+01 1.340753555297851562e+00 3.239232301712036133e+00
1.412961483001708984e+01 1.356083273887634277e+00 3.226442575454711914e+00
1.406085681915283203e+01 1.368161320686340332e+00 3.215380907058715820e+00
1.400228691101074219e+01 1.378461003303527832e+00 3.205279350280761719e+00
1.391988945007324219e+01 1.392963767051696777e+00 3.190245389938354492e+00
1.386566066741943359e+01 1.402520298957824707e+00 3.179579496383666992e+00
1.374981117248535156e+01 1.422951698303222656e+00 3.155696153640747070e+00
1.368236637115478516e+01 1.434865236282348633e+00 3.140406131744384766e+00
1.358753490447998047e+01 1.451630830764770508e+00 3.117754220962524414e+00
1.355430126190185547e+01 1.457513093948364258e+00 3.109239339828491211e+00
1.344527816772460938e+01 1.476817011833190918e+00 3.080636262893676758e+00
1.337508583068847656e+01 1.489260435104370117e+00 3.060787200927734375e+00
1.332569217681884766e+01 1.498022794723510742e+00 3.046159744262695312e+00
1.322811412811279297e+01 1.515341281890869141e+00 3.016335010528564453e+00
1.313983058929443359e+01 1.531023979187011719e+00 2.987671852111816406e+00
1.306749057769775391e+01 1.543883681297302246e+00 2.962918996810913086e+00
1.300673103332519531e+01 1.554690599441528320e+00 2.941244363784790039e+00
1.297341918945312500e+01 1.560618162155151367e+00 2.928948879241943359e+00
1.285468196868896484e+01 1.581750631332397461e+00 2.884310960769653320e+00
1.279596996307373047e+01 1.592207551002502441e+00 2.860787391662597656e+00
1.274504184722900391e+01 1.601280927658081055e+00 2.839749574661254883e+00
1.268179702758789062e+01 1.612551450729370117e+00 2.812934875488281250e+00
1.261601829528808594e+01 1.624276757240295410e+00 2.784147024154663086e+00
1.255035495758056641e+01 1.635984539985656738e+00 2.754465103149414062e+00
1.244274902343750000e+01 1.655175209045410156e+00 2.704259157180786133e+00
1.240276908874511719e+01 1.662307739257812500e+00 2.684637069702148438e+00
1.234630775451660156e+01 1.672381520271301270e+00 2.656410694122314453e+00
1.225859928131103516e+01 1.688032150268554688e+00 2.611422300338745117e+00
1.218702030181884766e+01 1.700806617736816406e+00 2.573240518569946289e+00
1.213711929321289062e+01 1.709713220596313477e+00 2.545774459838867188e+00
1.207751083374023438e+01 1.720352768898010254e+00 2.512251377105712891e+00
1.200403690338134766e+01 1.733467698097229004e+00 2.469867229461669922e+00
1.191308689117431641e+01 1.749702334403991699e+00 2.415758132934570312e+00
1.187917423248291016e+01 1.755755782127380371e+00 2.394810914993286133e+00
1.179024028778076172e+01 1.771630048751831055e+00 2.339115381240844727e+00
1.174712657928466797e+01 1.779325127601623535e+00 2.311131954193115234e+00
1.168091201782226562e+01 1.791142821311950684e+00 2.267412424087524414e+00
1.160766124725341797e+01 1.804215192794799805e+00 2.217772245407104492e+00
1.155951213836669922e+01 1.812806844711303711e+00 2.184202194213867188e+00
1.149341869354248047e+01 1.824599504470825195e+00 2.137261390686035156e+00
1.142265605926513672e+01 1.837223649024963379e+00 2.085724830627441406e+00
1.136201000213623047e+01 1.848041296005249023e+00 2.040365457534790039e+00
1.128031826019287109e+01 1.862610816955566406e+00 1.977870106697082520e+00
1.125232791900634766e+01 1.867601633071899414e+00 1.955803751945495605e+00
1.115392875671386719e+01 1.885145664215087891e+00 1.877431988716125488e+00
1.109622097015380859e+01 1.895431876182556152e+00 1.829802513122558594e+00
1.103916931152343750e+01 1.905599236488342285e+00 1.781731247901916504e+00
1.100164222717285156e+01 1.912285804748535156e+00 1.749463558197021484e+00
1.091872406005859375e+01 1.927058458328247070e+00 1.677212953567504883e+00
1.089024162292480469e+01 1.932131409645080566e+00 1.651662230491638184e+00
1.083488655090332031e+01 1.941989660263061523e+00 1.601508975028991699e+00
1.078085517883300781e+01 1.951610326766967773e+00 1.551605343818664551e+00
1.068259525299072266e+01 1.969102978706359863e+00 1.459143996238708496e+00
1.065449047088623047e+01 1.974104523658752441e+00 1.431792855262756348e+00
1.057053375244140625e+01 1.989044308662414551e+00 1.349301934242248535e+00
1.054341888427734375e+01 1.993867874145507812e+00 1.321892619132995605e+00
1.045945835113525391e+01 2.008802413940429688e+00 1.236240386962890625e+00
1.040447616577148438e+01 2.018579721450805664e+00 1.178548693656921387e+00
1.034884834289550781e+01 2.028469800949096680e+00 1.119099736213684082e+00
1.031302547454833984e+01 2.034837484359741211e+00 1.080102443695068359e+00
1.024291324615478516e+01 2.047299146652221680e+00 1.002865433692932129e+00
1.018563175201416016e+01 2.057477951049804688e+00 9.382864236831665039e-01
1.015900325775146484e+01 2.062209129333496094e+00 9.076949357986450195e-01
1.010194683074951172e+01 2.072345495223999023e+00 8.415728807449340820e-01
1.003665637969970703e+01 2.083942651748657227e+00 7.644837498664855957e-01
1.000190830230712891e+01 2.090113639831542969e+00 7.225739955902099609e-01
9.931138038635253906e+00 2.102681159973144531e+00 6.362462639808654785e-01
9.907610893249511719e+00 2.106858491897583008e+00 6.068806648254394531e-01
9.837906837463378906e+00 2.119234085083007812e+00 5.192126035690307617e-01
9.803380012512207031e+00 2.125363349914550781e+00 4.747976958751678467e-01
9.745928764343261719e+00 2.135561704635620117e+00 4.000646770000457764e-01
9.697178840637207031e+00 2.144214868545532227e+00 3.354651033878326416e-01
9.624324798583984375e+00 2.157145738601684570e+00 2.373979091644287109e-01
9.600449562072753906e+00 2.161383152008056641e+00 2.044976800680160522e-01
9.527260780334472656e+00 2.174372673034667969e+00 1.028682515025138855e-01
9.479265213012695312e+00 2.182891130447387695e+00 3.463652729988098145e-02
9.442419052124023438e+00 2.189430952072143555e+00 -1.855827867984771729e-02
9.412624359130859375e+00 2.197475194931030273e+00 3.280733153223991394e-02
9.374282836914062500e+00 2.207749843597412109e+00 9.616503119468688965e-02
9.327269554138183594e+00 2.220236539840698242e+00 1.698335111141204834e-01
9.301452636718750000e+00 2.227025985717773438e+00 2.078099250793457031e-01
9.243103981018066406e+00 2.242295503616333008e+00 2.908110320568084717e-01
9.186414718627929688e+00 2.256977558135986328e+00 3.656250238418579102e-01
9.170614242553710938e+00 2.261033296585083008e+00 3.850497901439666748e-01
9.112132072448730469e+00 2.276011228561401367e+00 4.555789530277252197e-01
9.053309440612792969e+00 2.290956497192382812e+00 5.216265320777893066e-01
9.011116981506347656e+00 2.301599264144897461e+00 5.657494664192199707e-01
8.964920997619628906e+00 2.313197135925292969e+00 6.116781234741210938e-01
8.918722152709960938e+00 2.324739933013916016e+00 6.551352739334106445e-01
8.890413284301757812e+00 2.331781387329101562e+00 6.803255081176757812e-01
8.819643974304199219e+00 2.349339008331298828e+00 7.411873340606689453e-01
8.768378257751464844e+00 2.361980199813842773e+00 7.816044688224792480e-01
8.736232757568359375e+00 2.369874954223632812e+00 8.053789734840393066e-01
8.691632270812988281e+00 2.380802869796752930e+00 8.370540738105773926e-01
8.638452529907226562e+00 2.393791913986206055e+00 8.727134466171264648e-01
8.590405464172363281e+00 2.405486106872558594e+00 9.027394652366638184e-01
8.543639183044433594e+00 2.416834831237792969e+00 9.301084280014038086e-01
8.474465370178222656e+00 2.433575630187988281e+00 9.680005908012390137e-01
8.423970222473144531e+00 2.445749998092651367e+00 9.929546117782592773e-01
8.374964714050292969e+00 2.457535505294799805e+00 1.015323996543884277e+00
8.337039947509765625e+00 2.466635465621948242e+00 1.031282663345336914e+00
8.252978324890136719e+00 2.486771821975708008e+00 1.064385175704956055e+00
8.225565910339355469e+00 2.493315219879150391e+00 1.073575377464294434e+00
8.173587799072265625e+00 2.505709886550903320e+00 1.090035915374755859e+00
8.096401214599609375e+00 2.524081230163574219e+00 1.111793994903564453e+00
8.051023483276367188e+00 2.534853696823120117e+00 1.122285604476928711e+00
8.010554313659667969e+00 2.544447422027587891e+00 1.130459308624267578e+00
7.941785335540771484e+00 2.560731172561645508e+00 1.142575144767761230e+00
7.867350578308105469e+00 2.578323841094970703e+00 1.152459979057312012e+00
7.818282127380371094e+00 2.589900016784667969e+00 1.156700253486633301e+00
7.773432254791259766e+00 2.600469589233398438e+00 1.159216523170471191e+00
7.724859237670898438e+00 2.611906051635742188e+00 1.160601854324340820e+00
7.648768424987792969e+00 2.629805326461791992e+00 1.160505294799804688e+00
7.580903053283691406e+00 2.645748615264892578e+00 1.157258152961730957e+00
7.535396575927734375e+00 2.656428575515747070e+00 1.153189301490783691e+00
7.471578598022460938e+00 2.671397209167480469e+00 1.145698547363281250e+00
7.428414344787597656e+00 2.681514024734497070e+00 1.138931989669799805e+00
7.363430500030517578e+00 2.696738958358764648e+00 1.127001166343688965e+00
7.299433708190917969e+00 2.711724519729614258e+00 1.112646579742431641e+00
7.249083518981933594e+00 2.723510026931762695e+00 1.099309086799621582e+00
7.187358379364013672e+00 2.737955093383789062e+00 1.080958962440490723e+00
7.153138637542724609e+00 2.745961904525756836e+00 1.069406628608703613e+00
7.077059268951416016e+00 2.763762950897216797e+00 1.041993618011474609e+00
7.034614562988281250e+00 2.773694515228271484e+00 1.024520516395568848e+00
6.969237327575683594e+00 2.788994073867797852e+00 9.956845045089721680e-01
6.951018810272216797e+00 2.793258905410766602e+00 9.868059158325195312e-01
6.870395183563232422e+00 2.812134504318237305e+00 9.464490413665771484e-01
6.808962345123291016e+00 2.826526403427124023e+00 9.120374321937561035e-01
6.784566879272460938e+00 2.832245588302612305e+00 8.972175717353820801e-01
6.711555480957031250e+00 2.849368333816528320e+00 8.514478206634521484e-01
6.652996063232421875e+00 2.863117694854736328e+00 8.112500309944152832e-01
6.623771667480468750e+00 2.869987249374389648e+00 7.897230982780456543e-01
6.568213939666748047e+00 2.883055925369262695e+00 7.473522424697875977e-01
6.511543750762939453e+00 2.896405220031738281e+00 7.012403011322021484e-01
6.464196205139160156e+00 2.907577037811279297e+00 6.601232290267944336e-01
6.434195518493652344e+00 2.914667367935180664e+00 6.326255202293395996e-01
6.383728504180908203e+00 2.926608085632324219e+00 5.847607851028442383e-01
6.336290359497070312e+00 2.937855243682861328e+00 5.371223688125610352e-01
6.283714771270751953e+00 2.950347661972045898e+00 4.814060926437377930e-01
6.238702297210693359e+00 2.961071729660034180e+00 4.307618141174316406e-01
6.176227092742919922e+00 2.975994825363159180e+00 3.567312955856323242e-01
6.138637542724609375e+00 2.985009431838989258e+00 3.088319897651672363e-01
6.089475154876708984e+00 2.996831893920898438e+00 2.433094978332519531e-01
6.070962429046630859e+00 3.001301527023315430e+00 2.171169221401214600e-01
6.016276836395263672e+00 3.014526128768920898e+00 1.379314363002777100e-01
5.981693267822265625e+00 3.022933483123779297e+00 8.426083624362945557e-02
5.926634311676025391e+00 3.036369085311889648e+00 -5.181044340133666992e-03
5.893640995025634766e+00 3.044474601745605469e+00 -6.296159327030181885e-02
5.841108798980712891e+00 3.059312582015991211e+00 1.017200201749801636e-02
5.824680328369140625e+00 3.063917160034179688e+00 3.159785643219947815e-02
5.750408172607421875e+00 3.084687471389770508e+00 1.265677064657211304e-01
5.707593917846679688e+00 3.096546888351440430e+00 1.766429245471954346e-01
5.645023345947265625e+00 3.113793611526489258e+00 2.462786138057708740e-01
5.606022357940673828e+00 3.124472141265869141e+00 2.866702377796173096e-01
5.551597595214843750e+00 3.139316558837890625e+00 3.406040072441101074e-01
5.518637180328369141e+00 3.148261308670043945e+00 3.713199496269226074e-01
5.437132358551025391e+00 3.170317173004150391e+00 4.445192515850067139e-01
5.398819446563720703e+00 3.180615901947021484e+00 4.758837521076202393e-01
5.353680133819580078e+00 3.192714929580688477e+00 5.112658143043518066e-01
5.294283866882324219e+00 3.208584070205688477e+00 5.554774999618530273e-01
5.194849014282226562e+00 3.235043525695800781e+00 6.245437264442443848e-01
5.164414405822753906e+00 3.243091344833374023e+00 6.432904601097106934e-01
5.079694271087646484e+00 3.265454530715942383e+00 6.935543417930603027e-01
5.014464378356933594e+00 3.282591581344604492e+00 7.282631397247314453e-01
4.953792572021484375e+00 3.298477411270141602e+00 7.578260898590087891e-01
4.894783020019531250e+00 3.313881874084472656e+00 7.842044234275817871e-01
4.831522941589355469e+00 3.330350160598754883e+00 8.100821971893310547e-01
4.798933029174804688e+00 3.338810205459594727e+00 8.221246600151062012e-01
4.742507934570312500e+00 3.353437185287475586e+00 8.418510556221008301e-01
4.653869628906250000e+00 3.376360654830932617e+00 8.698307871818542480e-01
4.597248077392578125e+00 3.390952110290527344e+00 8.847563266754150391e-01
4.552641868591308594e+00 3.402422428131103516e+00 8.950679302215576172e-01
4.457668304443359375e+00 3.426804780960083008e+00 9.146311879158020020e-01
4.398245334625244141e+00 3.442008972167968750e+00 9.237313866615295410e-01
4.316874980926513672e+00 3.462787151336669922e+00 9.335474967956542969e-01
4.264330387115478516e+00 3.476169109344482422e+00 9.375717043876647949e-01
4.200161457061767578e+00 3.492484807968139648e+00 9.406766295433044434e-01
4.141046047210693359e+00 3.507486581802368164e+00 9.415107965469360352e-01
4.073664665222167969e+00 3.524556159973144531e+00 9.403408169746398926e-01
3.981388568878173828e+00 3.547887563705444336e+00 9.354320764541625977e-01
3.958298206329345703e+00 3.553710937500000000e+00 9.330695271492004395e-01
3.875782966613769531e+00 3.574508666992187500e+00 9.236078262329101562e-01
3.798583984375000000e+00 3.593924522399902344e+00 9.113388657569885254e-01
3.744351387023925781e+00 3.607537746429443359e+00 9.004523158073425293e-01
3.686420440673828125e+00 3.622060060501098633e+00 8.871020674705505371e-01
3.620602130889892578e+00 3.638536691665649414e+00 8.698220252990722656e-01
3.558075904846191406e+00 3.654165267944335938e+00 8.510945439338684082e-01
3.487343072891235352e+00 3.671820163726806641e+00 8.273811340332031250e-01
3.395510911941528320e+00 3.694705724716186523e+00 7.928063869476318359e-01
3.350227832794189453e+00 3.705968618392944336e+00 7.732661962509155273e-01
3.300038576126098633e+00 3.718440055847167969e+00 7.502038478851318359e-01
3.229512214660644531e+00 3.735947370529174805e+00 7.155615687370300293e-01
3.180829763412475586e+00 3.748015403747558594e+00 6.894212365150451660e-01
3.079113006591796875e+00 3.773206949234008789e+00 6.314799189567565918e-01
3.042233228683471680e+00 3.782323360443115234e+00 6.078580021858215332e-01
2.953956604003906250e+00 3.804130315780639648e+00 5.489245653152465820e-01
2.924535989761352539e+00 3.811386823654174805e+00 5.273040533065795898e-01
2.842430591583251953e+00 3.831628322601318359e+00 4.650240838527679443e-01
2.811370134353637695e+00 3.839275360107421875e+00 4.393339157104492188e-01
2.762277603149414062e+00 3.851356267929077148e+00 3.973785936832427979e-01
2.707761526107788086e+00 3.864762306213378906e+00 3.483327031135559082e-01
2.626725912094116211e+00 3.884674787521362305e+00 2.711618542671203613e-01
2.585404396057128906e+00 3.894818067550659180e+00 2.283485531806945801e-01
2.526629686355590820e+00 3.909239530563354492e+00 1.647284775972366333e-01
2.459185838699340820e+00 3.925778627395629883e+00 8.700206875801086426e-02
2.431776046752929688e+00 3.932496547698974609e+00 5.301545560359954834e-02
2.379715681076049805e+00 3.945254087448120117e+00 -1.354625076055526733e-02
2.296921968460083008e+00 3.967924833297729492e+00 7.844454795122146606e-02
2.253678321838378906e+00 3.979671478271484375e+00 1.221818029880523682e-01
2.176048994064331055e+00 4.000679492950439453e+00 1.970454305410385132e-01
2.135796785354614258e+00 4.011504650115966797e+00 2.326898872852325439e-01
2.070618391036987305e+00 4.028980731964111328e+00 2.879446744918823242e-01
2.017352581024169922e+00 4.043197631835937500e+00 3.300069868564605713e-01
1.911288380622863770e+00 4.071407794952392578e+00 4.090332984924316406e-01
1.844007372856140137e+00 4.089187145233154297e+00 4.535624980926513672e-01
1.769673347473144531e+00 4.108757019042968750e+00 4.991354644298553467e-01
1.731845378875732422e+00 4.118677616119384766e+00 5.203930735588073730e-01
1.636987090110778809e+00 4.143507957458496094e+00 5.713362097740173340e-01
1.587837219238281250e+00 4.156315803527832031e+00 5.947678685188293457e-01
1.512386322021484375e+00 4.175934791564941406e+00 6.284893751144409180e-01
1.416119933128356934e+00 4.200885772705078125e+00 6.672406196594238281e-01
1.380139231681823730e+00 4.210175514221191406e+00 6.797653436660766602e-01
1.302089333534240723e+00 4.230298995971679688e+00 7.053974866867065430e-01
1.220146417617797852e+00 4.251365184783935547e+00 7.288743853569030762e-01
1.114206790924072266e+00 4.278521537780761719e+00 7.546926140785217285e-01
1.062312602996826172e+00 4.291776657104492188e+00 7.645448446273803711e-01
9.852305054664611816e-01 4.311432361602783203e+00 7.771899700164794922e-01
8.667172789573669434e-01 4.341580867767333984e+00 7.921462059020996094e-01
8.265265822410583496e-01 4.351768970489501953e+00 7.949163317680358887e-01
7.560250163078308105e-01 4.369619846343994141e+00 7.984216213226318359e-01
6.529632806777954102e-01 4.395664215087890625e+00 8.000897765159606934e-01
5.621151328086853027e-01 4.418558597564697266e+00 7.971291542053222656e-01
5.290613770484924316e-01 4.426868915557861328e+00 7.946329712867736816e-01
4.145782887935638428e-01 4.455628871917724609e+00 7.841944694519042969e-01
3.720828294754028320e-01 4.466274738311767578e+00 7.780091166496276855e-01
2.615387141704559326e-01 4.493940353393554688e+00 7.596669197082519531e-01
1.993924975395202637e-01 4.509454250335693359e+00 7.460362911224365234e-01
1.173287332057952881e-01 4.529912948608398438e+00 7.255313396453857422e-01
2.869173884391784668e-02 4.551971435546875000e+00 6.997578144073486328e-01
-7.805384695529937744e-02 4.578488349914550781e+00 6.639006137847900391e-01
-1.420477181673049927e-01 4.594351768493652344e+00 6.388261318206787109e-01
-2.327596694231033325e-01 4.616811275482177734e+00 6.001381874084472656e-01
-2.919758856296539307e-01 4.631448268890380859e+00 5.718871355056762695e-01
-3.280833065509796143e-01 4.640364170074462891e+00 5.534233450889587402e-01
-4.185627400875091553e-01 4.662692546844482422e+00 5.052145123481750488e-01
-5.302888751029968262e-01 4.690223217010498047e+00 4.395067095756530762e-01
-5.875704884529113770e-01 4.704313755035400391e+00 4.016772210597991943e-01
-6.784923672676086426e-01 4.726660728454589844e+00 3.380403816699981689e-01
-7.023881077766418457e-01 4.732526779174804688e+00 3.197405338287353516e-01
-7.799131274223327637e-01 4.751552581787109375e+00 2.589485943317413330e-01
-8.517580628395080566e-01 4.769168376922607422e+00 1.981837004423141479e-01
-9.166736006736755371e-01 4.785073280334472656e+00 1.393009573221206665e-01
-9.782025814056396484e-01 4.800139904022216797e+00 7.983028888702392578e-02
-1.051981806755065918e+00 4.818198204040527344e+00 4.051163792610168457e-03
-1.124016046524047852e+00 4.835822582244873047e+00 -7.560168951749801636e-02
-1.177915811538696289e+00 4.849770545959472656e+00 -2.283252775669097900e-02
-1.238999962806701660e+00 4.865527629852294922e+00 3.369478136301040649e-02
-1.354256868362426758e+00 4.895159721374511719e+00 1.338276863098144531e-01
-1.418277382850646973e+00 4.911524295806884766e+00 1.831974536180496216e-01
-1.506157279014587402e+00 4.933923721313476562e+00 2.466675192117691040e-01
-1.583018779754638672e+00 4.953443050384521484e+00 2.973461449146270752e-01
-1.697909951210021973e+00 4.982534408569335938e+00 3.672099411487579346e-01
-1.762317180633544922e+00 4.998776435852050781e+00 4.017579853534698486e-01
-1.876928687095642090e+00 5.027617931365966797e+00 4.589241147041320801e-01
-1.937761187553405762e+00 5.042872428894042969e+00 4.853845536708831787e-01
-2.013454675674438477e+00 5.061820507049560547e+00 5.158746838569641113e-01
-2.110834121704101562e+00 5.086146831512451172e+00 5.513226985931396484e-01
-2.217344999313354492e+00 5.112688064575195312e+00 5.849654078483581543e-01
-2.313177824020385742e+00 5.136507034301757812e+00 6.103759407997131348e-01
-2.421485662460327148e+00 5.163368701934814453e+00 6.343147158622741699e-01
-2.482745647430419922e+00 5.178527355194091797e+00 6.448813676834106445e-01
-2.614228248596191406e+00 5.211022377014160156e+00 6.640241742134094238e-01
-2.722133874893188477e+00 5.237624168395996094e+00 6.736043095588684082e-01
-2.813083887100219727e+00 5.260003566741943359e+00 6.775100231170654297e-01
-2.896972417831420898e+00 5.280614376068115234e+00 6.778996586799621582e-01
-3.036995410919189453e+00 5.314972877502441406e+00 6.736233830451965332e-01
-3.089971303939819336e+00 5.327945232391357422e+00 6.688987612724304199e-01
-3.165887832641601562e+00 5.346522331237792969e+00 6.604350805282592773e-01
-3.322249174118041992e+00 5.384748458862304688e+00 6.379835605621337891e-01
-3.373178958892822266e+00 5.397176265716552734e+00 6.272699236869812012e-01
-3.511710166931152344e+00 5.430963039398193359e+00 5.950538516044616699e-01
-3.568034887313842773e+00 5.444681644439697266e+00 5.785043835639953613e-01
-3.653197288513183594e+00 5.465415000915527344e+00 5.512993931770324707e-01
-3.761422872543334961e+00 5.491746425628662109e+00 5.124545097351074219e-01
-3.874237298965454102e+00 5.519175529479980469e+00 4.661305248737335205e-01
-3.948662519454956055e+00 5.537261009216308594e+00 4.313895106315612793e-01
-4.049463272094726562e+00 5.561749935150146484e+00 3.804318606853485107e-01
-4.183907985687255859e+00 5.594406604766845703e+00 3.051200211048126221e-01
-4.274714469909667969e+00 5.616463661193847656e+00 2.472156584262847900e-01
-4.366858005523681641e+00 5.638851642608642578e+00 1.832518875598907471e-01
-4.455410003662109375e+00 5.660377979278564453e+00 1.163578703999519348e-01
-4.511822700500488281e+00 5.674101829528808594e+00 7.017038762569427490e-02
-4.625227928161621094e+00 5.701708316802978516e+00 -2.758497744798660278e-02
-4.697453975677490234e+00 5.719540119171142578e+00 2.951469272375106812e-02
-4.794914722442626953e+00 5.743583202362060547e+00 1.011381596326828003e-01
-4.921058654785156250e+00 5.774672508239746094e+00 1.851004958152770996e-01
-4.986307621002197266e+00 5.790736675262451172e+00 2.232131958007812500e-01
-5.148490428924560547e+00 5.830646991729736328e+00 3.116495907306671143e-01
-5.230738639831542969e+00 5.850866317749023438e+00 3.490820825099945068e-01
-5.319737434387207031e+00 5.872736454010009766e+00 3.858313858509063721e-01
-5.438162326812744141e+00 5.901827812194824219e+00 4.295533001422882080e-01
-5.564043045043945312e+00 5.932739734649658203e+00 4.690283834934234619e-01
-5.759258270263671875e+00 5.980667114257812500e+00 5.192443728446960449e-01
-5.895833969116210938e+00 6.014194011688232422e+00 5.430124402046203613e-01
-5.959028720855712891e+00 6.029709815979003906e+00 5.504837036132812500e-01
-6.080878734588623047e+00 6.059631347656250000e+00 5.618010759353637695e-01
-6.202744483947753906e+00 6.089569091796875000e+00 5.672348141670227051e-01
-6.395715713500976562e+00 6.137001514434814453e+00 5.666227340698242188e-01
-6.462325096130371094e+00 6.153393268585205078e+00 5.614097714424133301e-01
-6.667788028717041016e+00 6.203984260559082031e+00 5.399777889251708984e-01
-6.771650314331054688e+00 6.229608058929443359e+00 5.207529067993164062e-01
-6.925693035125732422e+00 6.267661571502685547e+00 4.857996106147766113e-01
-7.019499778747558594e+00 6.290886402130126953e+00 4.585688412189483643e-01
-7.161865711212158203e+00 6.326191902160644531e+00 4.115595221519470215e-01
-7.281477451324462891e+00 6.355937480926513672e+00 3.645822703838348389e-01
-7.427836418151855469e+00 6.392436981201171875e+00 2.990276813507080078e-01
-7.551147460937500000e+00 6.423310756683349609e+00 2.350129187107086182e-01
-7.647971630096435547e+00 6.447649955749511719e+00 1.785196661949157715e-01
-7.770379066467285156e+00 6.478532314300537109e+00 1.004894748330116272e-01
-7.912418842315673828e+00 6.514555931091308594e+00 -4.449635744094848633e-04
-8.024590492248535156e+00 6.543209552764892578e+00 -9.063680469989776611e-02
-8.137390136718750000e+00 6.571516513824462891e+00 -6.981156766414642334e-03
-8.208280563354492188e+00 6.589362621307373047e+00 4.008025303483009338e-02
-8.372320175170898438e+00 6.630735874176025391e+00 1.416484564542770386e-01
-8.627821922302246094e+00 6.695440292358398438e+00 2.755446434020996094e-01
-8.692600250244140625e+00 6.711941719055175781e+00 3.011004030704498291e-01
-8.881447792053222656e+00 6.760119438171386719e+00 3.699911832809448242e-01
-9.060424804687500000e+00 6.805974006652832031e+00 4.205117225646972656e-01
-9.294458389282226562e+00 6.866183280944824219e+00 4.694445431232452393e-01
-9.475974082946777344e+00 6.913143634796142578e+00 4.909322559833526611e-01
-9.620322227478027344e+00 6.950664043426513672e+00 4.982384145259857178e-01
-9.796514511108398438e+00 6.996645927429199219e+00 4.978111088275909424e-01
-1.007007980346679688e+01 7.068414211273193359e+00 4.795475304126739502e-01
-1.028553199768066406e+01 7.125438213348388672e+00 4.435618221759796143e-01
-1.034115314483642578e+01 7.140278816223144531e+00 4.297507107257843018e-01
-1.054093837738037109e+01 7.193710327148437500e+00 3.758055567741394043e-01
-1.080151462554931641e+01 7.264019966125488281e+00 2.846538722515106201e-01
-1.100564861297607422e+01 7.319839000701904297e+00 1.905227750539779663e-01
-1.117945194244384766e+01 7.367969512939453125e+00 9.360922127962112427e-02
-1.134000682830810547e+01 7.413003444671630859e+00 -1.055772602558135986e-02
-1.152638244628906250e+01 7.466012477874755859e+00 -1.490248292684555054e-01
-1.164250373840332031e+01 7.498730659484863281e+00 -7.661314308643341064e-02
-1.187854480743408203e+01 7.565709114074707031e+00 5.433441698551177979e-02
-1.226591110229492188e+01 7.677068710327148438e+00 2.210394293069839478e-01
-1.261291980743408203e+01 7.778740882873535156e+00 3.103176355361938477e-01
-1.286422061920166016e+01 7.853586196899414062e+00 3.409042060375213623e-01
-1.327712821960449219e+01 7.978097915649414062e+00 3.529345095157623291e-01
-1.355572986602783203e+01 8.063924789428710938e+00 3.197309970855712891e-01
-1.385173511505126953e+01 8.156639099121093750e+00 2.541727423667907715e-01
-1.400581932067871094e+01 8.205874443054199219e+00 2.024447768926620483e-01
-1.432847118377685547e+01 8.310228347778320312e+00 7.349841296672821045e-02
-1.478925609588623047e+01 8.463526725769042969e+00 -1.773881465196609497e-01
-1.515366840362548828e+01 8.597867012023925781e+00 -9.292332828044891357e-02
-1.577531337738037109e+01 8.832289695739746094e+00 -4.163931682705879211e-02
-1.705290603637695312e+01 9.333588600158691406e+00 -2.387989610433578491e-01
-2.215063476562500000e+01 1.184993171691894531e+01 -3.852505207061767578e+00
-2.032348510742187500e+03 1.452578613281250000e+03 -1.277242187500000000e+03
-5.502666801152000000e+14 4.740523847843840000e+14 -8.227548068577280000e+14
-9.669278658579852336e+28 1.841845332058397615e+29 3.599433445750797760e+29
-3.735042432830157010e+29 7.114667474901348376e+29 1.390386794064604628e+30
-6.692005096583593501e+29 1.274721607347155368e+30 2.491129771090834386e+30
-9.278834342249486643e+29 1.767471913404250724e+30 3.454088752372490723e+30
-1.020751680088333685e+30 1.944371308505365278e+30 3.799795295369674408e+30
-1.312191356431746088e+30 2.499517902890230490e+30 4.884692579446760317e+30
-1.524159271708241805e+30 2.903283410605861645e+30 5.673753021743040513e+30
-1.902676363681221429e+30 3.624299160913677534e+30 7.082800190296306750e+30
-2.074541036090823408e+30 3.951674459476589693e+30 7.722574614368745041e+30
-2.257987217852333535e+30 4.301110538627284508e+30 8.405461751020280238e+30
-2.429419699281423284e+30 4.627662558707039104e+30 9.043627094826811457e+30
-2.759363511863834174e+30 5.256153775873559158e+30 1.027185825085486665e+31
-3.000155543225946591e+30 5.714824463075718118e+30 1.116821750873395306e+31
-3.265363947135360770e+30 6.220004339947181284e+30 1.215546743650912614e+31
-3.400020754016046048e+30 6.476504548946456385e+30 1.265673402050249675e+31
-3.761554553843624458e+30 7.165169746552839702e+30 1.400255980885610615e+31
-3.893575297974640037e+30 7.416648682160345441e+30 1.449401354197166482e+31
-4.099666020379079234e+30 7.809218932323435322e+30 1.526119544924746926e+31
-4.342186513431785667e+30 8.271182733458224532e+30 1.616398981926436435e+31
-4.606746630870431501e+30 8.775128297067861162e+30 1.714882673110358663e+31
-4.917027718343992803e+30 9.366164876722535677e+30 1.830386226445725448e+31
-5.112314572929990964e+30 9.738156187121235533e+30 1.903082683649193906e+31
-5.315726013486709239e+30 1.012562295693682226e+31 1.978803510575592281e+31
-5.471471322364752109e+30 1.042229335307025226e+31 2.036780570569760860e+31
-5.701762019594782049e+30 1.086096175812397737e+31 2.122507434719945598e+31
-6.000072928065429101e+30 1.142919678789490036e+31 2.233555008376794821e+31
-6.274917981914446392e+30 1.195273420333721167e+31 2.335867367631436580e+31
-6.511820898914858547e+30 1.240399719757968199e+31 2.424055604750356703e+31
-6.646996334972158501e+30 1.266148509897358225e+31 2.474375207710504259e+31
-6.856371406597035743e+30 1.306031093579026803e+31 2.552316106012042940e+31
-7.141977109166442849e+30 1.360434447957832576e+31 2.658634120077395811e+31
-7.473951766010078864e+30 1.423670456159906753e+31 2.782213418780370280e+31
-7.637432991207835745e+30 1.454811055454778024e+31 2.843070019184278944e+31
-7.828312102255518968e+30 1.491170466620343689e+31 2.914125601372784466e+31
-8.061714574545236964e+30 1.535629922562491291e+31 3.001010616458160019e+31
-8.258903069445488936e+30 1.573191247777917820e+31 3.074414899729012842e+31
-8.555053023013574837e+30 1.629603111513431338e+31 3.184658054145490491e+31
-8.846924588106044566e+30 1.685200038353942635e+31 3.293308569687207827e+31
-9.112608402094022198e+30 1.735808574584978087e+31 3.392210549204716717e+31
-9.258587403738308286e+30 1.763615319147098096e+31 3.446552006581558221e+31
-9.429198873420152250e+30 1.796114146600306403e+31 3.510062924515012765e+31
-9.757803045078702679e+30 1.858708094299583250e+31 3.632387358217227249e+31
-1.000429939292066672e+31 1.905661805992759756e+31 3.724146762207288987e+31
-1.010974311183327430e+31 1.925747141345001128e+31 3.763398649288864613e+31
-1.048718002858642825e+31 1.997642926978138817e+31 3.903901216970296430e+31
-1.071604540227513254e+31 2.041238121851843921e+31 3.989097120900506423e+31
-1.088250844300696890e+31 2.072946553604188183e+31 4.051063756991985240e+31
-1.113159793673200633e+31 2.120394232387259226e+31 4.143788609141591220e+31
-1.139278756898556658e+31 2.170146607352843598e+31 4.241017677109917386e+31
-1.161875756533629383e+31 2.213190169375058547e+31 4.325135702779358976e+31
-1.172882542550892736e+31 2.234156328079471138e+31 4.366109100228065834e+31
-1.198124188308954424e+31 2.282237725777184170e+31 4.460072617772448964e+31
-1.222147236840844567e+31 2.327997744116073190e+31 4.549499278500982313e+31
-1.256442407169418251e+31 2.393324710415752830e+31 4.677164746474254229e+31
-1.273853598608672064e+31 2.426490381351060567e+31 4.741978644656089420e+31
-1.299091013126365101e+31 2.474563558353200219e+31 4.835925720809325791e+31
-1.326588514463827687e+31 2.526941961984151488e+31 4.938286437096752135e+31
-1.341843344918634886e+31 2.555999944769572638e+31 4.995073067836346188e+31
-1.372698637720077105e+31 2.614774291341777064e+31 5.109933109957932106e+31
-1.390278353418585196e+31 2.648260811189610524e+31 5.175374198854983366e+31
-1.412343788370773369e+31 2.690292018730480182e+31 5.257513454742879731e+31
-1.437900963767754476e+31 2.738974252560541684e+31 5.352651081043272589e+31
