2.357049369812011719e+01 -1.966659426689147949e-01 1.826920807361602783e-01
2.334881210327148438e+01 -1.505021899938583374e-01 3.234607577323913574e-01
2.318135452270507812e+01 -1.157113835215568542e-01 4.287050068378448486e-01
2.307646560668945312e+01 -9.395539760589599609e-02 4.940820932388305664e-01
2.295681190490722656e+01 -6.916103512048721313e-02 5.682585835456848145e-01
2.272254753112792969e+01 -2.066905796527862549e-02 7.125598192214965820e-01
2.257974052429199219e+01 8.832318708300590515e-03 7.993770837783813477e-01
2.252081871032714844e+01 2.099104225635528564e-02 8.348941802978515625e-01
2.227097702026367188e+01 7.252515107393264771e-02 9.849505424499511719e-01
2.219177055358886719e+01 8.883368223905563354e-02 1.031765818595886230e+00
2.205279922485351562e+01 1.174343153834342957e-01 1.113467574119567871e+00
2.190800094604492188e+01 1.472099572420120239e-01 1.197773098945617676e+00
2.177028083801269531e+01 1.755080074071884155e-01 1.277115464210510254e+00
2.160973548889160156e+01 2.084746658802032471e-01 1.368644952774047852e+00
2.146615982055664062e+01 2.379364371299743652e-01 1.449460744857788086e+00
2.134794616699218750e+01 2.621812820434570312e-01 1.515209197998046875e+00
2.121593093872070312e+01 2.892470359802246094e-01 1.587884306907653809e+00
2.105007362365722656e+01 3.232390880584716797e-01 1.678107619285583496e+00
2.099634742736816406e+01 3.342465162277221680e-01 1.706879854202270508e+00
2.076985740661621094e+01 3.806458115577697754e-01 1.827534675598144531e+00
2.066685295104980469e+01 4.017419815063476562e-01 1.881152510643005371e+00
2.054220962524414062e+01 4.272693991661071777e-01 1.945317506790161133e+00
2.044660186767578125e+01 4.468508362770080566e-01 1.993854284286499023e+00
2.027034950256347656e+01 4.829517304897308350e-01 2.082345247268676758e+00
2.024263763427734375e+01 4.886290431022644043e-01 2.095964908599853516e+00
2.011455345153808594e+01 5.148704051971435547e-01 2.158694744110107422e+00
1.992598152160644531e+01 5.535143017768859863e-01 2.249539375305175781e+00
1.981490898132324219e+01 5.762875080108642578e-01 2.301697254180908203e+00
1.974200057983398438e+01 5.912415981292724609e-01 2.335394382476806641e+00
1.959694480895996094e+01 6.210023760795593262e-01 2.401719570159912109e+00
1.948871421813964844e+01 6.432215571403503418e-01 2.450118303298950195e+00
1.937633895874023438e+01 6.663036942481994629e-01 2.499504804611206055e+00
1.925841140747070312e+01 6.905408501625061035e-01 2.550367355346679688e+00
1.911264228820800781e+01 7.205205559730529785e-01 2.611958026885986328e+00
1.900407600402832031e+01 7.428699135780334473e-01 2.656621456146240234e+00
1.889636421203613281e+01 7.650600075721740723e-01 2.700016736984252930e+00
1.882631683349609375e+01 7.795026302337646484e-01 2.727634429931640625e+00
1.873944854736328125e+01 7.974234223365783691e-01 2.761388540267944336e+00
1.861334800720214844e+01 8.234562277793884277e-01 2.809481143951416016e+00
1.850346565246582031e+01 8.461656570434570312e-01 2.850219488143920898e+00
1.842562484741210938e+01 8.622691035270690918e-01 2.878340005874633789e+00
1.829643821716308594e+01 8.890149593353271484e-01 2.924125909805297852e+00
1.819556236267089844e+01 9.099264740943908691e-01 2.958709955215454102e+00
1.807197380065917969e+01 9.355736970901489258e-01 2.999938964843750000e+00
1.802515983581542969e+01 9.453016519546508789e-01 3.015014648437500000e+00
1.788922309875488281e+01 9.735645651817321777e-01 3.058185577392578125e+00
1.781024742126464844e+01 9.900104403495788574e-01 3.082228422164916992e+00
1.773761367797851562e+01 1.005150318145751953e+00 3.103774547576904297e+00
1.762613868713378906e+01 1.028406858444213867e+00 3.136031150817871094e+00
1.754992294311523438e+01 1.044330239295959473e+00 3.157220363616943359e+00
1.743435668945312500e+01 1.068498730659484863e+00 3.188436269760131836e+00
1.735877799987792969e+01 1.084329009056091309e+00 3.207929849624633789e+00
1.720038795471191406e+01 1.117539167404174805e+00 3.247497558593750000e+00
1.716864585876464844e+01 1.124209642410278320e+00 3.254876136779785156e+00
1.702321052551269531e+01 1.154785394668579102e+00 3.288166522979736328e+00
1.692532730102539062e+01 1.175407886505126953e+00 3.308958053588867188e+00
1.686646270751953125e+01 1.187827944755554199e+00 3.320793390274047852e+00
1.680595397949218750e+01 1.200606226921081543e+00 3.332540035247802734e+00
1.667744827270507812e+01 1.227769255638122559e+00 3.356562137603759766e+00
1.661421394348144531e+01 1.241162061691284180e+00 3.367400169372558594e+00
1.652984428405761719e+01 1.259048938751220703e+00 3.381203651428222656e+00
1.641482353210449219e+01 1.283466577529907227e+00 3.398811578750610352e+00
1.634245109558105469e+01 1.298858523368835449e+00 3.408833742141723633e+00
1.623024559020996094e+01 1.322749614715576172e+00 3.423323154449462891e+00
1.615412330627441406e+01 1.338987112045288086e+00 3.432031869888305664e+00
1.605286788940429688e+01 1.360612154006958008e+00 3.442586660385131836e+00
1.602038383483886719e+01 1.367561101913452148e+00 3.445526599884033203e+00
1.592434692382812500e+01 1.388115882873535156e+00 3.453790187835693359e+00
1.581873035430908203e+01 1.410755753517150879e+00 3.461469888687133789e+00
1.571516227722167969e+01 1.432994008064270020e+00 3.467454671859741211e+00
1.563754749298095703e+01 1.449687004089355469e+00 3.470782279968261719e+00
1.556466007232666016e+01 1.465382218360900879e+00 3.473079442977905273e+00
1.549047279357910156e+01 1.481375336647033691e+00 3.474615812301635742e+00
1.540614795684814453e+01 1.499574422836303711e+00 3.475422382354736328e+00
1.535284519195556641e+01 1.511092901229858398e+00 3.475247621536254883e+00
1.524889659881591797e+01 1.533573627471923828e+00 3.474052190780639648e+00
1.517624473571777344e+01 1.549309730529785156e+00 3.472036361694335938e+00
1.510450458526611328e+01 1.564864158630371094e+00 3.469218492507934570e+00
1.499514293670654297e+01 1.588599205017089844e+00 3.463661432266235352e+00
1.492127513885498047e+01 1.604654788970947266e+00 3.458588600158691406e+00
1.489061546325683594e+01 1.611325144767761230e+00 3.456107139587402344e+00
1.475820922851562500e+01 1.640142679214477539e+00 3.444710969924926758e+00
1.472819328308105469e+01 1.646686315536499023e+00 3.441452503204345703e+00
1.465339660644531250e+01 1.662997841835021973e+00 3.432945728302001953e+00
1.453437232971191406e+01 1.688976645469665527e+00 3.417860984802246094e+00
1.448955440521240234e+01 1.698771715164184570e+00 3.411237716674804688e+00
1.439402008056640625e+01 1.719660162925720215e+00 3.396351337432861328e+00
1.435085010528564453e+01 1.729108095169067383e+00 3.388875722885131836e+00
1.424331665039062500e+01 1.752651691436767578e+00 3.369400978088378906e+00
1.417294120788574219e+01 1.768074512481689453e+00 3.355246782302856445e+00
1.411876296997070312e+01 1.779954433441162109e+00 3.343629121780395508e+00
1.403616714477539062e+01 1.798073172569274902e+00 3.325062274932861328e+00
1.395000648498535156e+01 1.816985130310058594e+00 3.304317235946655273e+00
1.390810871124267578e+01 1.826186656951904297e+00 3.293520689010620117e+00
1.383518600463867188e+01 1.842205882072448730e+00 3.274122953414916992e+00
1.375210857391357422e+01 1.860463619232177734e+00 3.250808715820312500e+00
1.370123672485351562e+01 1.871648430824279785e+00 3.235672950744628906e+00
1.359994125366210938e+01 1.893924474716186523e+00 3.204474687576293945e+00
1.358177280426025391e+01 1.897921681404113770e+00 3.198494911193847656e+00
1.349327564239501953e+01 1.917392849922180176e+00 3.169029712677001953e+00
1.340827560424804688e+01 1.936100125312805176e+00 3.139128208160400391e+00
1.335602760314941406e+01 1.947601914405822754e+00 3.119788408279418945e+00
1.329785633087158203e+01 1.960409164428710938e+00 3.097590923309326172e+00
1.322270870208740234e+01 1.976955771446228027e+00 3.067949533462524414e+00
1.313131237030029297e+01 1.997082352638244629e+00 3.030362606048583984e+00
1.308307170867919922e+01 2.007706642150878906e+00 3.009521961212158203e+00
1.302852535247802734e+01 2.019719839096069336e+00 2.985352039337158203e+00
1.294561767578125000e+01 2.037979364395141602e+00 2.947564601898193359e+00
1.288393592834472656e+01 2.051563978195190430e+00 2.918248653411865234e+00
1.282211589813232422e+01 2.065178632736206055e+00 2.887957334518432617e+00
1.276671981811523438e+01 2.077377557754516602e+00 2.859988212585449219e+00
1.271920680999755859e+01 2.087839841842651367e+00 2.835356950759887695e+00
1.262790298461914062e+01 2.107943534851074219e+00 2.786955356597900391e+00
1.257515239715576172e+01 2.119556427001953125e+00 2.757789373397827148e+00
1.251205730438232422e+01 2.133444786071777344e+00 2.722061395645141602e+00
1.245951366424560547e+01 2.145009040832519531e+00 2.691459417343139648e+00
1.239693450927734375e+01 2.158779859542846680e+00 2.654161453247070312e+00
1.230899524688720703e+01 2.178127288818359375e+00 2.600307703018188477e+00
1.226298522949218750e+01 2.188246965408325195e+00 2.571055889129638672e+00
1.222024536132812500e+01 2.197645664215087891e+00 2.543353557586669922e+00
1.216291904449462891e+01 2.210250139236450195e+00 2.505530357360839844e+00
1.209417629241943359e+01 2.225361347198486328e+00 2.459092617034912109e+00
1.202199459075927734e+01 2.241223812103271484e+00 2.408951282501220703e+00
1.195667934417724609e+01 2.255572795867919922e+00 2.362248897552490234e+00
1.192010879516601562e+01 2.263604164123535156e+00 2.335416316986083984e+00
1.184787464141845703e+01 2.279465198516845703e+00 2.281651020050048828e+00
1.180656814575195312e+01 2.288531780242919922e+00 2.250032186508178711e+00
1.175023078918457031e+01 2.300894975662231445e+00 2.206218004226684570e+00
1.165476131439208984e+01 2.321839570999145508e+00 2.130358457565307617e+00
1.160708236694335938e+01 2.332294225692749023e+00 2.091086387634277344e+00
1.154493713378906250e+01 2.345916986465454102e+00 2.038982629776000977e+00
1.151553821563720703e+01 2.352359294891357422e+00 2.013761758804321289e+00
1.145316314697265625e+01 2.366025447845458984e+00 1.959670186042785645e+00
1.139207267761230469e+01 2.379405021667480469e+00 1.905474424362182617e+00
1.132726287841796875e+01 2.393594026565551758e+00 1.846694588661193848e+00
1.127777767181396484e+01 2.404423713684082031e+00 1.800757527351379395e+00
1.122248649597167969e+01 2.416520357131958008e+00 1.748518109321594238e+00
1.118528175354003906e+01 2.424657106399536133e+00 1.712672591209411621e+00
1.111754989624023438e+01 2.439466714859008789e+00 1.646554112434387207e+00
1.104904937744140625e+01 2.454437971115112305e+00 1.578081250190734863e+00
1.100927543640136719e+01 2.463127136230468750e+00 1.537365436553955078e+00
1.096944999694824219e+01 2.471825122833251953e+00 1.496032834053039551e+00
1.090787124633789062e+01 2.485270738601684570e+00 1.431241035461425781e+00
1.084141254425048828e+01 2.499776363372802734e+00 1.359822392463684082e+00
1.081522178649902344e+01 2.505490541458129883e+00 1.331032752990722656e+00
1.074518966674804688e+01 2.520767211914062500e+00 1.253362894058227539e+00
1.067835617065429688e+01 2.535339832305908203e+00 1.177463889122009277e+00
1.065130901336669922e+01 2.541234970092773438e+00 1.146049261093139648e+00
1.061431694030761719e+01 2.549296379089355469e+00 1.102692484855651855e+00
1.054030418395996094e+01 2.565421581268310547e+00 1.014865994453430176e+00
1.051381778717041016e+01 2.571189641952514648e+00 9.826511740684509277e-01
1.045845317840576172e+01 2.583244800567626953e+00 9.147170186042785645e-01
1.041479110717773438e+01 2.592748880386352539e+00 8.601493835449218750e-01
1.036098480224609375e+01 2.604458093643188477e+00 7.919261455535888672e-01
1.028580856323242188e+01 2.620813131332397461e+00 6.948999166488647461e-01
1.024228858947753906e+01 2.630277395248413086e+00 6.373248100280761719e-01
1.020948314666748047e+01 2.637410163879394531e+00 5.932996869087219238e-01
1.014075851440429688e+01 2.652350187301635742e+00 5.000747442245483398e-01
1.010230445861816406e+01 2.660706996917724609e+00 4.467258453369140625e-01
1.006356334686279297e+01 2.669124841690063477e+00 3.922992944717407227e-01
1.003109359741210938e+01 2.676178932189941406e+00 3.461032807826995850e-01
9.960158348083496094e+00 2.691587686538696289e+00 2.441058754920959473e-01
9.927272796630859375e+00 2.698729276657104492e+00 1.957147866487503052e-01
9.884224891662597656e+00 2.708076953887939453e+00 1.316871941089630127e-01
9.839378356933593750e+00 2.717813730239868164e+00 6.404484808444976807e-02
9.804409027099609375e+00 2.725404977798461914e+00 1.052524149417877197e-02
9.747162818908691406e+00 2.741162061691284180e+00 1.120149418711662292e-01
9.727578163146972656e+00 2.746477842330932617e+00 1.439874321222305298e-01
9.678264617919921875e+00 2.759805679321289062e+00 2.223701179027557373e-01
9.654952049255371094e+00 2.766042232513427734e+00 2.570408880710601807e-01
9.596158981323242188e+00 2.781700849533081055e+00 3.418700098991394043e-01
9.563827514648437500e+00 2.790221452713012695e+00 3.851135373115539551e-01
9.513913154602050781e+00 2.803305864334106445e+00 4.492312669754028320e-01
9.489927291870117188e+00 2.809545040130615234e+00 4.781953990459442139e-01
9.441295623779296875e+00 2.822150945663452148e+00 5.352323651313781738e-01
9.403287887573242188e+00 2.831936597824096680e+00 5.772500038146972656e-01
9.340417861938476562e+00 2.848043203353881836e+00 6.436401009559631348e-01
9.314800262451171875e+00 2.854555368423461914e+00 6.687092185020446777e-01
9.251042366027832031e+00 2.870714664459228516e+00 7.292119264602661133e-01
9.222682952880859375e+00 2.877851247787475586e+00 7.541134953498840332e-01
9.146045684814453125e+00 2.897078275680541992e+00 8.191224336624145508e-01
9.118560791015625000e+00 2.903919935226440430e+00 8.403109908103942871e-01
9.081848144531250000e+00 2.913034200668334961e+00 8.676521778106689453e-01
9.036883354187011719e+00 2.924158573150634766e+00 8.996056914329528809e-01
8.977068901062011719e+00 2.938895225524902344e+00 9.396889805793762207e-01
8.905780792236328125e+00 2.956365823745727539e+00 9.837602972984313965e-01
8.885666847229003906e+00 2.961265325546264648e+00 9.950039982795715332e-01
8.809756278991699219e+00 2.979724884033203125e+00 1.036214590072631836e+00
8.774236679077148438e+00 2.988309383392333984e+00 1.053382992744445801e+00
8.707657814025878906e+00 3.004355907440185547e+00 1.083775281906127930e+00
8.653347015380859375e+00 3.017379045486450195e+00 1.105891704559326172e+00
8.596464157104492188e+00 3.030963897705078125e+00 1.126835465431213379e+00
8.583107948303222656e+00 3.034140586853027344e+00 1.131219506263732910e+00
8.500634193420410156e+00 3.053737163543701172e+00 1.157530069351196289e+00
8.478567123413085938e+00 3.058950185775756836e+00 1.163327336311340332e+00
8.415702819824218750e+00 3.073777914047241211e+00 1.178914785385131836e+00
8.348817825317382812e+00 3.089486360549926758e+00 1.192713856697082520e+00
8.304112434387207031e+00 3.099938631057739258e+00 1.199987292289733887e+00
8.245879173278808594e+00 3.113512992858886719e+00 1.207784771919250488e+00
8.175419807434082031e+00 3.129874229431152344e+00 1.214598059654235840e+00
8.128164291381835938e+00 3.140796661376953125e+00 1.217057824134826660e+00
8.094033241271972656e+00 3.148661136627197266e+00 1.217818379402160645e+00
8.030322074890136719e+00 3.163309097290039062e+00 1.217871665954589844e+00
8.000331878662109375e+00 3.170175790786743164e+00 1.216697573661804199e+00
7.929293632507324219e+00 3.186409235000610352e+00 1.212579131126403809e+00
7.869101047515869141e+00 3.200100421905517578e+00 1.206402063369750977e+00
7.810944080352783203e+00 3.213276624679565430e+00 1.198224067687988281e+00
7.749544143676757812e+00 3.227134227752685547e+00 1.187321305274963379e+00
7.722588062286376953e+00 3.233193159103393555e+00 1.181473970413208008e+00
7.642975807189941406e+00 3.251055240631103516e+00 1.162815809249877930e+00
7.600160121917724609e+00 3.260609388351440430e+00 1.150555968284606934e+00
7.572004318237304688e+00 3.266873598098754883e+00 1.141692996025085449e+00
7.506570816040039062e+00 3.281402826309204102e+00 1.119857430458068848e+00
7.450166225433349609e+00 3.293869018554687500e+00 1.098523497581481934e+00
7.403242588043212891e+00 3.304197072982788086e+00 1.078933596611022949e+00
7.361246109008789062e+00 3.313408374786376953e+00 1.059999227523803711e+00
7.291870117187500000e+00 3.328576326370239258e+00 1.026606321334838867e+00
7.257987976074218750e+00 3.335943937301635742e+00 1.008550643920898438e+00
7.175560474395751953e+00 3.353819131851196289e+00 9.624838829040527344e-01
7.127510070800781250e+00 3.364168405532836914e+00 9.325079917907714844e-01
7.093377590179443359e+00 3.371489524841308594e+00 9.098622202873229980e-01
7.060164928436279297e+00 3.378591775894165039e+00 8.868629336357116699e-01
6.992510795593261719e+00 3.393015384674072266e+00 8.380549550056457520e-01
6.942880630493164062e+00 3.403528928756713867e+00 7.992225289344787598e-01
6.884174346923828125e+00 3.415904045104980469e+00 7.505217790603637695e-01
6.868134021759033203e+00 3.419264554977416992e+00 7.362771630287170410e-01
6.798539638519287109e+00 3.433819770812988281e+00 6.733117699623107910e-01
6.757802963256835938e+00 3.442272901535034180e+00 6.334016919136047363e-01
6.726880073547363281e+00 3.448657989501953125e+00 6.016557216644287109e-01
6.684477806091308594e+00 3.457379341125488281e+00 5.565451979637145996e-01
6.621028423309326172e+00 3.470356702804565430e+00 4.856602549552917480e-01
6.590662002563476562e+00 3.476511716842651367e+00 4.491498172283172607e-01
6.526825428009033203e+00 3.489390611648559570e+00 3.695916533470153809e-01
6.489777088165283203e+00 3.496786594390869141e+00 3.197722136974334717e-01
6.460444927215576172e+00 3.502602815628051758e+00 2.784923017024993896e-01
6.419104099273681641e+00 3.510753393173217773e+00 2.181300520896911621e-01
6.395765781402587891e+00 3.515315055847167969e+00 1.822031140327453613e-01
6.336383342742919922e+00 3.526860475540161133e+00 8.793123811483383179e-02
6.312989711761474609e+00 3.531342506408691406e+00 4.769947752356529236e-02
6.275992870330810547e+00 3.538385152816772461e+00 -1.808236911892890930e-02
6.219065666198730469e+00 3.550615072250366211e+00 5.960134044289588928e-02
6.204936981201171875e+00 3.553616285324096680e+00 7.757464796304702759e-02
6.140864372253417969e+00 3.567190647125244141e+00 1.577224135398864746e-01
6.088380336761474609e+00 3.578182458877563477e+00 2.185419499874114990e-01
6.058008670806884766e+00 3.584487915039062500e+00 2.516491711139678955e-01
6.012518405914306641e+00 3.593886375427246094e+00 2.995403409004211426e-01
5.944018363952636719e+00 3.607939958572387695e+00 3.680004477500915527e-01
5.892466068267822266e+00 3.618410587310791016e+00 4.156383872032165527e-01
5.849594116210937500e+00 3.627055883407592773e+00 4.529959261417388916e-01
5.773934364318847656e+00 3.642224788665771484e+00 5.157756805419921875e-01
5.745188713073730469e+00 3.647931814193725586e+00 5.376230478286743164e-01
5.681927680969238281e+00 3.660446166992187500e+00 5.841211080551147461e-01
5.641490459442138672e+00 3.668384075164794922e+00 6.116893887519836426e-01
5.594022750854492188e+00 3.677657842636108398e+00 6.425069570541381836e-01
5.519646644592285156e+00 3.692108869552612305e+00 6.880437135696411133e-01
5.458470821380615234e+00 3.703895807266235352e+00 7.220880985260009766e-01
5.390338897705078125e+00 3.716934919357299805e+00 7.570191025733947754e-01
5.347010612487792969e+00 3.725166559219360352e+00 7.771965861320495605e-01
5.296643257141113281e+00 3.734691619873046875e+00 7.991949915885925293e-01
5.222807407379150391e+00 3.748581647872924805e+00 8.290153145790100098e-01
5.174053192138671875e+00 3.757683515548706055e+00 8.464158177375793457e-01
5.121572494506835938e+00 3.767432451248168945e+00 8.635630607604980469e-01
5.029386043548583984e+00 3.784465789794921875e+00 8.907447457313537598e-01
4.986946582794189453e+00 3.792234659194946289e+00 9.009324312210083008e-01
4.942605018615722656e+00 3.800317287445068359e+00 9.104833006858825684e-01
4.859023094177246094e+00 3.815484523773193359e+00 9.263559579849243164e-01
4.791419506072998047e+00 3.827649593353271484e+00 9.359869360923767090e-01
4.732294082641601562e+00 3.838216543197631836e+00 9.421745538711547852e-01
4.678566932678222656e+00 3.847760915756225586e+00 9.460369944572448730e-01
4.620891094207763672e+00 3.857950687408447266e+00 9.484769701957702637e-01
4.546555995941162109e+00 3.871005535125732422e+00 9.492708444595336914e-01
4.488175868988037109e+00 3.881178855895996094e+00 9.475215077400207520e-01
4.433182716369628906e+00 3.890702724456787109e+00 9.441193342208862305e-01
4.367177963256835938e+00 3.902065992355346680e+00 9.380491971969604492e-01
4.329594135284423828e+00 3.908489704132080078e+00 9.332304000854492188e-01
4.275297164916992188e+00 3.917731046676635742e+00 9.251419305801391602e-01
4.169054985046386719e+00 3.935702323913574219e+00 9.061136841773986816e-01
4.107611656188964844e+00 3.945967912673950195e+00 8.914487361907958984e-01
4.053849220275878906e+00 3.954883575439453125e+00 8.767305016517639160e-01
4.013194561004638672e+00 3.961580514907836914e+00 8.643341064453125000e-01
3.963422775268554688e+00 3.969736576080322266e+00 8.479686379432678223e-01
3.893148660659790039e+00 3.981177568435668945e+00 8.227784037590026855e-01
3.815588712692260742e+00 3.993685245513916016e+00 7.916678786277770996e-01
3.774792909622192383e+00 4.000192165374755859e+00 7.733293771743774414e-01
3.694086551666259766e+00 4.012987613677978516e+00 7.349352836608886719e-01
3.641394853591918945e+00 4.021238327026367188e+00 7.070676088333129883e-01
3.585521221160888672e+00 4.029912948608398438e+00 6.755031943321228027e-01
3.514428853988647461e+00 4.040845870971679688e+00 6.325386762619018555e-01
3.459578752517700195e+00 4.049173831939697266e+00 5.965327620506286621e-01
3.411763191223144531e+00 4.056358337402343750e+00 5.631339550018310547e-01
3.379078149795532227e+00 4.061222076416015625e+00 5.390576124191284180e-01
3.291857719421386719e+00 4.074111938476562500e+00 4.724570512771606445e-01
3.268756389617919922e+00 4.077460289001464844e+00 4.530837535858154297e-01
3.209273338317871094e+00 4.086033344268798828e+00 4.019435644149780273e-01
3.137979984283447266e+00 4.096155643463134766e+00 3.366405367851257324e-01
3.112061262130737305e+00 4.099764347076416016e+00 3.110342025756835938e-01
3.044082164764404297e+00 4.109156131744384766e+00 2.419779598712921143e-01
3.001880407333374023e+00 4.114862442016601562e+00 1.958694458007812500e-01
2.946946859359741211e+00 4.122181892395019531e+00 1.330230832099914551e-01
2.887073993682861328e+00 4.129994869232177734e+00 6.024529039859771729e-02
2.846614122390747070e+00 4.135141849517822266e+00 7.632914930582046509e-03
2.814871549606323242e+00 4.139815807342529297e+00 4.272219911217689514e-02
2.770678043365478516e+00 4.146277427673339844e+00 8.985739946365356445e-02
2.674621582031250000e+00 4.160188198089599609e+00 1.873673498630523682e-01
2.634518861770629883e+00 4.165882587432861328e+00 2.239384800195693970e-01
2.595294952392578125e+00 4.171409130096435547e+00 2.581776082515716553e-01
2.514582157135009766e+00 4.182697772979736328e+00 3.256863057613372803e-01
2.482218265533447266e+00 4.187158584594726562e+00 3.504523634910583496e-01
2.413916587829589844e+00 4.196518898010253906e+00 4.008934199810028076e-01
2.329324960708618164e+00 4.207976341247558594e+00 4.587735533714294434e-01
2.277408599853515625e+00 4.214910030364990234e+00 4.910151064395904541e-01
2.217037200927734375e+00 4.222905158996582031e+00 5.262966156005859375e-01
2.134618520736694336e+00 4.233715534210205078e+00 5.710840225219726562e-01
2.057281255722045898e+00 4.243729114532470703e+00 6.089653372764587402e-01
2.000332355499267578e+00 4.251015663146972656e+00 6.341294050216674805e-01
1.944331288337707520e+00 4.258119106292724609e+00 6.569702625274658203e-01
1.865492820739746094e+00 4.268034458160400391e+00 6.865601539611816406e-01
1.794571042060852051e+00 4.276849269866943359e+00 7.100182175636291504e-01
1.720726966857910156e+00 4.285929679870605469e+00 7.315708398818969727e-01
1.676891088485717773e+00 4.291260719299316406e+00 7.426338195800781250e-01
1.617420077323913574e+00 4.298445701599121094e+00 7.562758922576904297e-01
1.514707684516906738e+00 4.310743331909179688e+00 7.766768932342529297e-01
1.475456833839416504e+00 4.315370082855224609e+00 7.824240326881408691e-01
1.384674429893493652e+00 4.326006412506103516e+00 7.939352393150329590e-01
1.326194286346435547e+00 4.332762241363525391e+00 7.987208962440490723e-01
1.248586893081665039e+00 4.341645240783691406e+00 8.028468489646911621e-01
1.168589234352111816e+00 4.350688457489013672e+00 8.040742874145507812e-01
1.071820616722106934e+00 4.361485004425048828e+00 8.018028736114501953e-01
1.012146234512329102e+00 4.368035316467285156e+00 7.976043224334716797e-01
9.692531824111938477e-01 4.372695446014404297e+00 7.933431863784790039e-01
8.563034534454345703e-01 4.384873390197753906e+00 7.797604799270629883e-01
8.061751127243041992e-01 4.390168190002441406e+00 7.709571123123168945e-01
7.513161897659301758e-01 4.395907878875732422e+00 7.599578499794006348e-01
6.611393094062805176e-01 4.405242443084716797e+00 7.393996715545654297e-01
6.089800000190734863e-01 4.410544395446777344e+00 7.251220941543579102e-01
5.279358029365539551e-01 4.418692588806152344e+00 7.007517218589782715e-01
4.327521324157714844e-01 4.428093910217285156e+00 6.680721640586853027e-01
3.710024058818817139e-01 4.434059619903564453e+00 6.436948776245117188e-01
3.115887939929962158e-01 4.439713001251220703e+00 6.181930303573608398e-01
2.564049363136291504e-01 4.444884300231933594e+00 5.926300287246704102e-01
1.850191205739974976e-01 4.451474189758300781e+00 5.572457313537597656e-01
7.964777946472167969e-02 4.461005210876464844e+00 5.004585385322570801e-01
4.693222418427467346e-02 4.463869571685791016e+00 4.806432425975799561e-01
-3.363458439707756042e-02 4.470846176147460938e+00 4.300878047943115234e-01
-9.263096749782562256e-02 4.475811481475830078e+00 3.897965252399444580e-01
-1.323208808898925781e-01 4.479076385498046875e+00 3.609903454780578613e-01
-2.426657676696777344e-01 4.488006591796875000e+00 2.775879204273223877e-01
-2.621828019618988037e-01 4.489509582519531250e+00 2.611185610294342041e-01
-3.515104651451110840e-01 4.496321201324462891e+00 1.842403113842010498e-01
-4.184159636497497559e-01 4.501182079315185547e+00 1.213013529777526855e-01
-4.737876057624816895e-01 4.505040645599365234e+00 6.558131426572799683e-02
-5.335562229156494141e-01 4.509046554565429688e+00 1.936420798301696777e-03
-5.959577560424804688e-01 4.513731002807617188e+00 6.065804511308670044e-02
-6.475883722305297852e-01 4.517537593841552734e+00 1.061475276947021484e-01
-7.412939667701721191e-01 4.524345874786376953e+00 1.843743920326232910e-01
-8.132052421569824219e-01 4.529437541961669922e+00 2.387838959693908691e-01
-8.581793904304504395e-01 4.532561302185058594e+00 2.703387737274169922e-01
-9.344230294227600098e-01 4.537794589996337891e+00 3.213566839694976807e-01
-1.009299159049987793e+00 4.542832851409912109e+00 3.675199151039123535e-01
-1.072807073593139648e+00 4.547024726867675781e+00 4.035790562629699707e-01
-1.139887332916259766e+00 4.551380634307861328e+00 4.390289485454559326e-01
-1.227328181266784668e+00 4.556962490081787109e+00 4.817548394203186035e-01
-1.343709826469421387e+00 4.564228057861328125e+00 5.328333377838134766e-01
-1.405171036720275879e+00 4.567952632904052734e+00 5.559421181678771973e-01
-1.506827235221862793e+00 4.574015617370605469e+00 5.909391045570373535e-01
-1.582649350166320801e+00 4.578419208526611328e+00 6.131826043128967285e-01
-1.639615178108215332e+00 4.581661701202392578e+00 6.278028488159179688e-01
-1.712667226791381836e+00 4.585756301879882812e+00 6.445798277854919434e-01
-1.822840213775634766e+00 4.591808795928955078e+00 6.661333441734313965e-01
-1.933065176010131836e+00 4.597679615020751953e+00 6.821565628051757812e-01
-2.012344837188720703e+00 4.601768493652343750e+00 6.897790431976318359e-01
-2.093238115310668945e+00 4.605841636657714844e+00 6.947332620620727539e-01
-2.179646730422973633e+00 4.610083103179931641e+00 6.969724893569946289e-01
-2.249850749969482422e+00 4.613433361053466797e+00 6.961563825607299805e-01
-2.311652183532714844e+00 4.616312980651855469e+00 6.935568451881408691e-01
-2.406429529190063477e+00 4.620633602142333984e+00 6.870291233062744141e-01
-2.513208389282226562e+00 4.625334262847900391e+00 6.752736568450927734e-01
-2.581620454788208008e+00 4.628222465515136719e+00 6.645421385765075684e-01
-2.699955701828002930e+00 4.633077144622802734e+00 6.423918604850769043e-01
-2.757778406143188477e+00 4.635326862335205078e+00 6.284966468811035156e-01
-2.825592756271362305e+00 4.637892246246337891e+00 6.104032397270202637e-01
-2.956167459487915039e+00 4.642663478851318359e+00 5.714460611343383789e-01
-3.034805774688720703e+00 4.645334720611572266e+00 5.430928468704223633e-01
-3.088685989379882812e+00 4.647076606750488281e+00 5.215695500373840332e-01
-3.220010995864868164e+00 4.651169300079345703e+00 4.655107259750366211e-01
-3.264062404632568359e+00 4.652411937713623047e+00 4.436662793159484863e-01
-3.363102912902832031e+00 4.655100822448730469e+00 3.921422064304351807e-01
-3.457630157470703125e+00 4.657433509826660156e+00 3.376200199127197266e-01
-3.488908529281616211e+00 4.658126354217529297e+00 3.177902102470397949e-01
-3.611774444580078125e+00 4.660738468170166016e+00 2.374521791934967041e-01
-3.677008867263793945e+00 4.661887168884277344e+00 1.894798278808593750e-01
-3.719736576080322266e+00 4.662548542022705078e+00 1.560504436492919922e-01
-3.822643041610717773e+00 4.663989543914794922e+00 7.220492511987686157e-02
-3.906061410903930664e+00 4.664842605590820312e+00 -2.660222351551055908e-03
-3.984488248825073242e+00 4.665397167205810547e+00 6.100963056087493896e-02
-4.067426204681396484e+00 4.665913581848144531e+00 1.232281178236007690e-01
-4.113343715667724609e+00 4.666159152984619141e+00 1.549123823642730713e-01
-4.204484462738037109e+00 4.666602134704589844e+00 2.149569839239120483e-01
-4.321719169616699219e+00 4.667061328887939453e+00 2.852889895439147949e-01
-4.418073177337646484e+00 4.667324542999267578e+00 3.363319039344787598e-01
-4.541564941406250000e+00 4.667541503906250000e+00 3.951399028301239014e-01
-4.602509975433349609e+00 4.667573451995849609e+00 4.202322065830230713e-01
-4.688259124755859375e+00 4.667565822601318359e+00 4.529486298561096191e-01
-4.779719352722167969e+00 4.667478561401367188e+00 4.840804934501647949e-01
-4.870145797729492188e+00 4.667309284210205078e+00 5.110322237014770508e-01
-4.973943233489990234e+00 4.667019844055175781e+00 5.377653241157531738e-01
-5.119618892669677734e+00 4.666460037231445312e+00 5.687106847763061523e-01
-5.191404342651367188e+00 4.666077136993408203e+00 5.795531868934631348e-01
-5.354083538055419922e+00 4.665086746215820312e+00 5.993230342864990234e-01
-5.438974857330322266e+00 4.664423942565917969e+00 6.040562987327575684e-01
-5.568920612335205078e+00 4.663288116455078125e+00 6.069039106369018555e-01
-5.638789176940917969e+00 4.662576198577880859e+00 6.048371195793151855e-01
-5.760565757751464844e+00 4.661237239837646484e+00 5.978658199310302734e-01
-5.861997604370117188e+00 4.659976959228515625e+00 5.871591567993164062e-01
-6.008829593658447266e+00 4.657970905303955078e+00 5.657041668891906738e-01
-6.099561691284179688e+00 4.656562805175781250e+00 5.470500588417053223e-01
-6.188757419586181641e+00 4.655071258544921875e+00 5.253609418869018555e-01
-6.295401573181152344e+00 4.653156280517578125e+00 4.954128563404083252e-01
-6.370423316955566406e+00 4.651694297790527344e+00 4.708844721317291260e-01
-6.515149116516113281e+00 4.648710250854492188e+00 4.187297523021697998e-01
-6.638119697570800781e+00 4.645894050598144531e+00 3.662198781967163086e-01
-6.670387268066406250e+00 4.645087242126464844e+00 3.505085706710815430e-01
-6.811734199523925781e+00 4.641470909118652344e+00 2.793610990047454834e-01
-6.900661945343017578e+00 4.638958454132080078e+00 2.279692292213439941e-01
-7.023101329803466797e+00 4.635274410247802734e+00 1.510327458381652832e-01
-7.053317070007324219e+00 4.634282588958740234e+00 1.298028379678726196e-01
-7.157004356384277344e+00 4.630803585052490234e+00 5.491437017917633057e-02
-7.240854263305664062e+00 4.627769470214843750e+00 -1.155059039592742920e-02
-7.360524177551269531e+00 4.621963977813720703e+00 7.715220004320144653e-02
-7.522915363311767578e+00 4.614063262939453125e+00 1.841053068637847900e-01
-7.587769031524658203e+00 4.610888481140136719e+00 2.203675657510757446e-01
-7.754649162292480469e+00 4.602691173553466797e+00 3.076695799827575684e-01
-7.904105186462402344e+00 4.595280170440673828e+00 3.728840947151184082e-01
-7.947060108184814453e+00 4.593128681182861328e+00 3.885777890682220459e-01
-8.075595855712890625e+00 4.586669921875000000e+00 4.330499172210693359e-01
-8.308546066284179688e+00 4.574850082397460938e+00 5.005534291267395020e-01
-8.409768104553222656e+00 4.569618225097656250e+00 5.201634168624877930e-01
-8.488293647766113281e+00 4.565522670745849609e+00 5.322587490081787109e-01
-8.644157409667968750e+00 4.557333946228027344e+00 5.515531301498413086e-01
-8.858201980590820312e+00 4.545922756195068359e+00 5.654262304306030273e-01
-8.913651466369628906e+00 4.542903900146484375e+00 5.646162033081054688e-01
-9.112720489501953125e+00 4.532002449035644531e+00 5.576316714286804199e-01
-9.195800781250000000e+00 4.527355194091796875e+00 5.486146807670593262e-01
-9.353816032409667969e+00 4.518432140350341797e+00 5.265679955482482910e-01
-9.547488212585449219e+00 4.507292270660400391e+00 4.880039393901824951e-01
-9.591717720031738281e+00 4.504686832427978516e+00 4.758770167827606201e-01
-9.760478019714355469e+00 4.494688510894775391e+00 4.266120195388793945e-01
-9.916386604309082031e+00 4.485240936279296875e+00 3.703085184097290039e-01
-1.006526756286621094e+01 4.476015567779541016e+00 3.064906001091003418e-01
-1.013415527343750000e+01 4.471648693084716797e+00 2.722325623035430908e-01
-1.030381870269775391e+01 4.460771083831787109e+00 1.821363270282745361e-01
-1.042342185974121094e+01 4.452877521514892578e+00 1.081234589219093323e-01
-1.051539325714111328e+01 4.446669578552246094e+00 4.493860900402069092e-02
-1.066730499267578125e+01 4.436223506927490234e+00 -6.806661188602447510e-02
-1.089967346191406250e+01 4.416082382202148438e+00 8.204683661460876465e-02
-1.098058986663818359e+01 4.409204959869384766e+00 1.234716251492500305e-01
-1.119738388061523438e+01 4.390871524810791016e+00 2.255721390247344971e-01
-1.133704948425292969e+01 4.379199504852294922e+00 2.771306633949279785e-01
-1.149435615539550781e+01 4.366129398345947266e+00 3.257935047149658203e-01
-1.171154594421386719e+01 4.348183155059814453e+00 3.791534602642059326e-01
-1.193373870849609375e+01 4.329938411712646484e+00 4.152658879756927490e-01
-1.210404396057128906e+01 4.316023349761962891e+00 4.291470646858215332e-01
-1.235563278198242188e+01 4.295526027679443359e+00 4.344481527805328369e-01
-1.260850524902343750e+01 4.274995803833007812e+00 4.174978435039520264e-01
-1.266834068298339844e+01 4.270150184631347656e+00 4.081657826900482178e-01
-1.297247695922851562e+01 4.245529651641845703e+00 3.541966974735260010e-01
-1.305753803253173828e+01 4.238656997680664062e+00 3.296386003494262695e-01
-1.325420093536376953e+01 4.222773075103759766e+00 2.663987576961517334e-01
-1.346807479858398438e+01 4.205510139465332031e+00 1.807908117771148682e-01
-1.370873641967773438e+01 4.186096191406250000e+00 6.226746737957000732e-02
-1.382759666442871094e+01 4.176513195037841797e+00 -9.966194629669189453e-03
-1.423639106750488281e+01 4.138010025024414062e+00 2.228201627731323242e-01
-1.437001514434814453e+01 4.126277923583984375e+00 2.707636058330535889e-01
-1.478953170776367188e+01 4.090112686157226562e+00 3.970999717712402344e-01
-1.516224861145019531e+01 4.059649467468261719e+00 4.480841159820556641e-01
-1.538031387329101562e+01 4.042582035064697266e+00 4.489693939685821533e-01
-1.581123828887939453e+01 4.009704589843750000e+00 4.180482029914855957e-01
-1.606389999389648438e+01 3.991429090499877930e+00 3.619360923767089844e-01
-1.638593864440917969e+01 3.968951463699340820e+00 2.603815793991088867e-01
-1.686873626708984375e+01 3.936989545822143555e+00 4.632754623889923096e-02
-1.705511283874511719e+01 3.925876855850219727e+00 -7.792925089597702026e-02
-1.792909240722656250e+01 3.859369754791259766e+00 3.599121272563934326e-01
-1.833814048767089844e+01 3.836852788925170898e+00 4.116234183311462402e-01
-1.923534584045410156e+01 3.794180393218994141e+00 3.993507623672485352e-01
-1.989100265502929688e+01 3.773765802383422852e+00 1.954891234636306763e-01
-2.090811920166015625e+01 3.757449388504028320e+00 -3.794746994972229004e-01
-2.147505187988281250e+01 3.769828557968139648e+00 -1.034790515899658203e+00
-2.487619972229003906e+01 4.055262565612792969e+00 -9.475430250167846680e-01
-3.090057754516601562e+01 5.093112468719482422e+00 -6.268857955932617188e+00
-2.663708496093750000e+03 8.476441650390625000e+02 -1.540145629882812500e+03
-4.201630274682880000e+14 1.780107580538880000e+14 -4.782364211281920000e+14
-8.334329878056770661e+28 7.602911339960636818e+28 1.830742103983874505e+29
-2.161662124165624208e+29 1.971955028921125506e+29 4.748367077145688221e+29
-3.431989286158480398e+29 3.130798640827647574e+29 7.538803987140395839e+29
-3.874147482264114316e+29 3.534152962648882303e+29 8.510061035247886991e+29
-5.284842643383106471e+29 4.821045808474326579e+29 1.160883334216734989e+30
-6.146349249903476661e+29 5.606946572025316491e+29 1.350124275220976663e+30
-7.318419076960560717e+29 6.676156079088445712e+29 1.607584522436753232e+30
-8.455397187578099755e+29 7.713353230448179554e+29 1.857336356395212021e+30
-1.002926975572480689e+30 9.149103001389366268e+29 2.203057557617958533e+30
