2.326671791076660156e+01 -2.117653340101242065e-01 3.479138612747192383e-01
2.308682441711425781e+01 -2.155161350965499878e-01 4.642714262008666992e-01
2.293555450439453125e+01 -2.187530696392059326e-01 5.608764886856079102e-01
2.288439178466796875e+01 -2.198708504438400269e-01 5.931915640830993652e-01
2.272805023193359375e+01 -2.233097106218338013e-01 6.915661692619323730e-01
2.252271842956542969e+01 -2.279188632965087891e-01 8.192466497421264648e-01
2.241916847229003906e+01 -2.303034961223602295e-01 8.826099634170532227e-01
2.225628471374511719e+01 -2.341004908084869385e-01 9.814527034759521484e-01
2.219347953796386719e+01 -2.355920672416687012e-01 1.019055128097534180e+00
2.200917434692382812e+01 -2.399993389844894409e-01 1.128820061683654785e+00
2.190180397033691406e+01 -2.426181733608245850e-01 1.191754341125488281e+00
2.175736999511718750e+01 -2.461796849966049194e-01 1.275608062744140625e+00
2.163685798645019531e+01 -2.491939365863800049e-01 1.344657659530639648e+00
2.149174308776855469e+01 -2.528650760650634766e-01 1.426870226860046387e+00
2.141798019409179688e+01 -2.547559738159179688e-01 1.468079566955566406e+00
2.121360206604003906e+01 -2.600288093090057373e-01 1.581433057785034180e+00
2.113497543334960938e+01 -2.620929479598999023e-01 1.624146103858947754e+00
2.097981452941894531e+01 -2.661918699741363525e-01 1.707745194435119629e+00
2.093534851074218750e+01 -2.673807442188262939e-01 1.731306791305541992e+00
2.079957008361816406e+01 -2.710229754447937012e-01 1.802904129028320312e+00
2.065997886657714844e+01 -2.748045027256011963e-01 1.875400304794311523e+00
2.050288772583007812e+01 -2.791014015674591064e-01 1.955679178237915039e+00
2.042148971557617188e+01 -2.813510298728942871e-01 1.996501922607421875e+00
2.025803756713867188e+01 -2.858912050724029541e-01 2.077660083770751953e+00
2.020088768005371094e+01 -2.874942719936370850e-01 2.105454683303833008e+00
2.005414962768554688e+01 -2.916234135627746582e-01 2.176291704177856445e+00
1.994938850402832031e+01 -2.945947647094726562e-01 2.225883722305297852e+00
1.985421180725097656e+01 -2.973083853721618652e-01 2.270293951034545898e+00
1.968182563781738281e+01 -3.022452294826507568e-01 2.349656820297241211e+00
1.955438613891601562e+01 -3.059226572513580322e-01 2.406866312026977539e+00
1.944187355041503906e+01 -3.091853857040405273e-01 2.456404685974121094e+00
1.938435173034667969e+01 -3.108600378036499023e-01 2.481287240982055664e+00
1.921047782897949219e+01 -3.159312605857849121e-01 2.555807113647460938e+00
1.911483001708984375e+01 -3.187355995178222656e-01 2.595632076263427734e+00
1.905441856384277344e+01 -3.205110430717468262e-01 2.620373487472534180e+00
1.888960647583007812e+01 -3.253611624240875244e-01 2.687154054641723633e+00
1.884070396423339844e+01 -3.268051147460937500e-01 2.706380367279052734e+00
1.873678970336914062e+01 -3.298756778240203857e-01 2.746858596801757812e+00
1.856727027893066406e+01 -3.348920643329620361e-01 2.811578035354614258e+00
1.845774459838867188e+01 -3.381391167640686035e-01 2.851983785629272461e+00
1.839228820800781250e+01 -3.400808870792388916e-01 2.875578165054321289e+00
1.827093696594238281e+01 -3.436813354492187500e-01 2.918701410293579102e+00
1.819477081298828125e+01 -3.459412455558776855e-01 2.945038557052612305e+00
1.805490303039550781e+01 -3.500900268554687500e-01 2.992552042007446289e+00
1.794671249389648438e+01 -3.532964885234832764e-01 3.028080224990844727e+00
1.789678573608398438e+01 -3.547744750976562500e-01 3.044031858444213867e+00
1.775579071044921875e+01 -3.589453101158142090e-01 3.088495016098022461e+00
1.764001464843750000e+01 -3.623624145984649658e-01 3.123634815216064453e+00
1.754991722106933594e+01 -3.650151789188385010e-01 3.150090694427490234e+00
1.744906425476074219e+01 -3.679779767990112305e-01 3.178919792175292969e+00
1.739491271972656250e+01 -3.695643246173858643e-01 3.193921804428100586e+00
1.725046539306640625e+01 -3.737885653972625732e-01 3.233248949050903320e+00
1.717818069458007812e+01 -3.758921623229980469e-01 3.251995801925659180e+00
1.711989974975585938e+01 -3.775834143161773682e-01 3.266729116439819336e+00
1.697349929809570312e+01 -3.818214535713195801e-01 3.302959442138671875e+00
1.687019920349121094e+01 -3.847923874855041504e-01 3.327123641967773438e+00
1.677528762817382812e+01 -3.875080049037933350e-01 3.348404407501220703e+00
1.667011642456054688e+01 -3.905017077922821045e-01 3.371035575866699219e+00
1.663996505737304688e+01 -3.913547396659851074e-01 3.377218246459960938e+00
1.653938293457031250e+01 -3.941949605941772461e-01 3.397547245025634766e+00
1.639264869689941406e+01 -3.983118534088134766e-01 3.425757884979248047e+00
1.631404685974121094e+01 -4.004950523376464844e-01 3.439720869064331055e+00
1.624731063842773438e+01 -4.023378789424896240e-01 3.451046466827392578e+00
1.617698860168457031e+01 -4.042696356773376465e-01 3.462502002716064453e+00
1.603666305541992188e+01 -4.081025421619415283e-01 3.484347343444824219e+00
1.598500823974609375e+01 -4.094967842102050781e-01 3.491633176803588867e+00
1.585906028747558594e+01 -4.128805100917816162e-01 3.508712053298950195e+00
1.579048538208007812e+01 -4.147013127803802490e-01 3.517089366912841797e+00
1.570425796508789062e+01 -4.169754683971405029e-01 3.526984930038452148e+00
1.561264610290527344e+01 -4.193705916404724121e-01 3.536637067794799805e+00
1.553874492645263672e+01 -4.212841987609863281e-01 3.543676614761352539e+00
1.547392368316650391e+01 -4.229492843151092529e-01 3.549317359924316406e+00
1.535572910308837891e+01 -4.259636402130126953e-01 3.558741807937622070e+00
1.528191184997558594e+01 -4.278210401535034180e-01 3.563635349273681641e+00
1.519491958618164062e+01 -4.299911260604858398e-01 3.568663120269775391e+00
1.510145473480224609e+01 -4.322986602783203125e-01 3.573119640350341797e+00
1.504858493804931641e+01 -4.335893094539642334e-01 3.575059413909912109e+00
1.495906448364257812e+01 -4.357606470584869385e-01 3.577782392501831055e+00
1.487340641021728516e+01 -4.378156661987304688e-01 3.579469680786132812e+00
1.478550052642822266e+01 -4.399026334285736084e-01 3.580289363861083984e+00
1.472217082977294922e+01 -4.413901567459106445e-01 3.580198287963867188e+00
1.463725090026855469e+01 -4.433697760105133057e-01 3.579411506652832031e+00
1.455032634735107422e+01 -4.453758895397186279e-01 3.577685117721557617e+00
1.444208717346191406e+01 -4.478491544723510742e-01 3.574347972869873047e+00
1.436417198181152344e+01 -4.496082961559295654e-01 3.570867776870727539e+00
1.432691097259521484e+01 -4.504427909851074219e-01 3.568827867507934570e+00
1.424431800842285156e+01 -4.522858560085296631e-01 3.563905000686645508e+00
1.413923549652099609e+01 -4.546124935150146484e-01 3.556500673294067383e+00
1.406615447998046875e+01 -4.562156796455383301e-01 3.550328493118286133e+00
1.399699115753173828e+01 -4.577243328094482422e-01 3.543805837631225586e+00
1.390752220153808594e+01 -4.596663713455200195e-01 3.534525632858276367e+00
1.384954357147216797e+01 -4.609177410602569580e-01 3.527797222137451172e+00
1.377748394012451172e+01 -4.624681472778320312e-01 3.518853187561035156e+00
1.370588207244873047e+01 -4.640034139156341553e-01 3.509240865707397461e+00
1.363062858581542969e+01 -4.656123816967010498e-01 3.498373031616210938e+00
1.354838943481445312e+01 -4.673664867877960205e-01 3.485607385635375977e+00
1.343895912170410156e+01 -4.696959555149078369e-01 3.467313289642333984e+00
1.336469173431396484e+01 -4.712742865085601807e-01 3.453699350357055664e+00
1.328509712219238281e+01 -4.729653596878051758e-01 3.438224792480468750e+00
1.322694492340087891e+01 -4.742012619972229004e-01 3.426218509674072266e+00
1.317103385925292969e+01 -4.753903150558471680e-01 3.414177656173706055e+00
1.311316013336181641e+01 -4.766222834587097168e-01 3.401214599609375000e+00
1.303624725341796875e+01 -4.782616794109344482e-01 3.383293867111206055e+00
1.295236206054687500e+01 -4.800534546375274658e-01 3.362733125686645508e+00
1.289225482940673828e+01 -4.813410043716430664e-01 3.347196578979492188e+00
1.281801891326904297e+01 -4.829351007938385010e-01 3.327288627624511719e+00
1.271271991729736328e+01 -4.852038919925689697e-01 3.297775745391845703e+00
1.267417621612548828e+01 -4.860388338565826416e-01 3.286301612854003906e+00
1.261780166625976562e+01 -4.872627854347229004e-01 3.269155740737915039e+00
1.253822040557861328e+01 -4.889965355396270752e-01 3.244195222854614258e+00
1.248649120330810547e+01 -4.901292920112609863e-01 3.227268218994140625e+00
1.238674259185791016e+01 -4.923213720321655273e-01 3.193739175796508789e+00
1.231340789794921875e+01 -4.939446449279785156e-01 3.167812108993530273e+00
1.226317882537841797e+01 -4.950628280639648438e-01 3.149401664733886719e+00
1.218825721740722656e+01 -4.967374801635742188e-01 3.121267795562744141e+00
1.210454082489013672e+01 -4.986204802989959717e-01 3.088697671890258789e+00
1.207367324829101562e+01 -4.993198513984680176e-01 3.076215267181396484e+00
1.200991344451904297e+01 -5.007684826850891113e-01 3.050067901611328125e+00
1.193938064575195312e+01 -5.023803114891052246e-01 3.020304679870605469e+00
1.187617492675781250e+01 -5.038343071937561035e-01 2.992792844772338867e+00
1.177733612060546875e+01 -5.061218738555908203e-01 2.948579311370849609e+00
1.175561523437500000e+01 -5.066295266151428223e-01 2.938447952270507812e+00
1.168945789337158203e+01 -5.081790685653686523e-01 2.907308578491210938e+00
1.158198547363281250e+01 -5.107132792472839355e-01 2.855323791503906250e+00
1.154638767242431641e+01 -5.115621089935302734e-01 2.837340593338012695e+00
1.147817707061767578e+01 -5.131946802139282227e-01 2.802391290664672852e+00
1.141125297546386719e+01 -5.148081183433532715e-01 2.767168998718261719e+00
1.133884048461914062e+01 -5.165665745735168457e-01 2.728057146072387695e+00
1.128041744232177734e+01 -5.179965496063232422e-01 2.695616960525512695e+00
1.123550033569335938e+01 -5.191030502319335938e-01 2.670121192932128906e+00
1.115313434600830078e+01 -5.211422443389892578e-01 2.622578620910644531e+00
1.109491252899169922e+01 -5.225969552993774414e-01 2.587937355041503906e+00
1.102791881561279297e+01 -5.242818593978881836e-01 2.547223806381225586e+00
1.099786376953125000e+01 -5.250434875488281250e-01 2.528513669967651367e+00
1.094532394409179688e+01 -5.263794660568237305e-01 2.495453596115112305e+00
1.088502120971679688e+01 -5.279220342636108398e-01 2.456796646118164062e+00
1.080473136901855469e+01 -5.299900770187377930e-01 2.404228210449218750e+00
1.075907039642333984e+01 -5.311769843101501465e-01 2.373489618301391602e+00
1.071049022674560547e+01 -5.324464440345764160e-01 2.340269565582275391e+00
1.061502647399902344e+01 -5.349549055099487305e-01 2.273901462554931641e+00
1.055586814880371094e+01 -5.365265011787414551e-01 2.231430768966674805e+00
1.052103805541992188e+01 -5.374580621719360352e-01 2.205928564071655273e+00
1.047438716888427734e+01 -5.387108325958251953e-01 2.171375274658203125e+00
1.041179847717285156e+01 -5.404005646705627441e-01 2.124301195144653320e+00
1.033546447753906250e+01 -5.424761176109313965e-01 2.065705060958862305e+00
1.027856254577636719e+01 -5.440368056297302246e-01 2.020935058593750000e+00
1.022178745269775391e+01 -5.456041097640991211e-01 1.975443363189697266e+00
1.015913391113281250e+01 -5.473448038101196289e-01 1.924327135086059570e+00
1.010237503051757812e+01 -5.489328503608703613e-01 1.877094745635986328e+00
1.004255390167236328e+01 -5.506172776222229004e-01 1.826420545578002930e+00
1.001558971405029297e+01 -5.513815879821777344e-01 1.803149700164794922e+00
9.936451911926269531e+00 -5.536314845085144043e-01 1.734280347824096680e+00
9.893917083740234375e+00 -5.548513531684875488e-01 1.696351170539855957e+00
9.862298011779785156e+00 -5.557624101638793945e-01 1.667786478996276855e+00
9.788161277770996094e+00 -5.579058527946472168e-01 1.600163459777832031e+00
9.743872642517089844e+00 -5.591966509819030762e-01 1.558848023414611816e+00
9.703616142272949219e+00 -5.603755116462707520e-01 1.520789980888366699e+00
9.643261909484863281e+00 -5.621504783630371094e-01 1.463038802146911621e+00
9.571035385131835938e+00 -5.642881989479064941e-01 1.392670989036560059e+00
9.534004211425781250e+00 -5.653925538063049316e-01 1.355810761451721191e+00
9.469536781311035156e+00 -5.673224925994873047e-01 1.290936231613159180e+00
9.406961441040039062e+00 -5.692082047462463379e-01 1.226761817932128906e+00
9.368654251098632812e+00 -5.703699588775634766e-01 1.186749696731567383e+00
9.302683830261230469e+00 -5.723782777786254883e-01 1.117071628570556641e+00
9.276617050170898438e+00 -5.731770396232604980e-01 1.089008212089538574e+00
9.204422950744628906e+00 -5.753949284553527832e-01 1.010696649551391602e+00
9.150639533996582031e+00 -5.770588517189025879e-01 9.511304497718811035e-01
9.118468284606933594e+00 -5.780592560768127441e-01 9.149471521377563477e-01
9.074791908264160156e+00 -5.794215202331542969e-01 8.653698563575744629e-01
9.025749206542968750e+00 -5.809573531150817871e-01 8.090049624443054199e-01
8.973589897155761719e+00 -5.825982093811035156e-01 7.482164502143859863e-01
8.915369033813476562e+00 -5.844383835792541504e-01 6.793551445007324219e-01
8.875332832336425781e+00 -5.857104063034057617e-01 6.312177181243896484e-01
8.814349174499511719e+00 -5.876547694206237793e-01 5.570629835128784180e-01
8.769039154052734375e+00 -5.891069769859313965e-01 5.010164976119995117e-01
8.735134124755859375e+00 -5.901978015899658203e-01 4.585433602333068848e-01
8.669168472290039062e+00 -5.923261046409606934e-01 3.751215934753417969e-01
8.623675346374511719e+00 -5.938017964363098145e-01 3.165236413478851318e-01
8.581890106201171875e+00 -5.951620936393737793e-01 2.620183825492858887e-01
8.551160812377929688e+00 -5.961657166481018066e-01 2.214681357145309448e-01
8.492630004882812500e+00 -5.980817675590515137e-01 1.435704529285430908e-01
8.448270797729492188e+00 -5.995401740074157715e-01 8.357235789299011230e-02
8.418143272399902344e+00 -6.005337834358215332e-01 4.232287779450416565e-02
8.336601257324218750e+00 -6.032286882400512695e-01 -7.025061547756195068e-02
8.304601669311523438e+00 -6.007859706878662109e-01 -2.195096760988235474e-02
8.273895263671875000e+00 -5.984712243080139160e-01 2.259521186351776123e-02
8.224113464355468750e+00 -5.947601199150085449e-01 9.217681735754013062e-02
8.169419288635253906e+00 -5.907501578330993652e-01 1.642245650291442871e-01
8.155151367187500000e+00 -5.897209048271179199e-01 1.818639934062957764e-01
8.102192878723144531e+00 -5.859147906303405762e-01 2.462935447692871094e-01
8.030923843383789062e+00 -5.808602571487426758e-01 3.279718160629272461e-01
8.018877029418945312e+00 -5.800191164016723633e-01 3.407236337661743164e-01
7.950275421142578125e+00 -5.752398967742919922e-01 4.123964011669158936e-01
7.903721332550048828e+00 -5.720360279083251953e-01 4.575020670890808105e-01
7.837505340576171875e+00 -5.675105452537536621e-01 5.184856057167053223e-01
7.809597015380859375e+00 -5.656195282936096191e-01 5.423865914344787598e-01
7.737717628479003906e+00 -5.607635378837585449e-01 6.020947098731994629e-01
7.726016521453857422e+00 -5.599784851074218750e-01 6.110655665397644043e-01
7.661680698394775391e+00 -5.556655526161193848e-01 6.597522497177124023e-01
7.612987041473388672e+00 -5.524155497550964355e-01 6.939991116523742676e-01
7.566033840179443359e+00 -5.492891669273376465e-01 7.252094149589538574e-01
7.478058815002441406e+00 -5.434409976005554199e-01 7.805233001708984375e-01
7.425912380218505859e+00 -5.399813652038574219e-01 8.099247217178344727e-01
7.407810688018798828e+00 -5.387803912162780762e-01 8.194673657417297363e-01
7.338002681732177734e+00 -5.341479778289794922e-01 8.554004430770874023e-01
7.302425861358642578e+00 -5.317843556404113770e-01 8.720338940620422363e-01
7.247038841247558594e+00 -5.281004309654235840e-01 8.966356515884399414e-01
7.167130947113037109e+00 -5.227736830711364746e-01 9.292728900909423828e-01
7.105406761169433594e+00 -5.186421275138854980e-01 9.513753056526184082e-01
7.061925411224365234e+00 -5.157194137573242188e-01 9.652987718582153320e-01
7.028429985046386719e+00 -5.134600400924682617e-01 9.751468300819396973e-01
6.941776275634765625e+00 -5.075975060462951660e-01 9.988940358161926270e-01
6.884727478027343750e+00 -5.037059783935546875e-01 1.011612176895141602e+00
6.842660903930664062e+00 -5.008180737495422363e-01 1.019598603248596191e+00
6.793489933013916016e+00 -4.974250197410583496e-01 1.027745008468627930e+00
6.738321781158447266e+00 -4.935936331748962402e-01 1.035334825515747070e+00
6.671565532684326172e+00 -4.889217019081115723e-01 1.042425036430358887e+00
6.604799747467041016e+00 -4.842022359371185303e-01 1.046992301940917969e+00
6.549683094024658203e+00 -4.802638590335845947e-01 1.048683881759643555e+00
6.499742507934570312e+00 -4.766608178615570068e-01 1.048661947250366211e+00
6.463479995727539062e+00 -4.740202724933624268e-01 1.047621250152587891e+00
6.406188488006591797e+00 -4.698188900947570801e-01 1.044798135757446289e+00
6.336965084075927734e+00 -4.646834433078765869e-01 1.039126276969909668e+00
6.283720970153808594e+00 -4.606747329235076904e-01 1.032646059989929199e+00
6.219360828399658203e+00 -4.557700455188751221e-01 1.022823929786682129e+00
6.170567512512207031e+00 -4.519940912723541260e-01 1.013533473014831543e+00
6.108555316925048828e+00 -4.471356570720672607e-01 9.999245405197143555e-01
6.087339401245117188e+00 -4.454460740089416504e-01 9.944734573364257812e-01
6.003928184509277344e+00 -4.387639760971069336e-01 9.719569683074951172e-01
5.948800563812255859e+00 -4.342420995235443115e-01 9.542131423950195312e-01
5.899142742156982422e+00 -4.300999939441680908e-01 9.364774227142333984e-01
5.878817081451416016e+00 -4.283775091171264648e-01 9.285568594932556152e-01
5.793657779693603516e+00 -4.211117327213287354e-01 8.942161798477172852e-01
5.749954223632812500e+00 -4.172738194465637207e-01 8.740552663803100586e-01
5.715190887451171875e+00 -4.141720235347747803e-01 8.569419384002685547e-01
5.661015033721923828e+00 -4.092740118503570557e-01 8.289040327072143555e-01
5.626690864562988281e+00 -4.061043858528137207e-01 8.097531199455261230e-01
5.563536643981933594e+00 -4.001899063587188721e-01 7.728466987609863281e-01
5.521255970001220703e+00 -3.961229622364044189e-01 7.460138201713562012e-01
5.454933166503906250e+00 -3.896212875843048096e-01 7.015911936759948730e-01
5.413505077362060547e+00 -3.854321241378784180e-01 6.714584827423095703e-01
5.353096008300781250e+00 -3.791962265968322754e-01 6.252297759056091309e-01
5.318824768066406250e+00 -3.755455315113067627e-01 5.970171093940734863e-01
5.267908573150634766e+00 -3.700180351734161377e-01 5.533334016799926758e-01
5.222321510314941406e+00 -3.649221360683441162e-01 5.117602944374084473e-01
5.204699993133544922e+00 -3.628969788551330566e-01 4.947860240936279297e-01
5.135496616363525391e+00 -3.548537790775299072e-01 4.266851246356964111e-01
5.115558147430419922e+00 -3.524287343025207520e-01 4.053571820259094238e-01
5.072226047515869141e+00 -3.470831513404846191e-01 3.578496277332305908e-01
5.022524833679199219e+00 -3.407542109489440918e-01 3.003517985343933105e-01
4.984168052673339844e+00 -3.356774151325225830e-01 2.531060278415679932e-01
4.930563449859619141e+00 -3.283520340919494629e-01 1.837133318185806274e-01
4.908424377441406250e+00 -3.251793980598449707e-01 1.529390215873718262e-01
4.872488021850585938e+00 -3.199190199375152588e-01 1.014326661825180054e-01
4.825393199920654297e+00 -3.127731382846832275e-01 3.042227029800415039e-02
4.805488109588623047e+00 -3.095968663692474365e-01 -1.731913536787033081e-03
4.736223697662353516e+00 -2.941065430641174316e-01 8.326311409473419189e-02
4.707861900329589844e+00 -2.878333628177642822e-01 1.153867170214653015e-01
4.649917125701904297e+00 -2.750676572322845459e-01 1.789662092924118042e-01
4.576081752777099609e+00 -2.589239180088043213e-01 2.549061775207519531e-01
4.541206359863281250e+00 -2.513636052608489990e-01 2.879591584205627441e-01
4.466945648193359375e+00 -2.353222966194152832e-01 3.557150065898895264e-01
4.435925960540771484e+00 -2.286682724952697754e-01 3.817963898181915283e-01
4.392945289611816406e+00 -2.194719910621643066e-01 4.167300164699554443e-01
4.305906295776367188e+00 -2.009106576442718506e-01 4.842004477977752686e-01
4.271934986114501953e+00 -1.937104910612106323e-01 5.080702304840087891e-01
4.190765380859375000e+00 -1.765413135290145874e-01 5.629434585571289062e-01
4.139966487884521484e+00 -1.658439636230468750e-01 5.941637158393859863e-01
4.061667919158935547e+00 -1.493940055370330811e-01 6.394258141517639160e-01
4.027906417846679688e+00 -1.423234492540359497e-01 6.571096181869506836e-01
3.945008993148803711e+00 -1.249817833304405212e-01 6.986649036407470703e-01
3.892351627349853516e+00 -1.139932498335838318e-01 7.222202420234680176e-01
3.859390497207641602e+00 -1.071230247616767883e-01 7.358760833740234375e-01
3.770128488540649414e+00 -8.852876722812652588e-02 7.710500359535217285e-01
3.711915016174316406e+00 -7.641865313053131104e-02 7.908539772033691406e-01
3.632847309112548828e+00 -5.997790023684501648e-02 8.150562047958374023e-01
3.596368789672851562e+00 -5.239495635032653809e-02 8.245642781257629395e-01
3.528942346572875977e+00 -3.837750852108001709e-02 8.407517075538635254e-01
3.458557128906250000e+00 -2.373980730772018433e-02 8.549981117248535156e-01
3.400889873504638672e+00 -1.173847913742065430e-02 8.644320964813232422e-01
3.337727785110473633e+00 1.418042927980422974e-03 8.727774024009704590e-01
3.283087015151977539e+00 1.281366683542728424e-02 8.781256675720214844e-01
3.204311370849609375e+00 2.926450408995151520e-02 8.835138678550720215e-01
3.179716825485229492e+00 3.441209346055984497e-02 8.841526508331298828e-01
3.109724044799804688e+00 4.907388612627983093e-02 8.850449323654174805e-01
3.012548923492431641e+00 6.948144733905792236e-02 8.826180100440979004e-01
2.946453332901000977e+00 8.341860026121139526e-02 8.774867057800292969e-01
2.894018173217773438e+00 9.451172500848770142e-02 8.715209960937500000e-01
2.860988378524780273e+00 1.015198305249214172e-01 8.668070435523986816e-01
2.778724908828735352e+00 1.190087795257568359e-01 8.535535335540771484e-01
2.732297658920288086e+00 1.289306581020355225e-01 8.439213633537292480e-01
2.657904386520385742e+00 1.448817402124404907e-01 8.265056014060974121e-01
2.614854097366333008e+00 1.541648060083389282e-01 8.145575523376464844e-01
2.558228492736816406e+00 1.664194613695144653e-01 7.973870038986206055e-01
2.496211528778076172e+00 1.799087673425674438e-01 7.764463424682617188e-01
2.404520511627197266e+00 1.999717652797698975e-01 7.419399023056030273e-01
2.385261297225952148e+00 2.042265236377716064e-01 7.335519194602966309e-01
2.328654289245605469e+00 2.167603671550750732e-01 7.081683278083801270e-01
2.264521837234497070e+00 2.310575842857360840e-01 6.769350767135620117e-01
2.191409826278686523e+00 2.474929690361022949e-01 6.380110979080200195e-01
2.157243728637695312e+00 2.552533745765686035e-01 6.179706454277038574e-01
2.083625555038452148e+00 2.720637619495391846e-01 5.728390216827392578e-01
2.021345376968383789e+00 2.864578068256378174e-01 5.309630632400512695e-01
1.976274490356445312e+00 2.969928085803985596e-01 4.982516765594482422e-01
1.914994001388549805e+00 3.114449083805084229e-01 4.512737095355987549e-01
1.874232053756713867e+00 3.211838603019714355e-01 4.176391959190368652e-01
1.841344118118286133e+00 3.291161358356475830e-01 3.891399204730987549e-01
1.769261598587036133e+00 3.466435074806213379e-01 3.241530656814575195e-01
1.734524488449096680e+00 3.552519977092742920e-01 2.900071740150451660e-01
1.680283427238464355e+00 3.688319027423858643e-01 2.343762218952178955e-01
1.617188215255737305e+00 3.849005401134490967e-01 1.651906967163085938e-01
1.598444819450378418e+00 3.897803127765655518e-01 1.429396271705627441e-01
1.535781741142272949e+00 4.062133431434631348e-01 6.671017408370971680e-02
1.502452969551086426e+00 4.151816070079803467e-01 2.267569303512573242e-02
1.426220655441284180e+00 4.408423006534576416e-01 1.035016253590583801e-01
1.365173220634460449e+00 4.612390398979187012e-01 1.629530340433120728e-01
1.312501430511474609e+00 4.787460863590240479e-01 2.109271138906478882e-01
1.269763112068176270e+00 4.928942918777465820e-01 2.476825863122940063e-01
1.172305345535278320e+00 5.250606536865234375e-01 3.276902437210083008e-01
1.112457752227783203e+00 5.446903705596923828e-01 3.717854619026184082e-01
1.038645744323730469e+00 5.688212513923645020e-01 4.226481616497039795e-01
9.706772565841674805e-01 5.909611582756042480e-01 4.656853079795837402e-01
9.310731291770935059e-01 6.038237810134887695e-01 4.888301491737365723e-01
8.808629512786865234e-01 6.201062202453613281e-01 5.168030858039855957e-01
7.885502576828002930e-01 6.499882936477661133e-01 5.651211738586425781e-01
7.396419644355773926e-01 6.657732129096984863e-01 5.877946615219116211e-01
6.478412747383117676e-01 6.953630447387695312e-01 6.275652647018432617e-01
5.728708505630493164e-01 7.194756269454956055e-01 6.558865904808044434e-01
4.992077052593231201e-01 7.431347370147705078e-01 6.804965138435363770e-01
4.596365094184875488e-01 7.558302879333496094e-01 6.920626759529113770e-01
3.378944396972656250e-01 7.948710322380065918e-01 7.249677181243896484e-01
2.880860567092895508e-01 8.108254671096801758e-01 7.351074218750000000e-01
2.003829479217529297e-01 8.389127254486083984e-01 7.506241798400878906e-01
1.621316969394683838e-01 8.511610627174377441e-01 7.556123137474060059e-01
5.173335969448089600e-02 8.865146040916442871e-01 7.677918672561645508e-01
-3.772027790546417236e-03 9.042972326278686523e-01 7.707077264785766602e-01
-9.436444193124771118e-02 9.333354234695434570e-01 7.728483080863952637e-01
-1.779869794845581055e-01 9.601675868034362793e-01 7.708724141120910645e-01
-2.393345832824707031e-01 9.798784255981445312e-01 7.667341828346252441e-01
-3.049297034740447998e-01 1.000979781150817871e+00 7.601844072341918945e-01
-3.821712136268615723e-01 1.025865435600280762e+00 7.497707009315490723e-01
-4.555185735225677490e-01 1.049545168876647949e+00 7.368208765983581543e-01
-5.129919648170471191e-01 1.068142414093017578e+00 7.243551015853881836e-01
-6.022067666053771973e-01 1.097069382667541504e+00 7.021304368972778320e-01
-6.562126278877258301e-01 1.114641666412353516e+00 6.859130859375000000e-01
-7.296223640441894531e-01 1.138586044311523438e+00 6.615282893180847168e-01
-7.864546775817871094e-01 1.157190799713134766e+00 6.401206254959106445e-01
-8.825730681419372559e-01 1.188755631446838379e+00 6.004928946495056152e-01
-9.256984591484069824e-01 1.203000903129577637e+00 5.800152420997619629e-01
-9.755286574363708496e-01 1.219510555267333984e+00 5.548883676528930664e-01
-1.045877933502197266e+00 1.242905497550964355e+00 5.169500708580017090e-01
-1.100894927978515625e+00 1.261306047439575195e+00 4.844450056552886963e-01
-1.162552714347839355e+00 1.282029986381530762e+00 4.454011917114257812e-01
-1.263814806938171387e+00 1.316272377967834473e+00 3.762221336364746094e-01
-1.310709953308105469e+00 1.332307457923889160e+00 3.400564789772033691e-01
-1.338180065155029297e+00 1.341756820678710938e+00 3.176504373550415039e-01
-1.433630347251892090e+00 1.374714970588684082e+00 2.371915578842163086e-01
-1.476701021194458008e+00 1.389798402786254883e+00 1.965368986129760742e-01
-1.512843847274780273e+00 1.402550339698791504e+00 1.605928391218185425e-01
-1.580958485603332520e+00 1.426745891571044922e+00 8.977770805358886719e-02
-1.628830313682556152e+00 1.443989634513854980e+00 3.561284765601158142e-02
-1.676956057548522949e+00 1.461520433425903320e+00 -2.229823172092437744e-02
-1.758827924728393555e+00 1.497727036476135254e+00 5.788566917181015015e-02
-1.845138549804687500e+00 1.535636067390441895e+00 1.352505087852478027e-01
-1.916247010231018066e+00 1.566670536994934082e+00 1.933352351188659668e-01
-1.979145884513854980e+00 1.593995451927185059e+00 2.409281432628631592e-01
-2.087574005126953125e+00 1.640924930572509766e+00 3.175525963306427002e-01
-2.186984777450561523e+00 1.683701634407043457e+00 3.797580599784851074e-01
-2.269034862518310547e+00 1.718844413757324219e+00 4.254725575447082520e-01
-2.355616569519042969e+00 1.755802989006042480e+00 4.691010117530822754e-01
-2.406378746032714844e+00 1.777402162551879883e+00 4.919579029083251953e-01
-2.461917161941528320e+00 1.800993680953979492e+00 5.152860283851623535e-01
-2.595747470855712891e+00 1.857743978500366211e+00 5.671733021736145020e-01
-2.678796768188476562e+00 1.892825961112976074e+00 5.930922627449035645e-01
-2.788145780563354492e+00 1.938926339149475098e+00 6.223002672195434570e-01
-2.834502458572387695e+00 1.958425045013427734e+00 6.320018172264099121e-01
-2.967228889465332031e+00 2.014208078384399414e+00 6.565944552421569824e-01
-2.990169286727905273e+00 2.023829221725463867e+00 6.592843532562255859e-01
-3.099792003631591797e+00 2.069791793823242188e+00 6.708688139915466309e-01
-3.215583086013793945e+00 2.118280410766601562e+00 6.767059564590454102e-01
-3.295289039611816406e+00 2.151627302169799805e+00 6.760877966880798340e-01
-3.354636669158935547e+00 2.176447868347167969e+00 6.732469797134399414e-01
-3.453206062316894531e+00 2.217667102813720703e+00 6.655689477920532227e-01
-3.526902198791503906e+00 2.248484611511230469e+00 6.561166644096374512e-01
-3.671270608901977539e+00 2.308869123458862305e+00 6.320840716361999512e-01
-3.723977565765380859e+00 2.330932855606079102e+00 6.192721128463745117e-01
-3.832819223403930664e+00 2.376521587371826172e+00 5.896766781806945801e-01
-3.884782552719116211e+00 2.398318052291870117e+00 5.723703503608703613e-01
-3.957772731781005859e+00 2.428962945938110352e+00 5.458540916442871094e-01
-4.055548667907714844e+00 2.470075607299804688e+00 5.060629844665527344e-01
-4.153776168823242188e+00 2.511476993560791016e+00 4.600903987884521484e-01
-4.241081714630126953e+00 2.548384428024291992e+00 4.135540127754211426e-01
-4.273922443389892578e+00 2.562312126159667969e+00 3.940254449844360352e-01
-4.345976829528808594e+00 2.592913866043090820e+00 3.494192957878112793e-01
-4.422342300415039062e+00 2.625455617904663086e+00 2.978887856006622314e-01
-4.503171920776367188e+00 2.660041570663452148e+00 2.382418215274810791e-01
-4.590211391448974609e+00 2.697473764419555664e+00 1.677177548408508301e-01
-4.665697574615478516e+00 2.730146884918212891e+00 1.000958308577537537e-01
-4.711803436279296875e+00 2.750236511230468750e+00 5.498849600553512573e-02
-4.804219722747802734e+00 2.790695905685424805e+00 -4.054378718137741089e-02
-4.866031646728515625e+00 2.823549985885620117e+00 1.167633011937141418e-02
-4.967387199401855469e+00 2.877157449722290039e+00 9.180150926113128662e-02
-5.101362228393554688e+00 2.947490453720092773e+00 1.865850239992141724e-01
-5.137115478515625000e+00 2.966095447540283203e+00 2.083058208227157593e-01
-5.288328647613525391e+00 3.044618129730224609e+00 2.964500188827514648e-01
-5.391947269439697266e+00 3.097975015640258789e+00 3.465109467506408691e-01
-5.487314701080322266e+00 3.146834850311279297e+00 3.865653574466705322e-01
-5.600297927856445312e+00 3.204472541809082031e+00 4.277597665786743164e-01
-5.734388351440429688e+00 3.272557258605957031e+00 4.681908488273620605e-01
-5.835839271545410156e+00 3.323807001113891602e+00 4.914729893207550049e-01
-5.956080913543701172e+00 3.384337186813354492e+00 5.127251744270324707e-01
-6.049492835998535156e+00 3.431181192398071289e+00 5.235054492950439453e-01
-6.158815860748291016e+00 3.485854864120483398e+00 5.309873223304748535e-01
-6.281670570373535156e+00 3.547113418579101562e+00 5.326786041259765625e-01
-6.385320186614990234e+00 3.598637580871582031e+00 5.277370214462280273e-01
-6.533702850341796875e+00 3.672226428985595703e+00 5.129212141036987305e-01
-6.646052360534667969e+00 3.727775096893310547e+00 4.931724965572357178e-01
-6.685419082641601562e+00 3.747200727462768555e+00 4.839290082454681396e-01
-6.792187690734863281e+00 3.799853801727294922e+00 4.566021859645843506e-01
-6.918179035186767578e+00 3.861890316009521484e+00 4.169703423976898193e-01
-7.005529403686523438e+00 3.904834032058715820e+00 3.831818103790283203e-01
-7.145220756530761719e+00 3.973454713821411133e+00 3.217805027961730957e-01
-7.203498363494873047e+00 4.002054691314697266e+00 2.909494042396545410e-01
-7.361192226409912109e+00 4.079432010650634766e+00 2.012067139148712158e-01
-7.444687366485595703e+00 4.120398044586181641e+00 1.439679116010665894e-01
-7.503968715667724609e+00 4.149498462677001953e+00 9.923411905765533447e-02
-7.601306915283203125e+00 4.197310447692871094e+00 2.062915265560150146e-02
-7.685057640075683594e+00 4.238506793975830078e+00 -5.491849780082702637e-02
-7.889506816864013672e+00 4.362322330474853516e+00 1.089414805173873901e-01
-8.029195785522460938e+00 4.445352554321289062e+00 1.975450813770294189e-01
-8.138428688049316406e+00 4.509582519531250000e+00 2.561583518981933594e-01
-8.263773918151855469e+00 4.582723140716552734e+00 3.146214783191680908e-01
-8.426756858825683594e+00 4.677047252655029297e+00 3.782743811607360840e-01
-8.592623710632324219e+00 4.772088050842285156e+00 4.276121258735656738e-01
-8.737474441528320312e+00 4.854309558868408203e+00 4.577101171016693115e-01
-8.838763236999511719e+00 4.911363124847412109e+00 4.711229503154754639e-01
-9.042211532592773438e+00 5.025373935699462891e+00 4.875660538673400879e-01
-9.251226425170898438e+00 5.141329288482666016e+00 4.828922450542449951e-01
-9.340597152709960938e+00 5.190419197082519531e+00 4.713782668113708496e-01
-9.525099754333496094e+00 5.291351795196533203e+00 4.390695691108703613e-01
-9.705949783325195312e+00 5.389451980590820312e+00 3.895780444145202637e-01
-9.797519683837890625e+00 5.438714027404785156e+00 3.551511466503143311e-01
-9.929262161254882812e+00 5.509294986724853516e+00 2.983641922473907471e-01
-1.004138278961181641e+01 5.568998813629150391e+00 2.406145185232162476e-01
-1.016825675964355469e+01 5.636203765869140625e+00 1.654443442821502686e-01
-1.032708930969238281e+01 5.719820499420166016e+00 5.610910803079605103e-02
-1.045733451843261719e+01 5.787830829620361328e+00 -5.131551623344421387e-02
-1.063923549652099609e+01 5.903799057006835938e+00 7.348874956369400024e-02
-1.079399204254150391e+01 6.000235080718994141e+00 1.590287685394287109e-01
-1.113918018341064453e+01 6.211564064025878906e+00 3.151735663414001465e-01
-1.138703346252441406e+01 6.357793807983398438e+00 3.770411014556884766e-01
-1.153527927398681641e+01 6.443129062652587891e+00 3.948628008365631104e-01
-1.178611373901367188e+01 6.585446834564208984e+00 4.064341485500335693e-01
-1.206694507598876953e+01 6.740868568420410156e+00 3.842900395393371582e-01
-1.235670566558837891e+01 6.896626949310302734e+00 3.201521337032318115e-01
-1.250557804107666016e+01 6.974061965942382812e+00 2.638932764530181885e-01
-1.275153923034667969e+01 7.099620342254638672e+00 1.493935286998748779e-01
-1.292255115509033203e+01 7.183891773223876953e+00 4.217602312564849854e-02
-1.314221954345703125e+01 7.289004802703857422e+00 -1.244923472404479980e-01
-1.383191585540771484e+01 7.690854072570800781e+00 1.886838078498840332e-01
-1.422716808319091797e+01 7.893965721130371094e+00 2.181020379066467285e-01
-1.495606231689453125e+01 8.242974281311035156e+00 1.398504674434661865e-01
-1.548752689361572266e+01 8.459766387939453125e+00 -1.077640056610107422e-01
-1.569797801971435547e+01 8.531022071838378906e+00 -2.771110534667968750e-01
-1.893616485595703125e+01 9.450613021850585938e+00 6.726465821266174316e-01
-2.083318710327148438e+01 8.831760406494140625e+00 -1.092874526977539062e+00
-2.092585945129394531e+01 6.361649036407470703e+00 -5.108743190765380859e+00
-2.754235351562500000e+03 1.096938378906250000e+04 -2.365650976562500000e+04
4.022783192544051200e+17 -1.219858260677361664e+18 2.098570086531989504e+18
5.930841311648153600e+17 -1.798453027611344896e+18 3.093949304503533568e+18
9.345641303276257280e+17 -2.833948064761249792e+18 4.875352205302956032e+18
1.188571382431088640e+18 -3.604193068535775232e+18 6.200435240586969088e+18
1.608392272267706368e+18 -4.877247213593427968e+18 8.390520016360964096e+18
1.756422958689026048e+18 -5.326131631726002176e+18 9.162753761792229376e+18
2.228150692961320960e+18 -6.756586913613742080e+18 1.162362131345257267e+19
2.322592419595419648e+18 -7.042969560474976256e+18 1.211629598118458163e+19
2.681374608610820096e+18 -8.130931368357003264e+18 1.398795944077557760e+19
3.053854513485053952e+18 -9.260429976757338112e+18 1.593108016105573581e+19
3.193234104980078592e+18 -9.683081146962804736e+18 1.665818280245749350e+19
3.529427377358635008e+18 -1.070254502970182861e+19 1.841200610334159667e+19
3.851682690587688960e+18 -1.167974368546914304e+19 2.009311760076924518e+19
4.213829385184083968e+18 -1.277790731198948966e+19 2.198233146496280166e+19
4.510131276195299328e+18 -1.367640512446385357e+19 2.352805349859262464e+19
4.816285890903015424e+18 -1.460477996639977472e+19 2.512517330277446451e+19
4.979215921953374208e+18 -1.509884441682929254e+19 2.597513097541740134e+19
5.202223268345413632e+18 -1.577508584935338803e+19 2.713849564146486477e+19
5.655687702163488768e+18 -1.715015928030586470e+19 2.950408831155516211e+19
5.819338463085854720e+18 -1.764640955985140122e+19 3.035780851298834842e+19
6.160097457498750976e+18 -1.867971739349575270e+19 3.213545053426496307e+19
6.546515321522487296e+18 -1.985148012935616922e+19 3.415128195848994816e+19
6.791871341260701696e+18 -2.059549106056986624e+19 3.543123443950026752e+19
7.143203789242105856e+18 -2.166086285230342144e+19 3.726403676011914854e+19
7.382311834155483136e+18 -2.238592699914728243e+19 3.851139311941242061e+19
7.610125145872531456e+18 -2.307674355780917658e+19 3.969982884959643238e+19
7.819434776405737472e+18 -2.371144983908240589e+19 4.079173625495473357e+19
8.105403457139113984e+18 -2.457861266967678157e+19 4.228354923347469926e+19
8.450728173586350080e+18 -2.562576775276134400e+19 4.408501107465545318e+19
8.832820558866415616e+18 -2.678441551392564838e+19 4.607827612223196365e+19
9.138734930283462656e+18 -2.771206247916398182e+19 4.767414248315813888e+19
9.379524678231523328e+18 -2.844222835996072346e+19 4.893027734328757453e+19
