2.326037025451660156e+01 -2.359390407800674438e-01 3.237254619598388672e-01
2.312012863159179688e+01 -2.413287609815597534e-01 4.145105481147766113e-01
2.300080299377441406e+01 -2.459633797407150269e-01 4.909799993038177490e-01
2.287660026550292969e+01 -2.508297264575958252e-01 5.698791146278381348e-01
2.269232940673828125e+01 -2.581138014793395996e-01 6.858476996421813965e-01
2.257192993164062500e+01 -2.629344165325164795e-01 7.605463862419128418e-01
2.239850807189941406e+01 -2.699337601661682129e-01 8.671145439147949219e-01
2.221121406555175781e+01 -2.775783538818359375e-01 9.805844426155090332e-01
2.215194511413574219e+01 -2.800258696079254150e-01 1.015927076339721680e+00
2.201558303833007812e+01 -2.856766879558563232e-01 1.096822977066040039e+00
2.178879356384277344e+01 -2.951501011848449707e-01 1.229752659797668457e+00
2.167002868652343750e+01 -3.001753389835357666e-01 1.297932505607604980e+00
2.160969734191894531e+01 -3.027442693710327148e-01 1.332178592681884766e+00
2.147244834899902344e+01 -3.086065948009490967e-01 1.409633517265319824e+00
2.127463340759277344e+01 -3.171148896217346191e-01 1.519766330718994141e+00
2.117618560791015625e+01 -3.213903605937957764e-01 1.573478698730468750e+00
2.100810432434082031e+01 -3.287230134010314941e-01 1.664235115051269531e+00
2.091164970397949219e+01 -3.329625725746154785e-01 1.715373635292053223e+00
2.072491264343261719e+01 -3.412038683891296387e-01 1.813316106796264648e+00
2.062534141540527344e+01 -3.456319570541381836e-01 1.864425420761108398e+00
2.056438064575195312e+01 -3.483532965183258057e-01 1.895346403121948242e+00
2.040959358215332031e+01 -3.552787005901336670e-01 1.973278999328613281e+00
2.026155662536621094e+01 -3.619391918182373047e-01 2.046386480331420898e+00
2.017950820922851562e+01 -3.656492829322814941e-01 2.086136579513549805e+00
2.006996154785156250e+01 -3.706156015396118164e-01 2.138632059097290039e+00
1.994031906127929688e+01 -3.765123784542083740e-01 2.199836492538452148e+00
1.977587890625000000e+01 -3.840194642543792725e-01 2.276067495346069336e+00
1.964560508728027344e+01 -3.899923563003540039e-01 2.335026741027832031e+00
1.957783699035644531e+01 -3.931088745594024658e-01 2.365097045898437500e+00
1.940506172180175781e+01 -4.010655879974365234e-01 2.440956115722656250e+00
1.929229545593261719e+01 -4.062763452529907227e-01 2.489107608795166016e+00
1.914592933654785156e+01 -4.130522012710571289e-01 2.550436258316040039e+00
1.903970146179199219e+01 -4.179801642894744873e-01 2.593826770782470703e+00
1.891574478149414062e+01 -4.237376451492309570e-01 2.643497228622436523e+00
1.880005645751953125e+01 -4.291173219680786133e-01 2.688791513442993164e+00
1.873461723327636719e+01 -4.321628808975219727e-01 2.713843822479248047e+00
1.861816596984863281e+01 -4.375842511653900146e-01 2.757846593856811523e+00
1.852490234375000000e+01 -4.419279396533966064e-01 2.792253255844116211e+00
1.839408302307128906e+01 -4.480215907096862793e-01 2.839566946029663086e+00
1.831557083129882812e+01 -4.516785144805908203e-01 2.867153167724609375e+00
1.816088676452636719e+01 -4.588815569877624512e-01 2.920533895492553711e+00
1.810860443115234375e+01 -4.613143503665924072e-01 2.937921285629272461e+00
1.798264694213867188e+01 -4.671729803085327148e-01 2.979270935058593750e+00
1.787796401977539062e+01 -4.720365703105926514e-01 3.012543678283691406e+00
1.770989990234375000e+01 -4.798354208469390869e-01 3.064483165740966797e+00
1.767147064208984375e+01 -4.816145598888397217e-01 3.075807332992553711e+00
1.750438308715820312e+01 -4.893447756767272949e-01 3.124487876892089844e+00
1.746404647827148438e+01 -4.912051856517791748e-01 3.135648727416992188e+00
1.731735229492187500e+01 -4.979650974273681641e-01 3.175712585449218750e+00
1.724216461181640625e+01 -5.014181733131408691e-01 3.195256233215332031e+00
1.714061546325683594e+01 -5.060727000236511230e-01 3.220956325531005859e+00
1.698459053039550781e+01 -5.132037401199340820e-01 3.258984327316284180e+00
1.694611167907714844e+01 -5.149539709091186523e-01 3.267800569534301758e+00
1.684829330444335938e+01 -5.193974971771240234e-01 3.289856433868408203e+00
1.671858024597167969e+01 -5.252696275711059570e-01 3.317891597747802734e+00
1.660844612121582031e+01 -5.302311778068542480e-01 3.340310573577880859e+00
1.649212837219238281e+01 -5.354477763175964355e-01 3.362728118896484375e+00
1.641726875305175781e+01 -5.387880802154541016e-01 3.376286506652832031e+00
1.633166122436523438e+01 -5.425946712493896484e-01 3.391144275665283203e+00
1.624775695800781250e+01 -5.463101863861083984e-01 3.404973983764648438e+00
1.613861465454101562e+01 -5.511228442192077637e-01 3.422019243240356445e+00
1.604372978210449219e+01 -5.552828907966613770e-01 3.435757160186767578e+00
1.597864341735839844e+01 -5.581215620040893555e-01 3.444527864456176758e+00
1.585154342651367188e+01 -5.636441707611083984e-01 3.460771799087524414e+00
1.579354953765869141e+01 -5.661451816558837891e-01 3.467386722564697266e+00
1.568048286437988281e+01 -5.710037350654602051e-01 3.479566574096679688e+00
1.560589694976806641e+01 -5.741858482360839844e-01 3.486668825149536133e+00
1.551123905181884766e+01 -5.782046914100646973e-01 3.494893074035644531e+00
1.539914703369140625e+01 -5.829337239265441895e-01 3.503432512283325195e+00
1.534901046752929688e+01 -5.850327610969543457e-01 3.506608247756958008e+00
1.526347064971923828e+01 -5.886015295982360840e-01 3.511530637741088867e+00
1.516638946533203125e+01 -5.926275253295898438e-01 3.516148328781127930e+00
1.507563304901123047e+01 -5.963653326034545898e-01 3.519425153732299805e+00
1.498615550994873047e+01 -6.000266671180725098e-01 3.521685838699340820e+00
1.485919761657714844e+01 -6.051885485649108887e-01 3.523520946502685547e+00
1.479563045501708984e+01 -6.077497601509094238e-01 3.523450851440429688e+00
1.470836353302001953e+01 -6.112504005432128906e-01 3.522667169570922852e+00
1.461126518249511719e+01 -6.151221990585327148e-01 3.520734310150146484e+00
1.452094173431396484e+01 -6.187005043029785156e-01 3.517824888229370117e+00
1.448560428619384766e+01 -6.200923323631286621e-01 3.516277313232421875e+00
1.434475612640380859e+01 -6.256279945373535156e-01 3.509465217590332031e+00
1.425321960449218750e+01 -6.291951537132263184e-01 3.503350257873535156e+00
1.422785186767578125e+01 -6.301788091659545898e-01 3.501346826553344727e+00
1.411089134216308594e+01 -6.347083449363708496e-01 3.491712570190429688e+00
1.407165145874023438e+01 -6.362192630767822266e-01 3.487859010696411133e+00
1.398743152618408203e+01 -6.394566297531127930e-01 3.479135990142822266e+00
1.389150238037109375e+01 -6.431313753128051758e-01 3.468084812164306641e+00
1.377546691894531250e+01 -6.475607156753540039e-01 3.453160762786865234e+00
1.370827102661132812e+01 -6.501163840293884277e-01 3.443411111831665039e+00
1.364228439331054688e+01 -6.526218652725219727e-01 3.433198690414428711e+00
1.356421279907226562e+01 -6.555820703506469727e-01 3.420367002487182617e+00
1.348428630828857422e+01 -6.586084961891174316e-01 3.406313657760620117e+00
1.341626834869384766e+01 -6.611812710762023926e-01 3.393545627593994141e+00
1.330402374267578125e+01 -6.654244065284729004e-01 3.371327400207519531e+00
1.324641323089599609e+01 -6.676009893417358398e-01 3.358937740325927734e+00
1.317522907257080078e+01 -6.702904701232910156e-01 3.342995405197143555e+00
1.310052776336669922e+01 -6.731135249137878418e-01 3.325435400009155273e+00
1.299691200256347656e+01 -6.770313978195190430e-01 3.299856662750244141e+00
1.293482780456542969e+01 -6.793814301490783691e-01 3.283500909805297852e+00
1.289480495452880859e+01 -6.808978319168090820e-01 3.272554159164428711e+00
1.280330085754394531e+01 -6.843672990798950195e-01 3.246927261352539062e+00
1.273836708068847656e+01 -6.868337988853454590e-01 3.227759838104248047e+00
1.262429141998291016e+01 -6.911734938621520996e-01 3.192847251892089844e+00
1.258491134643554688e+01 -6.926760077476501465e-01 3.180032491683959961e+00
1.253264713287353516e+01 -6.946725249290466309e-01 3.162671327590942383e+00
1.244083976745605469e+01 -6.981853842735290527e-01 3.131343364715576172e+00
1.237453842163085938e+01 -7.007300853729248047e-01 3.107652187347412109e+00
1.228757858276367188e+01 -7.040757536888122559e-01 3.075555801391601562e+00
1.223800468444824219e+01 -7.059894204139709473e-01 3.056483268737792969e+00
1.217840766906738281e+01 -7.082946896553039551e-01 3.033017158508300781e+00
1.210509872436523438e+01 -7.111374735832214355e-01 3.003350496292114258e+00
1.202516651153564453e+01 -7.142470479011535645e-01 2.969916582107543945e+00
1.195246505737304688e+01 -7.170856595039367676e-01 2.938414812088012695e+00
1.185723018646240234e+01 -7.208170294761657715e-01 2.895831346511840820e+00
1.181974029541015625e+01 -7.222928404808044434e-01 2.878378629684448242e+00
1.176485252380371094e+01 -7.244576811790466309e-01 2.852424621582031250e+00
1.165685749053955078e+01 -7.287293076515197754e-01 2.800191879272460938e+00
1.158514118194580078e+01 -7.315822839736938477e-01 2.763959884643554688e+00
1.153863143920898438e+01 -7.334398627281188965e-01 2.739786386489868164e+00
1.148339653015136719e+01 -7.356516122817993164e-01 2.710551977157592773e+00
1.139171218872070312e+01 -7.393345236778259277e-01 2.660979032516479492e+00
1.136623764038085938e+01 -7.403632402420043945e-01 2.646716356277465820e+00
1.125323772430419922e+01 -7.449333071708679199e-01 2.582841396331787109e+00
1.119159030914306641e+01 -7.474433183670043945e-01 2.546503067016601562e+00
1.114384937286376953e+01 -7.493943572044372559e-01 2.517722129821777344e+00
1.109350967407226562e+01 -7.514575719833374023e-01 2.486847162246704102e+00
1.104220199584960938e+01 -7.535669803619384766e-01 2.454806327819824219e+00
1.092984580993652344e+01 -7.582010030746459961e-01 2.383354187011718750e+00
1.087899971008300781e+01 -7.603128552436828613e-01 2.349723100662231445e+00
1.083767223358154297e+01 -7.620348930358886719e-01 2.321903944015502930e+00
1.079124546051025391e+01 -7.639744877815246582e-01 2.290206909179687500e+00
1.069859504699707031e+01 -7.678565979003906250e-01 2.225945472717285156e+00
1.062019062042236328e+01 -7.711613178253173828e-01 2.169843196868896484e+00
1.057278633117675781e+01 -7.731694579124450684e-01 2.135028123855590820e+00
1.054230594635009766e+01 -7.744646668434143066e-01 2.112290143966674805e+00
1.046637058258056641e+01 -7.776976227760314941e-01 2.055076360702514648e+00
1.042031002044677734e+01 -7.796682715415954590e-01 2.019504785537719727e+00
1.032213687896728516e+01 -7.838810682296752930e-01 1.942553400993347168e+00
1.029033851623535156e+01 -7.852542996406555176e-01 1.916835188865661621e+00
1.021224212646484375e+01 -7.886337637901306152e-01 1.853032827377319336e+00
1.018399238586425781e+01 -7.898623943328857422e-01 1.829379558563232422e+00
1.012344169616699219e+01 -7.925006151199340820e-01 1.778231382369995117e+00
1.003970146179199219e+01 -7.961633205413818359e-01 1.706151008605957031e+00
9.974508285522460938e+00 -7.990301251411437988e-01 1.648567199707031250e+00
9.946557998657226562e+00 -8.002642989158630371e-01 1.623382091522216797e+00
9.879557609558105469e+00 -8.032279610633850098e-01 1.562495350837707520e+00
9.813718795776367188e+00 -8.061525821685791016e-01 1.501438379287719727e+00
9.749377250671386719e+00 -8.090224266052246094e-01 1.440576791763305664e+00
9.700956344604492188e+00 -8.111907839775085449e-01 1.393886089324951172e+00
9.668894767761230469e+00 -8.126308321952819824e-01 1.362521886825561523e+00
9.593608856201171875e+00 -8.160189390182495117e-01 1.288171291351318359e+00
9.523477554321289062e+00 -8.191895484924316406e-01 1.217357993125915527e+00
9.469511985778808594e+00 -8.216395974159240723e-01 1.161737442016601562e+00
9.427418708801269531e+00 -8.235567212104797363e-01 1.117666244506835938e+00
9.355545997619628906e+00 -8.268382549285888672e-01 1.041491150856018066e+00
9.340004920959472656e+00 -8.275508284568786621e-01 1.024674296379089355e+00
9.270396232604980469e+00 -8.307451009750366211e-01 9.490143656730651855e-01
9.204556465148925781e+00 -8.337784409523010254e-01 8.760076761245727539e-01
9.178442001342773438e+00 -8.349860310554504395e-01 8.465014696121215820e-01
9.090764999389648438e+00 -8.390461802482604980e-01 7.466973066329956055e-01
9.064405441284179688e+00 -8.402727246284484863e-01 7.159368991851806641e-01
9.012491226196289062e+00 -8.426916599273681641e-01 6.549035310745239258e-01
8.966460227966308594e+00 -8.448423743247985840e-01 5.999891757965087891e-01
8.911894798278808594e+00 -8.473979234695434570e-01 5.340466499328613281e-01
8.848947525024414062e+00 -8.503541946411132812e-01 4.568036198616027832e-01
8.804159164428710938e+00 -8.524642586708068848e-01 4.008702933788299561e-01
8.763155937194824219e+00 -8.544001579284667969e-01 3.490221202373504639e-01
8.688142776489257812e+00 -8.579487204551696777e-01 2.530825138092041016e-01
8.668032646179199219e+00 -8.589034080505371094e-01 2.268227338790893555e-01
8.587625503540039062e+00 -8.627238273620605469e-01 1.212434023618698120e-01
8.560434341430664062e+00 -8.640203475952148438e-01 8.474006503820419312e-02
8.502696037292480469e+00 -8.667765259742736816e-01 6.646282970905303955e-03
8.458394050598144531e+00 -8.688962459564208984e-01 -5.423099920153617859e-02
8.408807754516601562e+00 -8.655767440795898438e-01 2.307566627860069275e-02
8.356566429138183594e+00 -8.621585965156555176e-01 9.967698156833648682e-02
8.304183006286621094e+00 -8.588035106658935547e-01 1.718432754278182983e-01
8.283042907714843750e+00 -8.574748039245605469e-01 1.992539465427398682e-01
8.226915359497070312e+00 -8.539708256721496582e-01 2.703219950199127197e-01
8.182430267333984375e+00 -8.512402772903442383e-01 3.232173025608062744e-01
8.113043785095214844e+00 -8.470309972763061523e-01 4.017931818962097168e-01
8.070857048034667969e+00 -8.445132374763488770e-01 4.460848569869995117e-01
8.037047386169433594e+00 -8.425122499465942383e-01 4.800109863281250000e-01
7.982872486114501953e+00 -8.393251299858093262e-01 5.324448943138122559e-01
7.940833091735839844e+00 -8.368734717369079590e-01 5.708346962928771973e-01
7.867551803588867188e+00 -8.326245546340942383e-01 6.348018050193786621e-01
7.810698986053466797e+00 -8.293570280075073242e-01 6.806188821792602539e-01
7.752013683319091797e+00 -8.260017037391662598e-01 7.250424623489379883e-01
7.715060710906982422e+00 -8.238977193832397461e-01 7.512336969375610352e-01
7.655956745147705078e+00 -8.205388784408569336e-01 7.914016246795654297e-01
7.610757827758789062e+00 -8.179760575294494629e-01 8.200733661651611328e-01
7.548191547393798828e+00 -8.144317269325256348e-01 8.576744794845581055e-01
7.503888607025146484e+00 -8.119230270385742188e-01 8.823142647743225098e-01
7.430274963378906250e+00 -8.077524304389953613e-01 9.209963679313659668e-01
7.406010627746582031e+00 -8.063753247261047363e-01 9.325411915779113770e-01
7.348938941955566406e+00 -8.031328916549682617e-01 9.587892293930053711e-01
7.260616302490234375e+00 -7.981010079383850098e-01 9.961538910865783691e-01
7.193326950073242188e+00 -7.942460775375366211e-01 1.020878195762634277e+00
7.149389266967773438e+00 -7.917146682739257812e-01 1.035215258598327637e+00
7.087176799774169922e+00 -7.881146073341369629e-01 1.053876638412475586e+00
7.024702548980712891e+00 -7.844747304916381836e-01 1.070315361022949219e+00
6.988083362579345703e+00 -7.823247909545898438e-01 1.078615903854370117e+00
6.941700935363769531e+00 -7.795879840850830078e-01 1.088149905204772949e+00
6.845126152038574219e+00 -7.738512158393859863e-01 1.105433583259582520e+00
6.786628246307373047e+00 -7.703244090080261230e-01 1.112687945365905762e+00
6.751465320587158203e+00 -7.681827545166015625e-01 1.115889310836791992e+00
6.703662395477294922e+00 -7.652520537376403809e-01 1.119297623634338379e+00
6.614146709442138672e+00 -7.597128748893737793e-01 1.123279094696044922e+00
6.564683914184570312e+00 -7.565959095954895020e-01 1.122992753982543945e+00
6.539141178131103516e+00 -7.549685239791870117e-01 1.122134327888488770e+00
6.476629734039306641e+00 -7.509618401527404785e-01 1.119132995605468750e+00
6.378706455230712891e+00 -7.445911765098571777e-01 1.110964775085449219e+00
6.364636898040771484e+00 -7.436529994010925293e-01 1.109003186225891113e+00
6.296246528625488281e+00 -7.390750646591186523e-01 1.098912000656127930e+00
6.227259159088134766e+00 -7.343688011169433594e-01 1.085986256599426270e+00
6.187107563018798828e+00 -7.315737605094909668e-01 1.076825141906738281e+00
6.128634929656982422e+00 -7.274523377418518066e-01 1.062072992324829102e+00
6.067317008972167969e+00 -7.230487465858459473e-01 1.044416904449462891e+00
6.015499591827392578e+00 -7.192502617835998535e-01 1.027519106864929199e+00
5.936910629272460938e+00 -7.133833765983581543e-01 9.992993474006652832e-01
5.895695686340332031e+00 -7.102168202400207520e-01 9.823836088180541992e-01
5.851130485534667969e+00 -7.067374587059020996e-01 9.628545641899108887e-01
5.796013832092285156e+00 -7.023565173149108887e-01 9.370086193084716797e-01
5.754507541656494141e+00 -6.989807486534118652e-01 9.159247279167175293e-01
5.701502323150634766e+00 -6.945911049842834473e-01 8.873931169509887695e-01
5.621688365936279297e+00 -6.878215074539184570e-01 8.412489295005798340e-01
5.595339298248291016e+00 -6.855010986328125000e-01 8.243633508682250977e-01
5.529917716979980469e+00 -6.796627640724182129e-01 7.810182571411132812e-01
5.465569972991943359e+00 -6.737232804298400879e-01 7.348028421401977539e-01
5.435151576995849609e+00 -6.708150506019592285e-01 7.111917138099670410e-01
5.387623786926269531e+00 -6.661902666091918945e-01 6.729284524917602539e-01
5.320000648498535156e+00 -6.594207882881164551e-01 6.153218150138854980e-01
5.273783683776855469e+00 -6.545941233634948730e-01 5.726845264434814453e-01
5.227626323699951172e+00 -6.496220827102661133e-01 5.277064442634582520e-01
5.193912982940673828e+00 -6.458704471588134766e-01 4.929981529712677002e-01
5.136473655700683594e+00 -6.393166780471801758e-01 4.314145743846893311e-01
5.098231792449951172e+00 -6.347550749778747559e-01 3.874586522579193115e-01
5.069817066192626953e+00 -6.312564611434936523e-01 3.532117605209350586e-01
5.021450996398925781e+00 -6.251522302627563477e-01 2.927877604961395264e-01
4.997614860534667969e+00 -6.220089197158813477e-01 2.611034512519836426e-01
4.944562911987304688e+00 -6.148494482040405273e-01 1.883217692375183105e-01
4.915266990661621094e+00 -6.106783747673034668e-01 1.451500058174133301e-01
4.877414703369140625e+00 -6.051137447357177734e-01 8.701686561107635498e-02
4.845846652984619141e+00 -6.002662181854248047e-01 3.579339385032653809e-02
4.804214000701904297e+00 -5.936200022697448730e-01 -3.507059812545776367e-02
4.747420787811279297e+00 -5.808661580085754395e-01 3.476388752460479736e-02
4.689394950866699219e+00 -5.679525136947631836e-01 1.017495095729827881e-01
4.648132324218750000e+00 -5.588445663452148438e-01 1.464646607637405396e-01
4.572004318237304688e+00 -5.421284437179565430e-01 2.253978103399276733e-01
4.528021812438964844e+00 -5.325559377670288086e-01 2.674292027950286865e-01
4.465812683105468750e+00 -5.190767049789428711e-01 3.241790533065795898e-01
4.424717903137207031e+00 -5.102239251136779785e-01 3.592696189880371094e-01
4.341449737548828125e+00 -4.923474490642547607e-01 4.273356795310974121e-01
4.291002273559570312e+00 -4.815860986709594727e-01 4.650155901908874512e-01
4.219597816467285156e+00 -4.664045572280883789e-01 5.154848694801330566e-01
4.192887306213378906e+00 -4.607495665550231934e-01 5.329103469848632812e-01
4.121094226837158203e+00 -4.455707967281341553e-01 5.783468484878540039e-01
4.072533607482910156e+00 -4.353394806385040283e-01 6.065961718559265137e-01
4.005374908447265625e+00 -4.212176799774169922e-01 6.434347033500671387e-01
3.933721780776977539e+00 -4.061873555183410645e-01 6.795445084571838379e-01
3.845287561416625977e+00 -3.876767158508300781e-01 7.200510501861572266e-01
3.798746824264526367e+00 -3.779553174972534180e-01 7.388223409652709961e-01
3.746331691741943359e+00 -3.670151233673095703e-01 7.585024833679199219e-01
3.660789728164672852e+00 -3.491722941398620605e-01 7.879823446273803711e-01
3.633740425109863281e+00 -3.435342013835906982e-01 7.959689497947692871e-01
3.551075696945190430e+00 -3.263045847415924072e-01 8.191143274307250977e-01
3.474309921264648438e+00 -3.103041350841522217e-01 8.370584845542907715e-01
3.410183191299438477e+00 -2.969314754009246826e-01 8.493438363075256348e-01
3.343855619430541992e+00 -2.830891609191894531e-01 8.597443699836730957e-01
3.299383640289306641e+00 -2.737977504730224609e-01 8.651317358016967773e-01
3.227857828140258789e+00 -2.588396966457366943e-01 8.720968365669250488e-01
3.131995916366577148e+00 -2.387565970420837402e-01 8.777774572372436523e-01
3.064950942993164062e+00 -2.246699482202529907e-01 8.783301115036010742e-01
3.034398078918457031e+00 -2.182344198226928711e-01 8.774909377098083496e-01
2.952676057815551758e+00 -2.009983211755752563e-01 8.739131689071655273e-01
2.909029006958007812e+00 -1.917585730552673340e-01 8.700870871543884277e-01
2.838437318801879883e+00 -1.767809391021728516e-01 8.622316718101501465e-01
2.753058671951293945e+00 -1.585944592952728271e-01 8.494396209716796875e-01
2.704450130462646484e+00 -1.481853127479553223e-01 8.398556709289550781e-01
2.623971223831176758e+00 -1.308925598859786987e-01 8.217812180519104004e-01
2.572525501251220703e+00 -1.197712048888206482e-01 8.078503012657165527e-01
2.510555028915405273e+00 -1.063169986009597778e-01 7.891966104507446289e-01
2.478248357772827148e+00 -9.926398098468780518e-02 7.782711982727050781e-01
2.382088899612426758e+00 -7.820534706115722656e-02 7.438488006591796875e-01
2.310856580734252930e+00 -6.245275214314460754e-02 7.140479087829589844e-01
2.275421380996704102e+00 -5.455235764384269714e-02 6.975666880607604980e-01
2.231186866760253906e+00 -4.464645683765411377e-02 6.759291291236877441e-01
2.134480237960815430e+00 -2.286426536738872528e-02 6.256517767906188965e-01
2.108607530593872070e+00 -1.695748791098594666e-02 6.103895902633666992e-01
2.046349048614501953e+00 -2.686196938157081604e-03 5.724350810050964355e-01
2.005227088928222656e+00 6.836271844804286957e-03 5.453536510467529297e-01
1.948414802551269531e+00 2.008805051445960999e-02 5.060158371925354004e-01
1.889510869979858398e+00 3.397503495216369629e-02 4.623568952083587646e-01
1.822059750556945801e+00 5.006892606616020203e-02 4.087564647197723389e-01
1.769638657569885254e+00 6.276565045118331909e-02 3.636746108531951904e-01
1.716604709625244141e+00 7.577703148126602173e-02 3.151726126670837402e-01
1.667628765106201172e+00 8.796377480030059814e-02 2.674950361251831055e-01
1.622328162193298340e+00 9.939735382795333862e-02 2.207507491111755371e-01
1.562960505485534668e+00 1.145967617630958557e-01 1.560536623001098633e-01
1.511868715286254883e+00 1.279467046260833740e-01 9.617984294891357422e-02
1.490828752517700195e+00 1.335527747869491577e-01 6.988472491502761841e-02
1.451522469520568848e+00 1.441183388233184814e-01 1.939950510859489441e-02
1.376092433929443359e+00 1.697078794240951538e-01 9.855738282203674316e-02
1.333349347114562988e+00 1.841205507516860962e-01 1.398576200008392334e-01
1.226349711418151855e+00 2.200925052165985107e-01 2.386003732681274414e-01
1.194481253623962402e+00 2.307340502738952637e-01 2.647690474987030029e-01
1.112165808677673340e+00 2.581753432750701904e-01 3.300826549530029297e-01
1.068153738975524902e+00 2.727892398834228516e-01 3.619826436042785645e-01
9.764541387557983398e-01 3.031821846961975098e-01 4.252818226814270020e-01
9.356808662414550781e-01 3.166498541831970215e-01 4.506194293498992920e-01
8.254814743995666504e-01 3.530037403106689453e-01 5.159102082252502441e-01
7.440586090087890625e-01 3.797826468944549561e-01 5.580126643180847168e-01
7.095795869827270508e-01 3.911032974720001221e-01 5.740322470664978027e-01
6.404713988304138184e-01 4.137814044952392578e-01 6.046593189239501953e-01
5.571781396865844727e-01 4.410879909992218018e-01 6.380614638328552246e-01
4.742977917194366455e-01 4.682357907295227051e-01 6.672117710113525391e-01
4.261317849159240723e-01 4.840046167373657227e-01 6.818597912788391113e-01
3.165462613105773926e-01 5.198772549629211426e-01 7.122253179550170898e-01
2.784035801887512207e-01 5.323631167411804199e-01 7.204861044883728027e-01
2.158071100711822510e-01 5.528576970100402832e-01 7.327523827552795410e-01
1.110729202628135681e-01 5.871627926826477051e-01 7.497570514678955078e-01
6.108584254980087280e-02 6.035520434379577637e-01 7.550888061523437500e-01
-4.754485189914703369e-02 6.391942501068115234e-01 7.638159394264221191e-01
-9.024966508150100708e-02 6.532312035560607910e-01 7.648070454597473145e-01
-2.024586498737335205e-01 6.901482343673706055e-01 7.648963332176208496e-01
-2.555965483188629150e-01 7.076776623725891113e-01 7.617945075035095215e-01
-3.345848321914672852e-01 7.337756752967834473e-01 7.549555301666259766e-01
-3.853151202201843262e-01 7.505801320075988770e-01 7.484164834022521973e-01
-4.555765092372894287e-01 7.738977074623107910e-01 7.374277114868164062e-01
-5.555880665779113770e-01 8.071814775466918945e-01 7.179275155067443848e-01
-6.055542230606079102e-01 8.238840699195861816e-01 7.053818106651306152e-01
-6.837895512580871582e-01 8.501029610633850098e-01 6.834892630577087402e-01
-7.590897083282470703e-01 8.754463195800781250e-01 6.589527726173400879e-01
-8.145456314086914062e-01 8.941965103149414062e-01 6.383464932441711426e-01
-9.140841960906982422e-01 9.279770851135253906e-01 5.978983640670776367e-01
-9.891217350959777832e-01 9.536281228065490723e-01 5.625433921813964844e-01
-1.028463721275329590e+00 9.671609997749328613e-01 5.419783592224121094e-01
-1.119533777236938477e+00 9.986002445220947266e-01 4.918063580989837646e-01
-1.181757330894470215e+00 1.020273089408874512e+00 4.532916247844696045e-01
-1.208725333213806152e+00 1.029730916023254395e+00 4.352607727050781250e-01
-1.271482944488525391e+00 1.051811814308166504e+00 3.918893933296203613e-01
-1.347511529922485352e+00 1.078774452209472656e+00 3.352162241935729980e-01
-1.409321665763854980e+00 1.100928068161010742e+00 2.847848236560821533e-01
-1.458833098411560059e+00 1.118846297264099121e+00 2.413143068552017212e-01
-1.514414787292480469e+00 1.139134407043457031e+00 1.895451098680496216e-01
-1.575078845024108887e+00 1.161511540412902832e+00 1.291414946317672729e-01
-1.639953136444091797e+00 1.185748219490051270e+00 5.959281325340270996e-02
-1.666692018508911133e+00 1.195892095565795898e+00 2.851363085210323334e-02
-1.775975704193115234e+00 1.246005654335021973e+00 1.386879980564117432e-01
-1.864494085311889648e+00 1.286312222480773926e+00 2.180052697658538818e-01
-1.931980609893798828e+00 1.316897630691528320e+00 2.730303406715393066e-01
-1.974727034568786621e+00 1.336210727691650391e+00 3.054600358009338379e-01
-2.047605037689208984e+00 1.369079828262329102e+00 3.582696914672851562e-01
-2.154296159744262695e+00 1.417066097259521484e+00 4.296425580978393555e-01
-2.267360210418701172e+00 1.467738389968872070e+00 4.966127276420593262e-01
-2.341929674148559570e+00 1.501054763793945312e+00 5.351453423500061035e-01
-2.409273862838745117e+00 1.531093358993530273e+00 5.667804479598999023e-01
-2.465926170349121094e+00 1.556330561637878418e+00 5.910742282867431641e-01
-2.590709924697875977e+00 1.611867189407348633e+00 6.404096484184265137e-01
-2.684178113937377930e+00 1.653393626213073730e+00 6.706689000129699707e-01
-2.779679298400878906e+00 1.695785403251647949e+00 6.966621279716491699e-01
-2.844663381576538086e+00 1.724613547325134277e+00 7.110102772712707520e-01
-2.925523042678833008e+00 1.760477185249328613e+00 7.260901927947998047e-01
-3.020484924316406250e+00 1.802592039108276367e+00 7.397910952568054199e-01
-3.130978107452392578e+00 1.851602554321289062e+00 7.503083348274230957e-01
-3.196625947952270508e+00 1.880736589431762695e+00 7.528313994407653809e-01
-3.258168697357177734e+00 1.908064007759094238e+00 7.531273961067199707e-01
-3.371787548065185547e+00 1.958548665046691895e+00 7.500848770141601562e-01
-3.475357532501220703e+00 2.004635810852050781e+00 7.412284016609191895e-01
-3.539796113967895508e+00 2.033360958099365234e+00 7.322216629981994629e-01
-3.620966911315917969e+00 2.069594144821166992e+00 7.180925011634826660e-01
-3.721334457397460938e+00 2.114483356475830078e+00 6.962120532989501953e-01
-3.800312995910644531e+00 2.149904489517211914e+00 6.745938658714294434e-01
-3.843179941177368164e+00 2.169179201126098633e+00 6.609206199645996094e-01
-3.969228744506835938e+00 2.225944519042968750e+00 6.175371408462524414e-01
-4.029394149780273438e+00 2.253175020217895508e+00 5.922175645828247070e-01
-4.142670631408691406e+00 2.304589033126831055e+00 5.401803255081176758e-01
-4.222100734710693359e+00 2.340854644775390625e+00 4.976459443569183350e-01
-4.266424179077148438e+00 2.361190557479858398e+00 4.713779091835021973e-01
-4.372628211975097656e+00 2.410065889358520508e+00 4.048708975315093994e-01
-4.407063007354736328e+00 2.426039218902587891e+00 3.803768455982208252e-01
-4.500278472900390625e+00 2.469408750534057617e+00 3.112981915473937988e-01
-4.535993099212646484e+00 2.486170768737792969e+00 2.817865610122680664e-01
-4.608200550079345703e+00 2.520190477371215820e+00 2.195587754249572754e-01
-4.712583541870117188e+00 2.569783449172973633e+00 1.216499581933021545e-01
-4.776995658874511719e+00 2.600819349288940430e+00 5.328183621168136597e-02
-4.820186614990234375e+00 2.621849536895751953e+00 3.651615232229232788e-03
-4.896008968353271484e+00 2.666104555130004883e+00 7.857947051525115967e-02
-4.995856285095214844e+00 2.724076509475708008e+00 1.696855723857879639e-01
-5.121608257293701172e+00 2.796640634536743164e+00 2.729486823081970215e-01
-5.167763233184814453e+00 2.823095798492431641e+00 3.060561120510101318e-01
-5.272241592407226562e+00 2.882854461669921875e+00 3.773524463176727295e-01
-5.411176204681396484e+00 2.961966991424560547e+00 4.616583883762359619e-01
-5.525334835052490234e+00 3.026635885238647461e+00 5.202725529670715332e-01
-5.559115409851074219e+00 3.045703649520874023e+00 5.352101922035217285e-01
-5.721591472625732422e+00 3.137330293655395508e+00 6.037815213203430176e-01
-5.813544750213623047e+00 3.188968896865844727e+00 6.338968276977539062e-01
-5.884320735931396484e+00 3.228639125823974609e+00 6.534798145294189453e-01
-6.034740924835205078e+00 3.312843084335327148e+00 6.893530488014221191e-01
-6.138841152191162109e+00 3.370977401733398438e+00 7.058761715888977051e-01
-6.195655345916748047e+00 3.402665376663208008e+00 7.118274569511413574e-01
-6.332660198211669922e+00 3.479039430618286133e+00 7.221807837486267090e-01
-6.460412979125976562e+00 3.550180435180664062e+00 7.228490710258483887e-01
-6.518127918243408203e+00 3.582302808761596680e+00 7.193583250045776367e-01
-6.645901679992675781e+00 3.653415203094482422e+00 7.078116536140441895e-01
-6.721487045288085938e+00 3.695487260818481445e+00 6.959117054939270020e-01
-6.839860916137695312e+00 3.761399745941162109e+00 6.724845170974731445e-01
-6.934312343597412109e+00 3.814036130905151367e+00 6.476575136184692383e-01
-7.057607173919677734e+00 3.882818460464477539e+00 6.086356043815612793e-01
-7.127385616302490234e+00 3.921816349029541016e+00 5.814579725265502930e-01
-7.243072509765625000e+00 3.986560821533203125e+00 5.313864946365356445e-01
-7.329447269439697266e+00 4.035030841827392578e+00 4.874922931194305420e-01
-7.456836700439453125e+00 4.106698989868164062e+00 4.150997102260589600e-01
-7.542891979217529297e+00 4.155331611633300781e+00 3.579811155796051025e-01
-7.587848186492919922e+00 4.180835723876953125e+00 3.249540328979492188e-01
-7.731749057769775391e+00 4.262664318084716797e+00 2.135245800018310547e-01
-7.799028396606445312e+00 4.301250457763671875e+00 1.520958542823791504e-01
-7.869197368621826172e+00 4.341703414916992188e+00 8.277843147516250610e-02
-7.936223030090332031e+00 4.380587577819824219e+00 1.079209893941879272e-02
-7.991247177124023438e+00 4.412734508514404297e+00 -5.336651206016540527e-02
-8.176677703857421875e+00 4.544053077697753906e+00 1.313064098358154297e-01
-8.205264091491699219e+00 4.563970088958740234e+00 1.545535624027252197e-01
-8.392407417297363281e+00 4.694089889526367188e+00 3.022118210792541504e-01
-8.499509811401367188e+00 4.767605781555175781e+00 3.706605732440948486e-01
-8.667402267456054688e+00 4.882135868072509766e+00 4.652467668056488037e-01
-8.743378639221191406e+00 4.933508872985839844e+00 4.996465444564819336e-01
-8.888909339904785156e+00 5.031569004058837891e+00 5.587680935859680176e-01
-9.044981002807617188e+00 5.136068344116210938e+00 6.087390184402465820e-01
-9.104131698608398438e+00 5.175432205200195312e+00 6.224695444107055664e-01
-9.238148689270019531e+00 5.264433383941650391e+00 6.492599248886108398e-01
-9.388251304626464844e+00 5.363667488098144531e+00 6.684212684631347656e-01
-9.514191627502441406e+00 5.446544170379638672e+00 6.744593381881713867e-01
-9.631548881530761719e+00 5.523502826690673828e+00 6.722853183746337891e-01
-9.827095985412597656e+00 5.651354312896728516e+00 6.564946174621582031e-01
-9.973746299743652344e+00 5.746798038482666016e+00 6.291428208351135254e-01
-1.011652565002441406e+01 5.839453220367431641e+00 5.907881259918212891e-01
-1.018923664093017578e+01 5.886523723602294922e+00 5.651736259460449219e-01
-1.029548072814941406e+01 5.955232143402099609e+00 5.230096578598022461e-01
-1.047048664093017578e+01 6.068258762359619141e+00 4.416648745536804199e-01
-1.058301353454589844e+01 6.140806198120117188e+00 3.757620453834533691e-01
-1.067420005798339844e+01 6.199563026428222656e+00 3.144869506359100342e-01
-1.075135803222656250e+01 6.249277114868164062e+00 2.567406892776489258e-01
-1.090834331512451172e+01 6.350450992584228516e+00 1.282020360231399536e-01
-1.094896602630615234e+01 6.376662731170654297e+00 8.837713301181793213e-02
-1.103384685516357422e+01 6.431473731994628906e+00 1.044042408466339111e-03
-1.117913436889648438e+01 6.525471687316894531e+00 -1.645178794860839844e-01
-1.131411838531494141e+01 6.630063533782958984e+00 -5.239824950695037842e-02
-1.144126415252685547e+01 6.727131366729736328e+00 3.843022137880325317e-02
-1.167429161071777344e+01 6.902800083160400391e+00 1.820420622825622559e-01
-1.186758422851562500e+01 7.045466423034667969e+00 2.697899341583251953e-01
-1.206080913543701172e+01 7.185875892639160156e+00 3.344588875770568848e-01
-1.216166496276855469e+01 7.258108615875244141e+00 3.570294976234436035e-01
-1.230751132965087891e+01 7.361818313598632812e+00 3.816280663013458252e-01
-1.256076526641845703e+01 7.540082454681396484e+00 4.044854938983917236e-01
-1.279158306121826172e+01 7.699746608734130859e+00 3.942122161388397217e-01
-1.287728786468505859e+01 7.758109092712402344e+00 3.798390030860900879e-01
-1.308251667022705078e+01 7.897058486938476562e+00 3.358701467514038086e-01
-1.323061370849609375e+01 7.995902538299560547e+00 2.870111465454101562e-01
-1.336401939392089844e+01 8.083994865417480469e+00 2.311867326498031616e-01
-1.363827800750732422e+01 8.263283729553222656e+00 9.308730065822601318e-02
-1.369666194915771484e+01 8.300586700439453125e+00 5.223599821329116821e-02
-1.391665363311767578e+01 8.440398216247558594e+00 -1.122534647583961487e-01
-1.411390972137451172e+01 8.590487480163574219e+00 -4.127025604248046875e-03
-1.439964962005615234e+01 8.803177833557128906e+00 1.145353391766548157e-01
-1.486914634704589844e+01 9.142413139343261719e+00 2.278953790664672852e-01
-1.510612392425537109e+01 9.305813789367675781e+00 2.231850475072860718e-01
-1.541240406036376953e+01 9.512133598327636719e+00 1.787020862102508545e-01
-1.571633911132812500e+01 9.710406303405761719e+00 8.337455987930297852e-02
-1.589560890197753906e+01 9.823239326477050781e+00 -5.681134760379791260e-03
-1.619775390625000000e+01 1.000884437561035156e+01 -1.926780045032501221e-01
-1.679663085937500000e+01 1.043870830535888672e+01 -3.879539668560028076e-02
-1.792374038696289062e+01 1.118047904968261719e+01 -1.108040735125541687e-01
-2.698321151733398438e+01 1.494243621826171875e+01 -8.045298576354980469e+00
4.211301200000000000e+07 -9.001606400000000000e+07 -2.530475360000000000e+08
-4.345827503022564945e+33 6.652638396608003254e+33 1.277611932342347071e+34
-6.474123110152913920e+33 9.910655181699463488e+33 1.903300747754254681e+34
-9.133376770862939279e+33 1.398146811529458478e+34 2.685083774805730533e+34
-1.093595859322693149e+34 1.674087855282303311e+34 3.215017185414890408e+34
-1.578151216057804196e+34 2.415850137773741747e+34 4.639541280537418197e+34
-1.873078546193168907e+34 2.867327860453151361e+34 5.506586066060631401e+34
-2.069845525411466174e+34 3.168540707343983662e+34 6.085053163497982467e+34
-2.327739507889596948e+34 3.563327708688342858e+34 6.843225579150187903e+34
-2.594111027550757935e+34 3.971092035464530695e+34 7.626320203673286615e+34
-2.858697932851285118e+34 4.376124476162023556e+34 8.404167943133878171e+34
-3.213859959066166434e+34 4.919810410255612577e+34 9.448294109164676453e+34
-3.397241464021682670e+34 5.200532626028185406e+34 9.987410063809239565e+34
-3.862610854645937108e+34 5.912925028675586052e+34 1.135553088727383900e+35
-3.978618463315377950e+34 6.090510993543183851e+34 1.169657742598477270e+35
-4.394015185609775871e+34 6.726404643874936565e+34 1.291778546769917177e+35
-4.579181304925925911e+34 7.009858745726204372e+34 1.346214830740624204e+35
-4.845998978177245349e+34 7.418306167816069882e+34 1.424655465319496754e+35
-5.206961496240202243e+34 7.970871103047429365e+34 1.530773369085492979e+35
-5.539368203828955413e+34 8.479722889963574928e+34 1.628496256751477755e+35
-5.816001751239776488e+34 8.903196428250286384e+34 1.709822777149932384e+35
-5.989120733269616922e+34 9.168208689748312024e+34 1.760717364185845509e+35
-6.296541354281449690e+34 9.638811100506633621e+34 1.851094711799523410e+35
-6.704352970367138229e+34 1.026309336844590518e+35 1.970985540301796205e+35
-6.956446584791197354e+34 1.064900087347647820e+35 2.045097544221701923e+35
-7.239326777640252459e+34 1.108203725097866136e+35 2.128260375356830913e+35
-7.423600589776085596e+34 1.136412516220257383e+35 2.182434216039209439e+35
-7.761361635622755893e+34 1.188117310253082003e+35 2.281731070188743219e+35
