2.336540603637695312e+01 -2.065940797328948975e-01 1.910657286643981934e-01
2.321423149108886719e+01 -1.959722638130187988e-01 2.854354381561279297e-01
2.306283950805664062e+01 -1.854022443294525146e-01 3.793767392635345459e-01
2.290608406066894531e+01 -1.745251119136810303e-01 4.760370254516601562e-01
2.270669937133789062e+01 -1.607756763696670532e-01 5.981494784355163574e-01
2.249374771118164062e+01 -1.462031453847885132e-01 7.273867130279541016e-01
2.235108184814453125e+01 -1.365169435739517212e-01 8.130753636360168457e-01
2.228929710388183594e+01 -1.323429346084594727e-01 8.499130010604858398e-01
2.204646873474121094e+01 -1.159716844558715820e-01 9.942190647125244141e-01
2.197512054443359375e+01 -1.112002581357955933e-01 1.036052346229553223e+00
2.176927375793457031e+01 -9.746389091014862061e-02 1.156244993209838867e+00
2.159579658508300781e+01 -8.595904707908630371e-02 1.256281137466430664e+00
2.148921966552734375e+01 -7.892496138811111450e-02 1.317058444023132324e+00
2.135529136657714844e+01 -7.010986655950546265e-02 1.392889499664306641e+00
2.115101432800292969e+01 -5.670874565839767456e-02 1.507480382919311523e+00
2.111330604553222656e+01 -5.424674600362777710e-02 1.528319597244262695e+00
2.096709823608398438e+01 -4.470790177583694458e-02 1.608890652656555176e+00
2.074804687500000000e+01 -3.045878559350967407e-02 1.728235483169555664e+00
2.061313629150390625e+01 -2.171855047345161438e-02 1.800424456596374512e+00
2.053536605834960938e+01 -1.669076085090637207e-02 1.841552495956420898e+00
2.038726997375488281e+01 -7.126609794795513153e-03 1.919325590133666992e+00
2.029693222045898438e+01 -1.303590368479490280e-03 1.966116666793823242e+00
2.009547424316406250e+01 1.166940107941627502e-02 2.069554567337036133e+00
2.001162528991699219e+01 1.705843955278396606e-02 2.111737966537475586e+00
1.987741851806640625e+01 2.567917481064796448e-02 2.178658246994018555e+00
1.979809188842773438e+01 3.077095560729503632e-02 2.217635393142700195e+00
1.962733459472656250e+01 4.172823950648307800e-02 2.300783395767211914e+00
1.949918174743652344e+01 4.994818568229675293e-02 2.361938476562500000e+00
1.941819953918457031e+01 5.514257773756980896e-02 2.399972915649414062e+00
1.924312973022460938e+01 6.637384742498397827e-02 2.481344461441040039e+00
1.919114685058593750e+01 6.971065700054168701e-02 2.504944801330566406e+00
1.901121520996093750e+01 8.126392960548400879e-02 2.586041688919067383e+00
1.891471672058105469e+01 8.746748417615890503e-02 2.628411769866943359e+00
1.879014968872070312e+01 9.548282623291015625e-02 2.682306289672851562e+00
1.869007110595703125e+01 1.019312888383865356e-01 2.724757909774780273e+00
1.860319900512695312e+01 1.075360551476478577e-01 2.761002779006958008e+00
1.850163459777832031e+01 1.140969842672348022e-01 2.802752017974853516e+00
1.835754776000976562e+01 1.234197318553924561e-01 2.860923528671264648e+00
1.828732872009277344e+01 1.279745548963546753e-01 2.888524532318115234e+00
1.820042037963867188e+01 1.336197406053543091e-01 2.922224521636962891e+00
1.807852554321289062e+01 1.415519267320632935e-01 2.968678712844848633e+00
1.793071365356445312e+01 1.511967480182647705e-01 3.023599386215209961e+00
1.782365417480468750e+01 1.582075208425521851e-01 3.062107324600219727e+00
1.776319694519042969e+01 1.621778756380081177e-01 3.083320379257202148e+00
1.765669631958007812e+01 1.691838651895523071e-01 3.120149850845336914e+00
1.753732872009277344e+01 1.770606786012649536e-01 3.160348176956176758e+00
1.746007347106933594e+01 1.821773350238800049e-01 3.185563564300537109e+00
1.733283233642578125e+01 1.906259357929229736e-01 3.226224184036254883e+00
1.725968551635742188e+01 1.955036818981170654e-01 3.248759031295776367e+00
1.717423057556152344e+01 2.012170851230621338e-01 3.274510860443115234e+00
1.707427978515625000e+01 2.079207003116607666e-01 3.303833723068237305e+00
1.697032165527343750e+01 2.149197161197662354e-01 3.333345890045166016e+00
1.688091659545898438e+01 2.209638506174087524e-01 3.357827663421630859e+00
1.672472572326660156e+01 2.315616458654403687e-01 3.399221181869506836e+00
1.665462303161621094e+01 2.363498657941818237e-01 3.416696786880493164e+00
1.659705352783203125e+01 2.402942329645156860e-01 3.430632352828979492e+00
1.648609924316406250e+01 2.479162067174911499e-01 3.456825494766235352e+00
1.640555381774902344e+01 2.534776329994201660e-01 3.474895000457763672e+00
1.628388977050781250e+01 2.619103193283081055e-01 3.501133680343627930e+00
1.618030548095703125e+01 2.691324651241302490e-01 3.522091865539550781e+00
1.612396430969238281e+01 2.730809748172760010e-01 3.532837867736816406e+00
1.603277969360351562e+01 2.794896960258483887e-01 3.549645900726318359e+00
1.594630050659179688e+01 2.855963110923767090e-01 3.564678668975830078e+00
1.585478019714355469e+01 2.920881509780883789e-01 3.579661607742309570e+00
1.579636478424072266e+01 2.962518930435180664e-01 3.588588953018188477e+00
1.567083072662353516e+01 3.052277565002441406e-01 3.606889247894287109e+00
1.556018829345703125e+01 3.131927251815795898e-01 3.621315956115722656e+00
1.548619842529296875e+01 3.185514509677886963e-01 3.629938125610351562e+00
1.539632415771484375e+01 3.250871896743774414e-01 3.639564037322998047e+00
1.535467910766601562e+01 3.281306922435760498e-01 3.643540382385253906e+00
1.524566459655761719e+01 3.361160457134246826e-01 3.653354644775390625e+00
1.514359951019287109e+01 3.436374366283416748e-01 3.661067247390747070e+00
1.511545372009277344e+01 3.457232415676116943e-01 3.662805557250976562e+00
1.498019695281982422e+01 3.557620942592620850e-01 3.670638322830200195e+00
1.495165824890136719e+01 3.578959405422210693e-01 3.671755075454711914e+00
1.481107139587402344e+01 3.684234917163848877e-01 3.676690340042114258e+00
1.478845119476318359e+01 3.701300621032714844e-01 3.677029371261596680e+00
1.469023418426513672e+01 3.775486350059509277e-01 3.678178548812866211e+00
1.463062763214111328e+01 3.820735216140747070e-01 3.678016185760498047e+00
1.455149459838867188e+01 3.880984485149383545e-01 3.677098035812377930e+00
1.442229843139648438e+01 3.979729413986206055e-01 3.674056768417358398e+00
1.439429473876953125e+01 4.001263678073883057e-01 3.672841787338256836e+00
1.427172565460205078e+01 4.095634818077087402e-01 3.666988849639892578e+00
1.418790149688720703e+01 4.160523414611816406e-01 3.661363840103149414e+00
1.411002635955810547e+01 4.221014678478240967e-01 3.655087947845458984e+00
1.403858089447021484e+01 4.276679754257202148e-01 3.648422479629516602e+00
1.395787906646728516e+01 4.339722394943237305e-01 3.639940261840820312e+00
1.393701744079589844e+01 4.356065392494201660e-01 3.637465476989746094e+00
1.380597686767578125e+01 4.458791613578796387e-01 3.621458292007446289e+00
1.378965759277343750e+01 4.471638500690460205e-01 3.619098663330078125e+00
1.370736408233642578e+01 4.536453783512115479e-01 3.606966495513916016e+00
1.363906288146972656e+01 4.590372741222381592e-01 3.595913648605346680e+00
1.352766227722167969e+01 4.678469896316528320e-01 3.576537370681762695e+00
1.349339962005615234e+01 4.705637395381927490e-01 3.569890499114990234e+00
1.340962409973144531e+01 4.772111177444458008e-01 3.553115129470825195e+00
1.331848907470703125e+01 4.844543635845184326e-01 3.533459424972534180e+00
1.325549602508544922e+01 4.894688427448272705e-01 3.518799543380737305e+00
1.320532703399658203e+01 4.934662282466888428e-01 3.506525039672851562e+00
1.311355972290039062e+01 5.007829070091247559e-01 3.483191490173339844e+00
1.305395221710205078e+01 5.055406093597412109e-01 3.466974973678588867e+00
1.297108173370361328e+01 5.121588706970214844e-01 3.443459510803222656e+00
1.290487098693847656e+01 5.174502134323120117e-01 3.423580169677734375e+00
1.281180667877197266e+01 5.248904824256896973e-01 3.394397258758544922e+00
1.275076293945312500e+01 5.297727584838867188e-01 3.374094486236572266e+00
1.272960758209228516e+01 5.314650535583496094e-01 3.366790771484375000e+00
1.265295600891113281e+01 5.375967025756835938e-01 3.339989423751831055e+00
1.254662227630615234e+01 5.461030602455139160e-01 3.301094055175781250e+00
1.250018978118896484e+01 5.498170256614685059e-01 3.283053398132324219e+00
1.242260742187500000e+01 5.560216307640075684e-01 3.252128601074218750e+00
1.237042522430419922e+01 5.601934790611267090e-01 3.230440378189086914e+00
1.229047775268554688e+01 5.665832757949829102e-01 3.196285963058471680e+00
1.225942134857177734e+01 5.690640807151794434e-01 3.182460546493530273e+00
1.216368484497070312e+01 5.767097473144531250e-01 3.139166355133056641e+00
1.209296607971191406e+01 5.823526978492736816e-01 3.105630874633789062e+00
1.205998134613037109e+01 5.849827527999877930e-01 3.089445114135742188e+00
1.199143409729003906e+01 5.904464125633239746e-01 3.055275917053222656e+00
1.191730785369873047e+01 5.963499546051025391e-01 3.017117023468017578e+00
1.184085845947265625e+01 6.024325489997863770e-01 2.976396083831787109e+00
1.177683734893798828e+01 6.075208187103271484e-01 2.941097736358642578e+00
1.173351669311523438e+01 6.109604835510253906e-01 2.916525125503540039e+00
1.166601657867431641e+01 6.163162589073181152e-01 2.877504110336303711e+00
1.159446430206298828e+01 6.219871640205383301e-01 2.834917068481445312e+00
1.156492424011230469e+01 6.243254542350769043e-01 2.816792011260986328e+00
1.147580432891845703e+01 6.313759684562683105e-01 2.761428117752075195e+00
1.144285678863525391e+01 6.339781284332275391e-01 2.740189075469970703e+00
1.136791801452636719e+01 6.398928761482238770e-01 2.691224575042724609e+00
1.129196834564208984e+01 6.458783149719238281e-01 2.640069484710693359e+00
1.125308990478515625e+01 6.489373445510864258e-01 2.613077402114868164e+00
1.121400070190429688e+01 6.520103812217712402e-01 2.585518598556518555e+00
1.111841011047363281e+01 6.595187783241271973e-01 2.517083883285522461e+00
1.107498168945312500e+01 6.629225611686706543e-01 2.484819650650024414e+00
1.104102897644042969e+01 6.655809879302978516e-01 2.459172010421752930e+00
1.098655986785888672e+01 6.698423624038696289e-01 2.417491436004638672e+00
1.091822338104248047e+01 6.751816272735595703e-01 2.364112138748168945e+00
1.086810111999511719e+01 6.790912151336669922e-01 2.323946475982666016e+00
1.078910160064697266e+01 6.852455735206604004e-01 2.259451627731323242e+00
1.073479652404785156e+01 6.894676089286804199e-01 2.213811635971069336e+00
1.066867065429687500e+01 6.946015357971191406e-01 2.157127141952514648e+00
1.062801456451416016e+01 6.977525353431701660e-01 2.121433734893798828e+00
1.058471679687500000e+01 7.011047005653381348e-01 2.082862377166748047e+00
1.053907299041748047e+01 7.046343088150024414e-01 2.041568756103515625e+00
1.048662471771240234e+01 7.086851596832275391e-01 1.993344306945800781e+00
1.039350032806396484e+01 7.158673405647277832e-01 1.906119942665100098e+00
1.037347602844238281e+01 7.174077033996582031e-01 1.886743307113647461e+00
1.030530738830566406e+01 7.226488590240478516e-01 1.820316672325134277e+00
1.024016952514648438e+01 7.276474833488464355e-01 1.755327224731445312e+00
1.018234252929687500e+01 7.320770025253295898e-01 1.696324110031127930e+00
1.016054630279541016e+01 7.337438464164733887e-01 1.673640131950378418e+00
1.010750007629394531e+01 7.377980947494506836e-01 1.618021726608276367e+00
1.005826759338378906e+01 7.415552139282226562e-01 1.565462827682495117e+00
1.000797748565673828e+01 7.453877329826354980e-01 1.510872602462768555e+00
9.945196151733398438e+00 7.501654028892517090e-01 1.441557765007019043e+00
9.887575149536132812e+00 7.545426487922668457e-01 1.376585006713867188e+00
9.834770202636718750e+00 7.585475444793701172e-01 1.315884828567504883e+00
9.800147056579589844e+00 7.611696124076843262e-01 1.275378465652465820e+00
9.739040374755859375e+00 7.657929062843322754e-01 1.203060388565063477e+00
9.714304924011230469e+00 7.676612138748168945e-01 1.173187613487243652e+00
9.630928039550781250e+00 7.739544510841369629e-01 1.071667790412902832e+00
9.583313941955566406e+00 7.775401473045349121e-01 1.012076497077941895e+00
9.547818183898925781e+00 7.802097797393798828e-01 9.669517278671264648e-01
9.511525154113769531e+00 7.829368114471435547e-01 9.202723503112792969e-01
9.436405181884765625e+00 7.885758876800537109e-01 8.224977254867553711e-01
9.395450592041015625e+00 7.916442155838012695e-01 7.678656578063964844e-01
9.378315925598144531e+00 7.929266095161437988e-01 7.447004318237304688e-01
9.314840316772460938e+00 7.976752519607543945e-01 6.584046483039855957e-01
9.282274246215820312e+00 8.001077175140380859e-01 6.132044196128845215e-01
9.235172271728515625e+00 8.036230802536010742e-01 5.471317768096923828e-01
9.194335937500000000e+00 8.066673874855041504e-01 4.889633059501647949e-01
9.124111175537109375e+00 8.118976354598999023e-01 3.875941336154937744e-01
9.094787597656250000e+00 8.140780925750732422e-01 3.442878723144531250e-01
9.048305511474609375e+00 8.175322413444519043e-01 2.749843299388885498e-01
9.013070106506347656e+00 8.201480507850646973e-01 2.216492742300033569e-01
8.970357894897460938e+00 8.233165740966796875e-01 1.562519222497940063e-01
8.899103164672851562e+00 8.285979628562927246e-01 4.562648385763168335e-02
8.860284805297851562e+00 8.314712047576904297e-01 -1.605324819684028625e-02
8.832917213439941406e+00 8.360871076583862305e-01 3.371014073491096497e-02
8.805921554565429688e+00 8.405967354774475098e-01 8.091205358505249023e-02
8.748665809631347656e+00 8.500775694847106934e-01 1.773370206356048584e-01
8.706166267395019531e+00 8.569947481155395508e-01 2.435530424118041992e-01
8.679692268371582031e+00 8.612555265426635742e-01 2.825892567634582520e-01
8.652545928955078125e+00 8.655966520309448242e-01 3.213054835796356201e-01
8.596270561218261719e+00 8.745401501655578613e-01 3.989071846008300781e-01
8.574316024780273438e+00 8.779875040054321289e-01 4.271592795848846436e-01
8.529860496520996094e+00 8.849381804466247559e-01 4.828854799270629883e-01
8.477452278137207031e+00 8.930652737617492676e-01 5.451944470405578613e-01
8.442092895507812500e+00 8.985000252723693848e-01 5.847159624099731445e-01
8.374909400939941406e+00 9.087697267532348633e-01 6.567820906639099121e-01
8.334720611572265625e+00 9.148535132408142090e-01 6.966360807418823242e-01
8.308794021606445312e+00 9.187576174736022949e-01 7.211748957633972168e-01
8.238467216491699219e+00 9.293142557144165039e-01 7.857686281204223633e-01
8.213783264160156250e+00 9.329890608787536621e-01 8.066372275352478027e-01
8.160084724426269531e+00 9.409624338150024414e-01 8.507364392280578613e-01
8.112998962402343750e+00 9.479153752326965332e-01 8.869981169700622559e-01
8.061959266662597656e+00 9.554184079170227051e-01 9.241188764572143555e-01
8.029347419738769531e+00 9.601905345916748047e-01 9.463809728622436523e-01
7.954401493072509766e+00 9.711272716522216797e-01 9.954769015312194824e-01
7.930912017822265625e+00 9.745344519615173340e-01 1.009423375129699707e+00
7.865663528442382812e+00 9.839824438095092773e-01 1.046958923339843750e+00
7.811541557312011719e+00 9.917829632759094238e-01 1.075377464294433594e+00
7.756415843963623047e+00 9.996998310089111328e-01 1.102109313011169434e+00
7.722778797149658203e+00 1.004514217376708984e+00 1.117083907127380371e+00
7.661373615264892578e+00 1.013285756111145020e+00 1.142966389656066895e+00
7.635640621185302734e+00 1.016949176788330078e+00 1.152721405029296875e+00
7.555469512939453125e+00 1.028347611427307129e+00 1.181719064712524414e+00
7.504310131072998047e+00 1.035592555999755859e+00 1.197494626045227051e+00
7.466353893280029297e+00 1.040955543518066406e+00 1.207939386367797852e+00
7.417997360229492188e+00 1.047777175903320312e+00 1.220072746276855469e+00
7.362527847290039062e+00 1.055587291717529297e+00 1.232295513153076172e+00
7.321844577789306641e+00 1.061303734779357910e+00 1.239851593971252441e+00
7.245680332183837891e+00 1.071990728378295898e+00 1.252084612846374512e+00
7.180802822113037109e+00 1.081071615219116211e+00 1.259483098983764648e+00
7.137996196746826172e+00 1.087051987648010254e+00 1.262684702873229980e+00
7.088187694549560547e+00 1.094002842903137207e+00 1.265128254890441895e+00
7.017204761505126953e+00 1.103896737098693848e+00 1.266492247581481934e+00
6.982893943786621094e+00 1.108671545982360840e+00 1.265696167945861816e+00
6.937673568725585938e+00 1.114960432052612305e+00 1.263720273971557617e+00
6.868803977966308594e+00 1.124530434608459473e+00 1.258849620819091797e+00
6.823204517364501953e+00 1.130859851837158203e+00 1.253743410110473633e+00
6.750521183013916016e+00 1.140942335128784180e+00 1.243608713150024414e+00
6.700390338897705078e+00 1.147890329360961914e+00 1.234411478042602539e+00
6.645032882690429688e+00 1.155559301376342773e+00 1.222557187080383301e+00
6.632065296173095703e+00 1.157355070114135742e+00 1.219336628913879395e+00
6.564953327178955078e+00 1.166648030281066895e+00 1.202126383781433105e+00
6.499873161315917969e+00 1.175656914710998535e+00 1.182693243026733398e+00
6.460712432861328125e+00 1.181077241897583008e+00 1.169368982315063477e+00
6.393903732299804688e+00 1.190324544906616211e+00 1.144932627677917480e+00
6.339512348175048828e+00 1.197854280471801758e+00 1.122630000114440918e+00
6.291611194610595703e+00 1.204487562179565430e+00 1.101218700408935547e+00
6.247059345245361328e+00 1.210659503936767578e+00 1.079821109771728516e+00
6.186400413513183594e+00 1.219066739082336426e+00 1.048766732215881348e+00
6.132472515106201172e+00 1.226547122001647949e+00 1.018773555755615234e+00
6.085778713226318359e+00 1.233029961585998535e+00 9.909066557884216309e-01
6.031545162200927734e+00 1.240566611289978027e+00 9.565710425376892090e-01
5.977118492126464844e+00 1.248139739036560059e+00 9.197428226470947266e-01
5.961291790008544922e+00 1.250345110893249512e+00 9.083148837089538574e-01
5.881843090057373047e+00 1.261421680450439453e+00 8.498625755310058594e-01
5.858413219451904297e+00 1.264696717262268066e+00 8.309743404388427734e-01
5.800316810607910156e+00 1.272825121879577637e+00 7.828660011291503906e-01
5.739883422851562500e+00 1.281301140785217285e+00 7.294339537620544434e-01
5.706042766571044922e+00 1.286061286926269531e+00 6.974226832389831543e-01
5.680275917053222656e+00 1.289692401885986328e+00 6.721071004867553711e-01
5.620810508728027344e+00 1.298084974288940430e+00 6.119685769081115723e-01
5.563381195068359375e+00 1.306220054626464844e+00 5.499020814895629883e-01
5.537095069885253906e+00 1.309958577156066895e+00 5.195962786674499512e-01
5.480231761932373047e+00 1.318062424659729004e+00 4.520339965820312500e-01
5.440876960754394531e+00 1.323697805404663086e+00 4.021137058734893799e-01
5.396991729736328125e+00 1.330005168914794922e+00 3.438060581684112549e-01
5.377876281738281250e+00 1.332764983177185059e+00 3.170350790023803711e-01
5.331652164459228516e+00 1.339452981948852539e+00 2.507562041282653809e-01
5.298743724822998047e+00 1.344240903854370117e+00 2.007709741592407227e-01
5.255808353424072266e+00 1.350515127182006836e+00 1.327279955148696899e-01
5.234644889831542969e+00 1.353627324104309082e+00 9.722226858139038086e-02
5.193055152893066406e+00 1.359764575958251953e+00 2.537719160318374634e-02
5.138921260833740234e+00 1.367811679840087891e+00 -7.381076365709304810e-02
5.107783317565917969e+00 1.373644113540649414e+00 -3.100899979472160339e-02
5.078318119049072266e+00 1.379132270812988281e+00 8.000768721103668213e-03
5.020665645599365234e+00 1.389816522598266602e+00 8.170850574970245361e-02
4.966790676116943359e+00 1.399708867073059082e+00 1.460857391357421875e-01
4.922536849975585938e+00 1.407771110534667969e+00 1.958015859127044678e-01
4.877731800079345703e+00 1.415885448455810547e+00 2.436906993389129639e-01
4.821467876434326172e+00 1.426017642021179199e+00 3.008970618247985840e-01
4.791397094726562500e+00 1.431396961212158203e+00 3.296198844909667969e-01
4.729392051696777344e+00 1.442452073097229004e+00 3.869187831878662109e-01
4.664401054382324219e+00 1.453963518142700195e+00 4.429877698421478271e-01
4.618693351745605469e+00 1.462007761001586914e+00 4.796658158302307129e-01
4.551199913024902344e+00 1.473836541175842285e+00 5.311242938041687012e-01
4.516805648803710938e+00 1.479829311370849609e+00 5.554056167602539062e-01
4.475606918334960938e+00 1.486987590789794922e+00 5.833612084388732910e-01
4.423887729644775391e+00 1.495944738388061523e+00 6.168040633201599121e-01
4.348817825317382812e+00 1.508895635604858398e+00 6.624330878257751465e-01
4.293838500976562500e+00 1.518329858779907227e+00 6.928757429122924805e-01
4.244799613952636719e+00 1.526713848114013672e+00 7.181695103645324707e-01
4.171653270721435547e+00 1.539180397987365723e+00 7.534989118576049805e-01
4.129091262817382812e+00 1.546401977539062500e+00 7.720357775688171387e-01
4.071919441223144531e+00 1.556078553199768066e+00 7.954059243202209473e-01
3.993552684783935547e+00 1.569300055503845215e+00 8.246821165084838867e-01
3.918484926223754883e+00 1.581911921501159668e+00 8.491990566253662109e-01
3.893958091735839844e+00 1.586016893386840820e+00 8.561369776725769043e-01
3.834583282470703125e+00 1.595942378044128418e+00 8.721007108688354492e-01
3.757602691650390625e+00 1.608774542808532715e+00 8.902144432067871094e-01
3.716108560562133789e+00 1.615666985511779785e+00 8.982037305831909180e-01
3.646410942077636719e+00 1.627223134040832520e+00 9.100412726402282715e-01
3.550816535949707031e+00 1.643025755882263184e+00 9.226683974266052246e-01
3.496460676193237305e+00 1.651975989341735840e+00 9.270698428153991699e-01
3.441227674484252930e+00 1.661051273345947266e+00 9.299530982971191406e-01
3.412988424301147461e+00 1.665681481361389160e+00 9.306052923202514648e-01
3.339198589324951172e+00 1.677767634391784668e+00 9.312141537666320801e-01
3.262125015258789062e+00 1.690357685089111328e+00 9.288651943206787109e-01
3.193102121353149414e+00 1.701601862907409668e+00 9.239702820777893066e-01
3.133155822753906250e+00 1.711344480514526367e+00 9.175422191619873047e-01
3.095113754272460938e+00 1.717514872550964355e+00 9.122572541236877441e-01
3.019402742385864258e+00 1.729780077934265137e+00 9.002074599266052246e-01
2.970865488052368164e+00 1.737624287605285645e+00 8.905157446861267090e-01
2.873625040054321289e+00 1.753316044807434082e+00 8.685443401336669922e-01
2.830349445343017578e+00 1.760278940200805664e+00 8.564600348472595215e-01
2.777450561523437500e+00 1.768779397010803223e+00 8.404088616371154785e-01
2.691052436828613281e+00 1.782642006874084473e+00 8.116047382354736328e-01
2.631407260894775391e+00 1.792188882827758789e+00 7.887440323829650879e-01
2.590641736984252930e+00 1.798703312873840332e+00 7.716755867004394531e-01
2.522215127944946289e+00 1.809626221656799316e+00 7.413324713706970215e-01
2.480513334274291992e+00 1.816271185874938965e+00 7.210710048675537109e-01
2.422199010848999023e+00 1.825553417205810547e+00 6.911862492561340332e-01
2.352711200714111328e+00 1.836598157882690430e+00 6.529266834259033203e-01
2.281404972076416016e+00 1.847912669181823730e+00 6.103142499923706055e-01
2.235885620117187500e+00 1.855123162269592285e+00 5.808207988739013672e-01
2.185846328735351562e+00 1.863041400909423828e+00 5.467212200164794922e-01
2.120988130569458008e+00 1.873293042182922363e+00 5.000507235527038574e-01
2.059605836868286133e+00 1.882981419563293457e+00 4.527181386947631836e-01
2.006718635559082031e+00 1.891318321228027344e+00 4.092173278331756592e-01
1.971202254295349121e+00 1.896911144256591797e+00 3.783461451530456543e-01
1.894823789596557617e+00 1.908930778503417969e+00 3.094500303268432617e-01
1.881220698356628418e+00 1.911068558692932129e+00 2.961706519126892090e-01
1.812330007553100586e+00 1.921893000602722168e+00 2.279506772756576538e-01
1.744286894798278809e+00 1.932573080062866211e+00 1.555477380752563477e-01
1.704003930091857910e+00 1.938890099525451660e+00 1.094867289066314697e-01
1.656075119972229004e+00 1.946402549743652344e+00 5.224360898137092590e-02
1.629804253578186035e+00 1.950518250465393066e+00 1.917322352528572083e-02
1.558462858200073242e+00 1.963930726051330566e+00 9.996052086353302002e-02
1.486358165740966797e+00 1.977369427680969238e+00 1.752427071332931519e-01
1.463843822479248047e+00 1.981532573699951172e+00 1.969389021396636963e-01
1.401285529136657715e+00 1.993074059486389160e+00 2.557684779167175293e-01
1.339851379394531250e+00 2.004339694976806641e+00 3.097339570522308350e-01
1.281354188919067383e+00 2.015007972717285156e+00 3.578068315982818604e-01
1.207466125488281250e+00 2.028417348861694336e+00 4.147919714450836182e-01
1.164756298065185547e+00 2.036123752593994141e+00 4.451669752597808838e-01
1.088134288787841797e+00 2.049906015396118164e+00 4.971511363983154297e-01
1.029437541961669922e+00 2.060407638549804688e+00 5.336742401123046875e-01
9.518245458602905273e-01 2.074240446090698242e+00 5.788037180900573730e-01
9.068914651870727539e-01 2.082210302352905273e+00 6.026163697242736816e-01
8.237655162811279297e-01 2.096915960311889648e+00 6.442967653274536133e-01
7.459521293640136719e-01 2.110617637634277344e+00 6.793401837348937988e-01
6.800290942192077637e-01 2.122177839279174805e+00 7.060143947601318359e-01
6.030540466308593750e-01 2.135631322860717773e+00 7.342844009399414062e-01
5.263711810111999512e-01 2.148984193801879883e+00 7.592015266418457031e-01
4.615783691406250000e-01 2.160226821899414062e+00 7.776042819023132324e-01
3.857533931732177734e-01 2.173346281051635742e+00 7.965844273567199707e-01
3.667972087860107422e-01 2.176615715026855469e+00 8.005970716476440430e-01
2.600663006305694580e-01 2.195009231567382812e+00 8.221744298934936523e-01
2.086115777492523193e-01 2.203838586807250977e+00 8.298531770706176758e-01
1.046705171465873718e-01 2.221639394760131836e+00 8.427599668502807617e-01
3.110472857952117920e-02 2.234189510345458984e+00 8.482140302658081055e-01
2.985524013638496399e-03 2.238974094390869141e+00 8.493144512176513672e-01
-1.023565009236335754e-01 2.256880998611450195e+00 8.520340919494628906e-01
-1.909607648849487305e-01 2.271888732910156250e+00 8.499180674552917480e-01
-2.489844113588333130e-01 2.281688451766967773e+00 8.461123704910278320e-01
-3.131237030029296875e-01 2.292501449584960938e+00 8.401503562927246094e-01
-3.662769794464111328e-01 2.301444768905639648e+00 8.335964083671569824e-01
-4.781304001808166504e-01 2.320235013961791992e+00 8.169764280319213867e-01
-5.130509138107299805e-01 2.326082229614257812e+00 8.099156618118286133e-01
-6.167405843734741211e-01 2.343427181243896484e+00 7.871894836425781250e-01
-7.081628441810607910e-01 2.358676433563232422e+00 7.624968886375427246e-01
-7.518470287322998047e-01 2.365945339202880859e+00 7.486910223960876465e-01
-8.442262411117553711e-01 2.381299734115600586e+00 7.174227237701416016e-01
-9.174673557281494141e-01 2.393445014953613281e+00 6.890932917594909668e-01
-9.437358379364013672e-01 2.397793292999267578e+00 6.778945922851562500e-01
-1.065682888031005859e+00 2.417967319488525391e+00 6.241356730461120605e-01
-1.094973444938659668e+00 2.422799348831176758e+00 6.092020273208618164e-01
-1.169620990753173828e+00 2.435106039047241211e+00 5.698480606079101562e-01
-1.270502805709838867e+00 2.451711654663085938e+00 5.120990276336669922e-01
-1.327985048294067383e+00 2.461153984069824219e+00 4.755067825317382812e-01
-1.377912759780883789e+00 2.469346523284912109e+00 4.417922794818878174e-01
-1.428850889205932617e+00 2.477697372436523438e+00 4.056152403354644775e-01
-1.509512424468994141e+00 2.490909576416015625e+00 3.453394770622253418e-01
-1.602966427803039551e+00 2.506197214126586914e+00 2.697459459304809570e-01
-1.622362375259399414e+00 2.509365797042846680e+00 2.525640130043029785e-01
-1.720784306526184082e+00 2.525440216064453125e+00 1.636922955513000488e-01
-1.755767345428466797e+00 2.531147003173828125e+00 1.289207935333251953e-01
-1.830286026000976562e+00 2.543299436569213867e+00 5.221728980541229248e-02
-1.886636972427368164e+00 2.552483797073364258e+00 -1.029115915298461914e-02
-1.937260389328002930e+00 2.561562538146972656e+00 4.001762717962265015e-02
-1.990904211997985840e+00 2.571147918701171875e+00 9.059002995491027832e-02
-2.066068410873413086e+00 2.584530115127563477e+00 1.576455533504486084e-01
-2.161897420883178711e+00 2.601511240005493164e+00 2.368102222681045532e-01
-2.258708477020263672e+00 2.618572235107421875e+00 3.093307316303253174e-01
-2.333553314208984375e+00 2.631695747375488281e+00 3.600946068763732910e-01
-2.360986232757568359e+00 2.636488676071166992e+00 3.773111701011657715e-01
-2.486909866333007812e+00 2.658461809158325195e+00 4.541077911853790283e-01
-2.526205539703369141e+00 2.665281295776367188e+00 4.750101566314697266e-01
-2.651396036148071289e+00 2.686972856521606445e+00 5.387507677078247070e-01
-2.724568128585815430e+00 2.699590444564819336e+00 5.709047317504882812e-01
-2.822392463684082031e+00 2.716414928436279297e+00 6.101315021514892578e-01
-2.872500419616699219e+00 2.725004434585571289e+00 6.277462840080261230e-01
-2.978516101837158203e+00 2.743148565292358398e+00 6.624202728271484375e-01
-3.065989971160888672e+00 2.758070468902587891e+00 6.866173148155212402e-01
-3.137184858322143555e+00 2.770184755325317383e+00 7.034453749656677246e-01
-3.259702444076538086e+00 2.790990829467773438e+00 7.284832596778869629e-01
-3.296895027160644531e+00 2.797286510467529297e+00 7.340800762176513672e-01
-3.439987182617187500e+00 2.821485519409179688e+00 7.533157467842102051e-01
-3.517919063568115234e+00 2.834619283676147461e+00 7.590399384498596191e-01
-3.594687461853027344e+00 2.847534179687500000e+00 7.621663808822631836e-01
-3.646375894546508789e+00 2.856215476989746094e+00 7.626152038574218750e-01
-3.751018524169921875e+00 2.873771905899047852e+00 7.612729668617248535e-01
-3.884907722473144531e+00 2.896188259124755859e+00 7.537362575531005859e-01
-3.967992544174194336e+00 2.910063505172729492e+00 7.444320321083068848e-01
-4.076443195343017578e+00 2.928148746490478516e+00 7.285084724426269531e-01
-4.126379966735839844e+00 2.936461448669433594e+00 7.188830375671386719e-01
-4.253249168395996094e+00 2.957564353942871094e+00 6.917080283164978027e-01
-4.341285705566406250e+00 2.972180843353271484e+00 6.679928302764892578e-01
-4.438525676727294922e+00 2.988306760787963867e+00 6.379759311676025391e-01
-4.478325843811035156e+00 2.994899272918701172e+00 6.239185333251953125e-01
-4.582811355590820312e+00 3.012199163436889648e+00 5.850613117218017578e-01
-4.641596317291259766e+00 3.021922111511230469e+00 5.602552294731140137e-01
-4.764364719390869141e+00 3.042217969894409180e+00 5.048645734786987305e-01
-4.859893798828125000e+00 3.057996273040771484e+00 4.557363986968994141e-01
-4.911202907562255859e+00 3.066466808319091797e+00 4.266842007637023926e-01
-4.990437507629394531e+00 3.079545259475708008e+00 3.795054554939270020e-01
-5.104111194610595703e+00 3.098305463790893555e+00 3.065018355846405029e-01
-5.168852806091308594e+00 3.108990430831909180e+00 2.603106498718261719e-01
-5.250407695770263672e+00 3.122453451156616211e+00 1.985647827386856079e-01
-5.330986022949218750e+00 3.135761737823486328e+00 1.328666210174560547e-01
-5.409477710723876953e+00 3.148735046386718750e+00 6.401374191045761108e-02
-5.464883804321289062e+00 3.157902240753173828e+00 1.179863139986991882e-02
-5.577897548675537109e+00 3.177163600921630859e+00 1.128511279821395874e-01
-5.631681442260742188e+00 3.186319828033447266e+00 1.558126807212829590e-01
-5.727256298065185547e+00 3.202582836151123047e+00 2.282500863075256348e-01
-5.867744922637939453e+00 3.226469516754150391e+00 3.251876235008239746e-01
-5.968526840209960938e+00 3.243587493896484375e+00 3.856171965599060059e-01
-6.032360076904296875e+00 3.254423141479492188e+00 4.201451539993286133e-01
-6.128580093383789062e+00 3.270750999450683594e+00 4.688216745853424072e-01
-6.222763538360595703e+00 3.286726236343383789e+00 5.117183923721313477e-01
-6.360810756683349609e+00 3.310133695602416992e+00 5.681300759315490723e-01
-6.478036880493164062e+00 3.330003023147583008e+00 6.084078550338745117e-01
-6.623856067657470703e+00 3.354714393615722656e+00 6.508864164352416992e-01
-6.655948162078857422e+00 3.360152482986450195e+00 6.582394242286682129e-01
-6.806069374084472656e+00 3.385591745376586914e+00 6.906427145004272461e-01
-6.922424316406250000e+00 3.405312538146972656e+00 7.086694240570068359e-01
-7.081804275512695312e+00 3.432333946228027344e+00 7.260466217994689941e-01
-7.134323120117187500e+00 3.441243648529052734e+00 7.285365462303161621e-01
-7.239570617675781250e+00 3.459103822708129883e+00 7.314125299453735352e-01
-7.387074470520019531e+00 3.484151601791381836e+00 7.295343279838562012e-01
-7.527024745941162109e+00 3.507943630218505859e+00 7.199227213859558105e-01
-7.668283939361572266e+00 3.531990766525268555e+00 7.026959657669067383e-01
-7.730714321136474609e+00 3.542636394500732422e+00 6.916884779930114746e-01
-7.846645355224609375e+00 3.562422275543212891e+00 6.684175729751586914e-01
-7.970628738403320312e+00 3.583620548248291016e+00 6.378371715545654297e-01
-8.067505836486816406e+00 3.600220918655395508e+00 6.090674996376037598e-01
-8.262026786804199219e+00 3.633619546890258789e+00 5.434193015098571777e-01
-8.335932731628417969e+00 3.646366834640502930e+00 5.122303366661071777e-01
-8.424153327941894531e+00 3.661615371704101562e+00 4.719948768615722656e-01
-8.543192863464355469e+00 3.682247877120971680e+00 4.126939177513122559e-01
-8.696197509765625000e+00 3.708878755569458008e+00 3.273618519306182861e-01
-8.786075592041015625e+00 3.724620342254638672e+00 2.698487937450408936e-01
-8.880320549011230469e+00 3.741199493408203125e+00 2.045886218547821045e-01
-8.996160507202148438e+00 3.761683464050292969e+00 1.175539493560791016e-01
-9.097523689270019531e+00 3.779738664627075195e+00 3.343462198972702026e-02
-9.150433540344238281e+00 3.789234161376953125e+00 -1.449736952781677246e-02
-9.265735626220703125e+00 3.809279918670654297e+00 8.522322028875350952e-02
-9.470219612121582031e+00 3.845016717910766602e+00 2.436201572418212891e-01
-9.520339012145996094e+00 3.853846073150634766e+00 2.755608856678009033e-01
-9.685699462890625000e+00 3.883028268814086914e+00 3.760783970355987549e-01
-9.884944915771484375e+00 3.918383359909057617e+00 4.791106879711151123e-01
-9.965608596801757812e+00 3.932784557342529297e+00 5.129573345184326172e-01
-1.012639522552490234e+01 3.961560249328613281e+00 5.745837688446044922e-01
-1.031381988525390625e+01 3.995262384414672852e+00 6.334931254386901855e-01
-1.041327762603759766e+01 4.013245105743408203e+00 6.572523713111877441e-01
-1.058296966552734375e+01 4.044018745422363281e+00 6.913019418716430664e-01
-1.073105239868164062e+01 4.071012973785400391e+00 7.116386890411376953e-01
-1.088747119903564453e+01 4.099660873413085938e+00 7.247220277786254883e-01
-1.107506847381591797e+01 4.134197711944580078e+00 7.299651503562927246e-01
-1.127558708190917969e+01 4.171356201171875000e+00 7.223227620124816895e-01
-1.145631217956542969e+01 4.205100059509277344e+00 7.026816010475158691e-01
-1.156858348846435547e+01 4.226219177246093750e+00 6.832483410835266113e-01
-1.171271991729736328e+01 4.253470420837402344e+00 6.524094939231872559e-01
-1.195183753967285156e+01 4.298993587493896484e+00 5.884310603141784668e-01
-1.203827762603759766e+01 4.315658092498779297e+00 5.573080778121948242e-01
-1.225238609313964844e+01 4.357151985168457031e+00 4.726265668869018555e-01
-1.240363407135009766e+01 4.386874675750732422e+00 3.988911211490631104e-01
-1.247045612335205078e+01 4.400157928466796875e+00 3.615768253803253174e-01
-1.263530445098876953e+01 4.433114051818847656e+00 2.640022635459899902e-01
-1.282558155059814453e+01 4.471732139587402344e+00 1.346915215253829956e-01
-1.299669075012207031e+01 4.507177829742431641e+00 -1.122578978538513184e-03
-1.309942245483398438e+01 4.528940677642822266e+00 -9.496114403009414673e-02
-1.330880260467529297e+01 4.570565700531005859e+00 7.472062855958938599e-02
-1.350988769531250000e+01 4.611289501190185547e+00 2.086949348449707031e-01
-1.368346214294433594e+01 4.646972656250000000e+00 3.044472038745880127e-01
-1.391891670227050781e+01 4.695943355560302734e+00 4.140083789825439453e-01
-1.406156539916992188e+01 4.726046562194824219e+00 4.654283821582794189e-01
-1.446391487121582031e+01 4.811676025390625000e+00 5.870919823646545410e-01
-1.466440773010253906e+01 4.855319976806640625e+00 6.174577474594116211e-01
-1.481338977813720703e+01 4.888125896453857422e+00 6.295908093452453613e-01
-1.508844757080078125e+01 4.949229717254638672e+00 6.379711627960205078e-01
-1.529757404327392578e+01 4.996465682983398438e+00 6.248999238014221191e-01
-1.560947704315185547e+01 5.067880630493164062e+00 5.832363367080688477e-01
-1.587666416168212891e+01 5.130399703979492188e+00 5.185726881027221680e-01
-1.620258712768554688e+01 5.208284854888916016e+00 4.076594114303588867e-01
-1.640648460388183594e+01 5.258462429046630859e+00 3.116805255413055420e-01
-1.671266555786132812e+01 5.335487365722656250e+00 1.394173204898834229e-01
-1.680127334594726562e+01 5.358655929565429688e+00 7.562846690416336060e-02
-1.712783432006835938e+01 5.445230007171630859e+00 -1.769377887248992920e-01
-1.761551475524902344e+01 5.578926563262939453e+00 6.322172284126281738e-02
-1.792129325866699219e+01 5.665968894958496094e+00 1.460103988647460938e-01
-1.836619377136230469e+01 5.795437335968017578e+00 2.140038311481475830e-01
-1.894642829895019531e+01 5.969753265380859375e+00 2.102437168359756470e-01
-1.961096763610839844e+01 6.178458690643310547e+00 7.127088308334350586e-02
-2.016692733764648438e+01 6.364110946655273438e+00 -1.856571733951568604e-01
-2.075548553466796875e+01 6.604563713073730469e+00 -1.769248247146606445e-01
-2.333283042907714844e+01 7.699650764465332031e+00 -7.088690996170043945e-01
-1.308818817138671875e+02 7.190277862548828125e+01 -1.181901245117187500e+02
-3.970241600000000000e+08 3.252697920000000000e+08 -1.887793280000000000e+08
-1.875069471735939072e+18 2.234906229841330176e+18 1.611190117043535872e+18
