2.334605789184570312e+01 -2.162670046091079712e-01 3.223577737808227539e-01
2.316779136657714844e+01 -2.144739031791687012e-01 4.276272654533386230e-01
2.306744194030761719e+01 -2.135242223739624023e-01 4.863516092300415039e-01
2.285582733154296875e+01 -2.115894854068756104e-01 6.095321178436279297e-01
2.265835189819335938e+01 -2.099162489175796509e-01 7.231497764587402344e-01
2.251383590698242188e+01 -2.087778300046920776e-01 8.053454160690307617e-01
2.235575485229492188e+01 -2.075980156660079956e-01 8.944650292396545410e-01
2.220374298095703125e+01 -2.065299898386001587e-01 9.793029427528381348e-01
2.214225387573242188e+01 -2.061227709054946899e-01 1.013273954391479492e+00
2.193400382995605469e+01 -2.047758847475051880e-01 1.127842307090759277e+00
2.179917716979980469e+01 -2.039743363857269287e-01 1.200924038887023926e+00
2.172649574279785156e+01 -2.035651504993438721e-01 1.239925384521484375e+00
2.150187301635742188e+01 -2.023368328809738159e-01 1.359784245491027832e+00
2.142662620544433594e+01 -2.019624859094619751e-01 1.399218440055847168e+00
2.121162605285644531e+01 -2.009251266717910767e-01 1.511181235313415527e+00
2.108573532104492188e+01 -2.003706991672515869e-01 1.575518250465393066e+00
2.095965003967285156e+01 -1.998435109853744507e-01 1.639212846755981445e+00
2.083545494079589844e+01 -1.993503272533416748e-01 1.701201081275939941e+00
2.072875404357910156e+01 -1.989473253488540649e-01 1.753806233406066895e+00
2.056576347351074219e+01 -1.983570605516433716e-01 1.833288431167602539e+00
2.043623542785644531e+01 -1.979169845581054688e-01 1.895362257957458496e+00
2.038286399841308594e+01 -1.977441608905792236e-01 1.920572161674499512e+00
2.023420333862304688e+01 -1.972715705633163452e-01 1.990362167358398438e+00
2.011190605163574219e+01 -1.969023048877716064e-01 2.046772718429565430e+00
2.000818443298339844e+01 -1.966010481119155884e-01 2.093897104263305664e+00
1.980427932739257812e+01 -1.960263550281524658e-01 2.185313224792480469e+00
1.972234535217285156e+01 -1.958078444004058838e-01 2.221051454544067383e+00
1.960331726074218750e+01 -1.954957693815231323e-01 2.272372961044311523e+00
1.950536537170410156e+01 -1.952445060014724731e-01 2.313879251480102539e+00
1.935325431823730469e+01 -1.948597580194473267e-01 2.377386093139648438e+00
1.926527786254882812e+01 -1.946409195661544800e-01 2.413244485855102539e+00
1.912694358825683594e+01 -1.942984014749526978e-01 2.468816280364990234e+00
1.900205612182617188e+01 -1.939899921417236328e-01 2.517810821533203125e+00
1.891023635864257812e+01 -1.937622576951980591e-01 2.553032636642456055e+00
1.880252456665039062e+01 -1.934930533170700073e-01 2.593647241592407227e+00
1.867855262756347656e+01 -1.931792646646499634e-01 2.639425277709960938e+00
1.859453392028808594e+01 -1.929624080657958984e-01 2.669679641723632812e+00
1.846015167236328125e+01 -1.926096528768539429e-01 2.717217683792114258e+00
1.841479110717773438e+01 -1.924868673086166382e-01 2.732795238494873047e+00
1.829589271545410156e+01 -1.921610236167907715e-01 2.773206233978271484e+00
1.813331413269042969e+01 -1.917002201080322266e-01 2.826930046081542969e+00
1.809200668334960938e+01 -1.915770173072814941e-01 2.840034246444702148e+00
1.796525001525878906e+01 -1.911933571100234985e-01 2.879811286926269531e+00
1.786061286926269531e+01 -1.908618062734603882e-01 2.911532640457153320e+00
1.776419258117675781e+01 -1.905437260866165161e-01 2.939897060394287109e+00
1.762732696533203125e+01 -1.900743842124938965e-01 2.979006290435791016e+00
1.753701210021972656e+01 -1.897466629743576050e-01 3.003712177276611328e+00
1.743337821960449219e+01 -1.893557310104370117e-01 3.031209945678710938e+00
1.732106018066406250e+01 -1.889124065637588501e-01 3.059935331344604492e+00
1.722516059875488281e+01 -1.885145753622055054e-01 3.083446025848388672e+00
1.713506698608398438e+01 -1.881243586540222168e-01 3.104703664779663086e+00
1.706426048278808594e+01 -1.878049075603485107e-01 3.120787858963012695e+00
1.698914527893066406e+01 -1.874549090862274170e-01 3.137324810028076172e+00
1.686254310607910156e+01 -1.868444681167602539e-01 3.164243221282958984e+00
1.675199508666992188e+01 -1.862800568342208862e-01 3.186321258544921875e+00
1.665604782104492188e+01 -1.857651472091674805e-01 3.204379081726074219e+00
1.659165000915527344e+01 -1.854043602943420410e-01 3.215844154357910156e+00
1.649345779418945312e+01 -1.848381608724594116e-01 3.232646226882934570e+00
1.643316841125488281e+01 -1.844751238822937012e-01 3.242317199707031250e+00
1.634814071655273438e+01 -1.839494109153747559e-01 3.255389690399169922e+00
1.622674560546875000e+01 -1.831707358360290527e-01 3.272897958755493164e+00
1.616708183288574219e+01 -1.827677935361862183e-01 3.280678033828735352e+00
1.606634140014648438e+01 -1.820702701807022095e-01 3.293118000030517578e+00
1.597150707244873047e+01 -1.813859492540359497e-01 3.303707122802734375e+00
1.585344886779785156e+01 -1.805010885000228882e-01 3.315552473068237305e+00
1.576385402679443359e+01 -1.797980517148971558e-01 3.323255300521850586e+00
1.572803688049316406e+01 -1.795074045658111572e-01 3.325937032699584961e+00
1.565021419525146484e+01 -1.788675636053085327e-01 3.331414699554443359e+00
1.555869007110595703e+01 -1.780938208103179932e-01 3.336955547332763672e+00
1.545427894592285156e+01 -1.771827489137649536e-01 3.342049360275268555e+00
1.535269355773925781e+01 -1.762652099132537842e-01 3.345620155334472656e+00
1.528685665130615234e+01 -1.756514012813568115e-01 3.347044944763183594e+00
1.517684745788574219e+01 -1.746057420969009399e-01 3.348448038101196289e+00
1.511416625976562500e+01 -1.739913225173950195e-01 3.348302841186523438e+00
1.504256153106689453e+01 -1.732779890298843384e-01 3.347512483596801758e+00
1.494273567199707031e+01 -1.722659915685653687e-01 3.345404624938964844e+00
1.485033130645751953e+01 -1.713076680898666382e-01 3.342136383056640625e+00
1.481002044677734375e+01 -1.708815991878509521e-01 3.340169906616210938e+00
1.473397350311279297e+01 -1.700718104839324951e-01 3.336009979248046875e+00
1.465856742858886719e+01 -1.692581027746200562e-01 3.331034898757934570e+00
1.455948925018310547e+01 -1.681761890649795532e-01 3.323376178741455078e+00
1.448554706573486328e+01 -1.673574745655059814e-01 3.316544294357299805e+00
1.442155361175537109e+01 -1.666427552700042725e-01 3.309900283813476562e+00
1.431491279602050781e+01 -1.654440462589263916e-01 3.297761440277099609e+00
1.426418018341064453e+01 -1.648684889078140259e-01 3.291128873825073242e+00
1.415988922119140625e+01 -1.636815220117568970e-01 3.276644468307495117e+00
1.407917213439941406e+01 -1.627577990293502808e-01 3.264064788818359375e+00
1.400228404998779297e+01 -1.618756949901580811e-01 3.251056909561157227e+00
1.397047519683837891e+01 -1.615103334188461304e-01 3.245266437530517578e+00
1.388641548156738281e+01 -1.605448126792907715e-01 3.229512929916381836e+00
1.379943752288818359e+01 -1.595462858676910400e-01 3.211966991424560547e+00
1.370701217651367188e+01 -1.584872156381607056e-01 3.191933155059814453e+00
1.365991497039794922e+01 -1.579494178295135498e-01 3.180961608886718750e+00
1.357219123840332031e+01 -1.569502055644989014e-01 3.159793138504028320e+00
1.351178741455078125e+01 -1.562658995389938354e-01 3.144267082214355469e+00
1.346437072753906250e+01 -1.557312011718750000e-01 3.131559371948242188e+00
1.337642288208007812e+01 -1.547435075044631958e-01 3.107226133346557617e+00
1.328041934967041016e+01 -1.536742895841598511e-01 3.079100608825683594e+00
1.321145439147949219e+01 -1.529142260551452637e-01 3.057651519775390625e+00
1.313282680511474609e+01 -1.520550549030303955e-01 3.032163619995117188e+00
1.307935333251953125e+01 -1.514769345521926880e-01 3.014018297195434570e+00
1.300051307678222656e+01 -1.506312638521194458e-01 2.986442327499389648e+00
1.295098781585693359e+01 -1.501065492630004883e-01 2.968349456787109375e+00
1.288607597351074219e+01 -1.494245231151580811e-01 2.943994283676147461e+00
1.281847763061523438e+01 -1.487223654985427856e-01 2.917747020721435547e+00
1.276047229766845703e+01 -1.481274217367172241e-01 2.894425392150878906e+00
1.267810726165771484e+01 -1.472922712564468384e-01 2.860325574874877930e+00
1.259123992919921875e+01 -1.464264541864395142e-01 2.822869539260864258e+00
1.256721305847167969e+01 -1.461915522813796997e-01 2.812067747116088867e+00
1.247115421295166016e+01 -1.452577114105224609e-01 2.768389225006103516e+00
1.242654991149902344e+01 -1.448340713977813721e-01 2.747182130813598633e+00
1.233127784729003906e+01 -1.439394801855087280e-01 2.700955152511596680e+00
1.229767036437988281e+01 -1.436318606138229370e-01 2.683939456939697266e+00
1.223177814483642578e+01 -1.430344134569168091e-01 2.650080680847167969e+00
1.217374897003173828e+01 -1.425182372331619263e-01 2.619397640228271484e+00
1.208937549591064453e+01 -1.417808234691619873e-01 2.573665618896484375e+00
1.201551914215087891e+01 -1.411523669958114624e-01 2.532189607620239258e+00
1.197056007385253906e+01 -1.407791525125503540e-01 2.506160736083984375e+00
1.192022514343261719e+01 -1.403678059577941895e-01 2.476481199264526367e+00
1.181331634521484375e+01 -1.395098119974136353e-01 2.412152290344238281e+00
1.175504112243652344e+01 -1.390606611967086792e-01 2.375569581985473633e+00
1.171311092376708984e+01 -1.387449502944946289e-01 2.348642826080322266e+00
1.163425254821777344e+01 -1.381614059209823608e-01 2.297174453735351562e+00
1.157459545135498047e+01 -1.377347260713577271e-01 2.257048606872558594e+00
1.152571678161621094e+01 -1.373944431543350220e-01 2.223424911499023438e+00
1.146730804443359375e+01 -1.369970589876174927e-01 2.182505369186401367e+00
1.140159320831298828e+01 -1.365625262260437012e-01 2.135461330413818359e+00
1.133887290954589844e+01 -1.361614912748336792e-01 2.089468240737915039e+00
1.127520751953125000e+01 -1.357678472995758057e-01 2.041708707809448242e+00
1.122814750671386719e+01 -1.354870945215225220e-01 2.005590200424194336e+00
1.116181278228759766e+01 -1.351021081209182739e-01 1.953818559646606445e+00
1.112980556488037109e+01 -1.349237412214279175e-01 1.928246021270751953e+00
1.104624748229980469e+01 -1.344674825668334961e-01 1.860733866691589355e+00
1.102046585083007812e+01 -1.343343555927276611e-01 1.839288592338562012e+00
1.093603038787841797e+01 -1.339061558246612549e-01 1.768427848815917969e+00
1.087703609466552734e+01 -1.336249858140945435e-01 1.717463493347167969e+00
1.080941963195800781e+01 -1.333173066377639771e-01 1.657867550849914551e+00
1.077793979644775391e+01 -1.331819146871566772e-01 1.629481792449951172e+00
1.073601055145263672e+01 -1.330064833164215088e-01 1.591272115707397461e+00
1.067091083526611328e+01 -1.327442824840545654e-01 1.531110763549804688e+00
1.061227607727050781e+01 -1.325224786996841431e-01 1.475739002227783203e+00
1.054242134094238281e+01 -1.322737485170364380e-01 1.408482432365417480e+00
1.051352787017822266e+01 -1.321785897016525269e-01 1.380019307136535645e+00
1.046029567718505859e+01 -1.320091485977172852e-01 1.327082037925720215e+00
1.040452861785888672e+01 -1.318430900573730469e-01 1.270655155181884766e+00
1.035079669952392578e+01 -1.316947191953659058e-01 1.215296626091003418e+00
1.026856803894042969e+01 -1.314848810434341431e-01 1.129099011421203613e+00
1.024807739257812500e+01 -1.314392089843750000e-01 1.107046127319335938e+00
1.018523979187011719e+01 -1.313042193651199341e-01 1.038972139358520508e+00
1.013375473022460938e+01 -1.312064230442047119e-01 9.820697307586669922e-01
1.009356212615966797e+01 -1.311382800340652466e-01 9.369171261787414551e-01
1.004297637939453125e+01 -1.310606002807617188e-01 8.793619871139526367e-01
9.959410667419433594e+00 -1.309491395950317383e-01 7.827539443969726562e-01
9.911888122558593750e+00 -1.309017091989517212e-01 7.263530492782592773e-01
9.857882499694824219e+00 -1.308581084012985229e-01 6.612979769706726074e-01
9.832592010498046875e+00 -1.308431774377822876e-01 6.303146481513977051e-01
9.774657249450683594e+00 -1.308148801326751709e-01 5.587779879570007324e-01
9.736029624938964844e+00 -1.308050453662872314e-01 5.102141499519348145e-01
9.681673049926757812e+00 -1.307996660470962524e-01 4.410505294799804688e-01
9.617398262023925781e+00 -1.308074295520782471e-01 3.578771352767944336e-01
9.581393241882324219e+00 -1.308211535215377808e-01 3.103496730327606201e-01
9.547448158264160156e+00 -1.308390200138092041e-01 2.650408148765563965e-01
9.503761291503906250e+00 -1.308679878711700439e-01 2.061149775981903076e-01
9.447442054748535156e+00 -1.309152543544769287e-01 1.291197836399078369e-01
9.402289390563964844e+00 -1.309634298086166382e-01 6.631064414978027344e-02
9.332658767700195312e+00 -1.310503780841827393e-01 -3.190355747938156128e-02
9.298307418823242188e+00 -1.292060762643814087e-01 2.185840532183647156e-02
9.253939628601074219e+00 -1.268838793039321899e-01 8.826495707035064697e-02
9.227385520935058594e+00 -1.255367249250411987e-01 1.258314847946166992e-01
9.181580543518066406e+00 -1.232535168528556824e-01 1.885420680046081543e-01
9.145716667175292969e+00 -1.215173751115798950e-01 2.349711656570434570e-01
9.110275268554687500e+00 -1.198384985327720642e-01 2.789265513420104980e-01
9.053737640380859375e+00 -1.172147691249847412e-01 3.461714386940002441e-01
9.018581390380859375e+00 -1.156338527798652649e-01 3.852979540824890137e-01
8.979375839233398438e+00 -1.139032393693923950e-01 4.271901547908782959e-01
8.910053253173828125e+00 -1.109037101268768311e-01 4.979856312274932861e-01
8.894656181335449219e+00 -1.102597862482070923e-01 5.124930143356323242e-01
8.824173927307128906e+00 -1.073331534862518311e-01 5.777412056922912598e-01
8.785808563232421875e+00 -1.057909727096557617e-01 6.104507446289062500e-01
8.730415344238281250e+00 -1.036016866564750671e-01 6.556042432785034180e-01
8.708233833312988281e+00 -1.027456820011138916e-01 6.725336313247680664e-01
8.648427963256835938e+00 -1.004591360688209534e-01 7.169829607009887695e-01
8.583722114562988281e+00 -9.804585576057434082e-02 7.616797089576721191e-01
8.533471107482910156e+00 -9.622001647949218750e-02 7.936717867851257324e-01
8.484512329101562500e+00 -9.447599202394485474e-02 8.228704333305358887e-01
8.435926437377929688e+00 -9.277775138616561890e-02 8.500027060508728027e-01
8.400035858154296875e+00 -9.154631197452545166e-02 8.687331676483154297e-01
8.335080146789550781e+00 -8.934757113456726074e-02 9.009220004081726074e-01
8.308490753173828125e+00 -8.846912533044815063e-02 9.128609895706176758e-01
8.254558563232421875e+00 -8.670470118522644043e-02 9.360769987106323242e-01
8.186771392822265625e+00 -8.453033119440078735e-02 9.627478122711181641e-01
8.133909225463867188e+00 -8.287588506937026978e-02 9.811467528343200684e-01
8.084408760070800781e+00 -8.135574311017990112e-02 9.966660737991333008e-01
8.020243644714355469e+00 -7.941974699497222900e-02 1.014744639396667480e+00
7.974226951599121094e+00 -7.806267589330673218e-02 1.025846123695373535e+00
7.942034721374511719e+00 -7.712866365909576416e-02 1.032692313194274902e+00
7.853292465209960938e+00 -7.458310574293136597e-02 1.049808263778686523e+00
7.810593128204345703e+00 -7.339646667242050171e-02 1.055737257003784180e+00
7.745068550109863281e+00 -7.160308212041854858e-02 1.063155055046081543e+00
7.711102008819580078e+00 -7.069513201713562012e-02 1.065672159194946289e+00
7.675448417663574219e+00 -6.975374370813369751e-02 1.067595839500427246e+00
7.588354110717773438e+00 -6.748385727405548096e-02 1.070457220077514648e+00
7.542622566223144531e+00 -6.632988154888153076e-02 1.069608569145202637e+00
7.512049674987792969e+00 -6.557159125804901123e-02 1.068216800689697266e+00
7.433888912200927734e+00 -6.365546584129333496e-02 1.063248157501220703e+00
7.364183425903320312e+00 -6.199779361486434937e-02 1.055594325065612793e+00
7.341301441192626953e+00 -6.146861240267753601e-02 1.052132487297058105e+00
7.284082889556884766e+00 -6.015764921903610229e-02 1.042690873146057129e+00
7.214351177215576172e+00 -5.859759822487831116e-02 1.028780698776245117e+00
7.153306961059570312e+00 -5.727228149771690369e-02 1.014010548591613770e+00
7.107455730438232422e+00 -5.630360916256904602e-02 1.001185774803161621e+00
7.052897930145263672e+00 -5.517519265413284302e-02 9.843556284904479980e-01
7.014421939849853516e+00 -5.439992249011993408e-02 9.711496233940124512e-01
6.974930286407470703e+00 -5.361922457814216614e-02 9.566108584403991699e-01
6.887438774108886719e+00 -5.192423611879348755e-02 9.221315383911132812e-01
6.828882217407226562e+00 -5.084204301238059998e-02 8.956171870231628418e-01
6.782514572143554688e+00 -5.001351982355117798e-02 8.727351427078247070e-01
6.750408172607421875e+00 -4.945570230484008789e-02 8.558275699615478516e-01
6.701237678527832031e+00 -4.861851781606674194e-02 8.287799358367919922e-01
6.626016616821289062e+00 -4.737855121493339539e-02 7.846406102180480957e-01
6.574960708618164062e+00 -4.658046364784240723e-02 7.517113685607910156e-01
6.540419101715087891e+00 -4.606122151017189026e-02 7.280054688453674316e-01
6.495221138000488281e+00 -4.540060460567474365e-02 6.956785917282104492e-01
6.446663379669189453e+00 -4.471798613667488098e-02 6.590552926063537598e-01
6.410806179046630859e+00 -4.423609748482704163e-02 6.304498910903930664e-01
6.343439579010009766e+00 -4.336255043745040894e-02 5.744547843933105469e-01
6.317635059356689453e+00 -4.305169731378555298e-02 5.513138175010681152e-01
6.270105361938476562e+00 -4.249666258692741394e-02 5.074286460876464844e-01
6.207858562469482422e+00 -4.181338846683502197e-02 4.468031227588653564e-01
6.156569957733154297e+00 -4.130000248551368713e-02 3.932409584522247314e-01
6.120137691497802734e+00 -4.096641391515731812e-02 3.529237806797027588e-01
6.083830356597900391e+00 -4.065733775496482849e-02 3.110357224941253662e-01
6.034291267395019531e+00 -4.026903584599494934e-02 2.514354884624481201e-01
6.001032829284667969e+00 -4.004082828760147095e-02 2.090405523777008057e-01
5.954162120819091797e+00 -3.975215554237365723e-02 1.468742787837982178e-01
5.910815238952636719e+00 -3.953092917799949646e-02 8.601764589548110962e-02
5.895906448364257812e+00 -3.947063907980918884e-02 6.392276287078857422e-02
5.851700782775878906e+00 -3.930909186601638794e-02 -2.860099077224731445e-03
5.787365436553955078e+00 -3.756408393383026123e-02 7.398701459169387817e-02
5.751136779785156250e+00 -3.664052113890647888e-02 1.141106486320495605e-01
5.698026180267333984e+00 -3.533230349421501160e-02 1.705392748117446899e-01
5.642199039459228516e+00 -3.402445092797279358e-02 2.263693064451217651e-01
5.598160266876220703e+00 -3.304556012153625488e-02 2.677136957645416260e-01
5.534336566925048828e+00 -3.168424963951110840e-02 3.247371017932891846e-01
5.501262664794921875e+00 -3.101995959877967834e-02 3.522287309169769287e-01
5.435486793518066406e+00 -2.973945625126361847e-02 4.048994779586791992e-01
5.393307685852050781e+00 -2.896839380264282227e-02 4.362217187881469727e-01
5.334667682647705078e+00 -2.793932147324085236e-02 4.776950478553771973e-01
5.298008441925048828e+00 -2.733217738568782806e-02 5.018897056579589844e-01
5.210949897766113281e+00 -2.594253048300743103e-02 5.568789839744567871e-01
5.177664756774902344e+00 -2.545724809169769287e-02 5.757436752319335938e-01
5.121849536895751953e+00 -2.467212080955505371e-02 6.060590744018554688e-01
5.074333190917968750e+00 -2.404388971626758575e-02 6.300306320190429688e-01
4.997437000274658203e+00 -2.308147773146629333e-02 6.663716435432434082e-01
4.943219661712646484e+00 -2.246358059346675873e-02 6.892791390419006348e-01
4.899395465850830078e+00 -2.199806645512580872e-02 7.063007950782775879e-01
4.809500694274902344e+00 -2.109878510236740112e-02 7.387940883636474609e-01
4.782453536987304688e+00 -2.086203545331954956e-02 7.471099495887756348e-01
4.718810558319091797e+00 -2.032870799303054810e-02 7.656702399253845215e-01
4.643380165100097656e+00 -1.976236701011657715e-02 7.848937511444091797e-01
4.587740421295166016e+00 -1.940167509019374847e-02 7.966960668563842773e-01
4.530824184417724609e+00 -1.907562278211116791e-02 8.070067167282104492e-01
4.455668926239013672e+00 -1.870294287800788879e-02 8.182697296142578125e-01
4.396243095397949219e+00 -1.846860721707344055e-02 8.247480392456054688e-01
4.339274406433105469e+00 -1.828985847532749176e-02 8.291372060775756836e-01
4.260722160339355469e+00 -1.810430362820625305e-02 8.327971696853637695e-01
4.212697029113769531e+00 -1.804246567189693451e-02 8.330280780792236328e-01
4.127210617065429688e+00 -1.798916235566139221e-02 8.312609195709228516e-01
4.074143409729003906e+00 -1.801927201449871063e-02 8.277580738067626953e-01
4.046653270721435547e+00 -1.805553212761878967e-02 8.251678347587585449e-01
3.976676702499389648e+00 -1.817539334297180176e-02 8.175482749938964844e-01
3.902114868164062500e+00 -1.837843284010887146e-02 8.066365718841552734e-01
3.843908071517944336e+00 -1.860080845654010773e-02 7.957751750946044922e-01
3.803234100341796875e+00 -1.879183016717433929e-02 7.868926525115966797e-01
3.718565940856933594e+00 -1.924228481948375702e-02 7.665021419525146484e-01
3.653936624526977539e+00 -1.967154815793037415e-02 7.478810548782348633e-01
3.600281953811645508e+00 -2.008385583758354187e-02 7.304437756538391113e-01
3.520642757415771484e+00 -2.076670527458190918e-02 7.020767927169799805e-01
3.475657939910888672e+00 -2.121354080736637115e-02 6.839246749877929688e-01
3.405297279357910156e+00 -2.196850068867206573e-02 6.535998582839965820e-01
3.355777263641357422e+00 -2.256333269178867340e-02 6.300795078277587891e-01
3.282235383987426758e+00 -2.351573109626770020e-02 5.928018093109130859e-01
3.256505966186523438e+00 -2.388608828186988831e-02 5.785030126571655273e-01
3.170586824417114258e+00 -2.516811713576316833e-02 5.292349457740783691e-01
3.131279945373535156e+00 -2.582587860524654388e-02 5.043107867240905762e-01
3.063891410827636719e+00 -2.701272256672382355e-02 4.596178233623504639e-01
3.014358520507812500e+00 -2.796258963644504547e-02 4.242061972618103027e-01
2.979629039764404297e+00 -2.867078036069869995e-02 3.979921340942382812e-01
2.911222457885742188e+00 -3.012652136385440826e-02 3.443705439567565918e-01
2.847977161407470703e+00 -3.158810734748840332e-02 2.910250127315521240e-01
2.786470651626586914e+00 -3.312111645936965942e-02 2.355307042598724365e-01
2.763082265853881836e+00 -3.374830633401870728e-02 2.130004018545150757e-01
2.706875801086425781e+00 -3.529842570424079895e-02 1.574756354093551636e-01
2.657070636749267578e+00 -3.676717355847358704e-02 1.052123755216598511e-01
2.602096796035766602e+00 -3.848830983042716980e-02 4.431471973657608032e-02
2.541828155517578125e+00 -4.050530493259429932e-02 -2.662046998739242554e-02
2.507129192352294922e+00 -4.106811061501502991e-02 7.798261940479278564e-03
2.462131977081298828e+00 -4.182850942015647888e-02 5.076316371560096741e-02
2.388645172119140625e+00 -4.313294216990470886e-02 1.175608932971954346e-01
2.352015972137451172e+00 -4.383184015750885010e-02 1.482815146446228027e-01
2.278282403945922852e+00 -4.528570175170898438e-02 2.077115029096603394e-01
2.209518671035766602e+00 -4.672684147953987122e-02 2.588253617286682129e-01
2.147645235061645508e+00 -4.809236153960227966e-02 3.014396429061889648e-01
2.069918155670166016e+00 -4.988311976194381714e-02 3.513683080673217773e-01
2.007109880447387695e+00 -5.140441656112670898e-02 3.882418870925903320e-01
1.969233632087707520e+00 -5.235712602734565735e-02 4.088736474514007568e-01
1.903243780136108398e+00 -5.405352264642715454e-02 4.431936144828796387e-01
1.801557183265686035e+00 -5.676415935158729553e-02 4.918367266654968262e-01
1.766167879104614258e+00 -5.775821208953857422e-02 5.065879225730895996e-01
1.712146520614624023e+00 -5.930232256650924683e-02 5.279957056045532227e-01
1.616440653800964355e+00 -6.210955232381820679e-02 5.629776716232299805e-01
1.570446729660034180e+00 -6.351888924837112427e-02 5.773525834083557129e-01
1.481561660766601562e+00 -6.629835069179534912e-02 6.029381155967712402e-01
1.399730682373046875e+00 -6.895592063665390015e-02 6.226658225059509277e-01
1.365844964981079102e+00 -7.009400427341461182e-02 6.294127106666564941e-01
1.279835939407348633e+00 -7.302244007587432861e-02 6.450675725936889648e-01
1.212923526763916016e+00 -7.537896186113357544e-02 6.543752551078796387e-01
1.106871604919433594e+00 -7.921114563941955566e-02 6.656383275985717773e-01
1.051815509796142578e+00 -8.128101378679275513e-02 6.686472892761230469e-01
1.016209483146667480e+00 -8.264710009098052979e-02 6.696485877037048340e-01
9.362834692001342773e-01 -8.575383573770523071e-02 6.705287694931030273e-01
8.686277270317077637e-01 -8.846051990985870361e-02 6.686807870864868164e-01
8.050559163093566895e-01 -9.106602519750595093e-02 6.648827195167541504e-01
7.161132693290710449e-01 -9.479447454214096069e-02 6.568530201911926270e-01
6.439781785011291504e-01 -9.791430085897445679e-02 6.472455263137817383e-01
5.775967240333557129e-01 -1.008587852120399475e-01 6.360740065574645996e-01
4.881580770015716553e-01 -1.049193292856216431e-01 6.181034445762634277e-01
4.361684620380401611e-01 -1.073546037077903748e-01 6.053414344787597656e-01
3.245925307273864746e-01 -1.126776263117790222e-01 5.750125050544738770e-01
2.660895884037017822e-01 -1.155802980065345764e-01 5.557420849800109863e-01
2.303121685981750488e-01 -1.173929721117019653e-01 5.428449511528015137e-01
1.525810509920120239e-01 -1.213825047016143799e-01 5.133187174797058105e-01
4.434515535831451416e-02 -1.270964741706848145e-01 4.675662517547607422e-01
1.882983744144439697e-02 -1.284981518983840942e-01 4.552008807659149170e-01
-4.439594596624374390e-02 -1.320052146911621094e-01 4.235993325710296631e-01
-1.176886707544326782e-01 -1.361698657274246216e-01 3.841523230075836182e-01
-2.094060629606246948e-01 -1.415320038795471191e-01 3.305511772632598877e-01
-2.642763853073120117e-01 -1.448593735694885254e-01 2.951520681381225586e-01
-3.054726421833038330e-01 -1.474148482084274292e-01 2.669926881790161133e-01
-3.841760754585266113e-01 -1.523828804492950439e-01 2.108377516269683838e-01
-4.329159259796142578e-01 -1.555660218000411987e-01 1.731511503458023071e-01
-5.045656561851501465e-01 -1.603491902351379395e-01 1.149355620145797729e-01
-5.591756701469421387e-01 -1.641180217266082764e-01 6.724003702402114868e-02
-6.207761764526367188e-01 -1.684833616018295288e-01 1.038042828440666199e-02
-7.176247835159301758e-01 -1.747783720493316650e-01 9.176613390445709229e-02
-7.872675061225891113e-01 -1.793823689222335815e-01 1.445026099681854248e-01
-8.551945686340332031e-01 -1.839261502027511597e-01 1.922378838062286377e-01
-9.248312711715698242e-01 -1.886366456747055054e-01 2.377028465270996094e-01
-9.723122715950012207e-01 -1.918845474720001221e-01 2.664126455783843994e-01
-1.058261036872863770e+00 -1.978080868721008301e-01 3.156903386116027832e-01
-1.135233402252197266e+00 -2.031837105751037598e-01 3.556401133537292480e-01
-1.216794013977050781e+00 -2.089464813470840454e-01 3.942144215106964111e-01
-1.314976215362548828e+00 -2.159683108329772949e-01 4.360745549201965332e-01
-1.396439075469970703e+00 -2.218785285949707031e-01 4.664414525032043457e-01
-1.433650732040405273e+00 -2.246102690696716309e-01 4.787285327911376953e-01
-1.528336048126220703e+00 -2.315987348556518555e-01 5.082015991210937500e-01
-1.591494441032409668e+00 -2.363236397504806519e-01 5.248835682868957520e-01
-1.706594705581665039e+00 -2.450121939182281494e-01 5.517654418945312500e-01
-1.784660339355468750e+00 -2.510014772415161133e-01 5.657476186752319336e-01
-1.886974334716796875e+00 -2.589384317398071289e-01 5.803862810134887695e-01
-1.948857069015502930e+00 -2.638088762760162354e-01 5.863655805587768555e-01
-2.051058530807495117e+00 -2.719239294528961182e-01 5.934053063392639160e-01
-2.104541540145874023e+00 -2.762329876422882080e-01 5.946590304374694824e-01
-2.215062856674194336e+00 -2.852067351341247559e-01 5.946358442306518555e-01
-2.255702257156372070e+00 -2.885596454143524170e-01 5.926465392112731934e-01
-2.348490476608276367e+00 -2.962611913681030273e-01 5.864393711090087891e-01
-2.453688621520996094e+00 -3.051136434078216553e-01 5.750837922096252441e-01
-2.568585395812988281e+00 -3.149365484714508057e-01 5.572954416275024414e-01
-2.653150081634521484e+00 -3.222951591014862061e-01 5.398159027099609375e-01
-2.718231201171875000e+00 -3.280347287654876709e-01 5.238314270973205566e-01
-2.770784139633178711e+00 -3.327185809612274170e-01 5.093221664428710938e-01
-2.891318321228027344e+00 -3.435550332069396973e-01 4.730292558670043945e-01
-2.940813779830932617e+00 -3.480958938598632812e-01 4.552267789840698242e-01
-3.034641981124877930e+00 -3.567789196968078613e-01 4.191437363624572754e-01
-3.113909959793090820e+00 -3.642385601997375488e-01 3.848289549350738525e-01
-3.231393098831176758e+00 -3.754585087299346924e-01 3.289843797683715820e-01
-3.298648357391357422e+00 -3.820288181304931641e-01 2.925924658775329590e-01
-3.338037729263305664e+00 -3.859300017356872559e-01 2.697094380855560303e-01
-3.463870286941528320e+00 -3.984968364238739014e-01 1.935618519783020020e-01
-3.514715909957885742e+00 -4.037159383296966553e-01 1.586848199367523193e-01
-3.609062194824218750e+00 -4.135161340236663818e-01 9.064793586730957031e-02
-3.683464527130126953e+00 -4.214245975017547607e-01 3.186907619237899780e-02
-3.767733573913574219e+00 -4.305576086044311523e-01 -3.965942561626434326e-02
-3.807741880416870117e+00 -4.350632429122924805e-01 -9.007852524518966675e-03
-3.927234649658203125e+00 -4.485374987125396729e-01 7.889804244041442871e-02
-3.974463224411010742e+00 -4.538839459419250488e-01 1.096084564924240112e-01
-4.113573074340820312e+00 -4.696597754955291748e-01 1.957516819238662720e-01
-4.162610054016113281e+00 -4.752503037452697754e-01 2.219014465808868408e-01
-4.274135112762451172e+00 -4.879914224147796631e-01 2.782457470893859863e-01
-4.394626140594482422e+00 -5.018229484558105469e-01 3.317578732967376709e-01
-4.430240631103515625e+00 -5.059335231781005859e-01 3.453688919544219971e-01
-4.560903072357177734e+00 -5.210403800010681152e-01 3.930171132087707520e-01
-4.690246582031250000e+00 -5.360886454582214355e-01 4.321141541004180908e-01
-4.787034034729003906e+00 -5.474225282669067383e-01 4.556796252727508545e-01
-4.830171585083007812e+00 -5.524997115135192871e-01 4.643525183200836182e-01
-4.922724723815917969e+00 -5.634186267852783203e-01 4.812448322772979736e-01
-5.053019046783447266e+00 -5.788682103157043457e-01 4.999126791954040527e-01
-5.185266017913818359e+00 -5.946643948554992676e-01 5.116979479789733887e-01
-5.292351245880126953e+00 -6.075543165206909180e-01 5.154569745063781738e-01
-5.382278919219970703e+00 -6.184498667716979980e-01 5.147174596786499023e-01
-5.488297939300537109e+00 -6.313682198524475098e-01 5.099984407424926758e-01
-5.552086353302001953e+00 -6.391945481300354004e-01 5.044272541999816895e-01
-5.684377670288085938e+00 -6.554956436157226562e-01 4.894458353519439697e-01
-5.800756454467773438e+00 -6.699672937393188477e-01 4.699702560901641846e-01
-5.914421081542968750e+00 -6.842211484909057617e-01 4.454455971717834473e-01
-5.969277381896972656e+00 -6.911599040031433105e-01 4.309587478637695312e-01
-6.122399806976318359e+00 -7.106130123138427734e-01 3.868667483329772949e-01
-6.245244503021240234e+00 -7.264162302017211914e-01 3.431206047534942627e-01
-6.333772659301757812e+00 -7.379285097122192383e-01 3.065173923969268799e-01
-6.420774459838867188e+00 -7.493364214897155762e-01 2.667829394340515137e-01
-6.477958202362060547e+00 -7.568989396095275879e-01 2.381358146667480469e-01
-6.630288124084472656e+00 -7.771636247634887695e-01 1.572123169898986816e-01
-6.715526103973388672e+00 -7.886912822723388672e-01 1.047143787145614624e-01
-6.800571918487548828e+00 -8.003101348876953125e-01 4.795517027378082275e-02
-6.910865783691406250e+00 -8.155418038368225098e-01 -3.168523311614990234e-02
-7.009582996368408203e+00 -8.301023840904235840e-01 3.349133580923080444e-02
-7.104324340820312500e+00 -8.440465331077575684e-01 9.001550078392028809e-02
-7.198565959930419922e+00 -8.578961491584777832e-01 1.409228742122650146e-01
-7.342949390411376953e+00 -8.790916204452514648e-01 2.113393992185592651e-01
-7.431179523468017578e+00 -8.920297026634216309e-01 2.477578073740005493e-01
-7.546209335327148438e+00 -9.088938236236572266e-01 2.903162240982055664e-01
-7.690550804138183594e+00 -9.300550818443298340e-01 3.360249996185302734e-01
-7.833560943603515625e+00 -9.510296583175659180e-01 3.722162842750549316e-01
-7.994407176971435547e+00 -9.746404886245727539e-01 4.032540619373321533e-01
-8.112099647521972656e+00 -9.919409751892089844e-01 4.183082878589630127e-01
-8.271908760070800781e+00 -1.015464544296264648e+00 4.313445687294006348e-01
-8.407719612121582031e+00 -1.035498261451721191e+00 4.340238571166992188e-01
-8.540460586547851562e+00 -1.055121064186096191e+00 4.297354221343994141e-01
-8.659613609313964844e+00 -1.072776675224304199e+00 4.198331534862518311e-01
-8.808550834655761719e+00 -1.094897031784057617e+00 4.006246924400329590e-01
-8.978579521179199219e+00 -1.120230197906494141e+00 3.688324689865112305e-01
-9.084192276000976562e+00 -1.136028766632080078e+00 3.419257998466491699e-01
-9.222224235534667969e+00 -1.156734108924865723e+00 3.007528781890869141e-01
-9.307017326354980469e+00 -1.169502615928649902e+00 2.704822421073913574e-01
-9.458012580871582031e+00 -1.192298769950866699e+00 2.109056860208511353e-01
-9.582641601562500000e+00 -1.211206316947937012e+00 1.530501246452331543e-01
-9.701149940490722656e+00 -1.229265451431274414e+00 9.076458960771560669e-02
-9.835898399353027344e+00 -1.249894022941589355e+00 1.154931634664535522e-02
-9.970204353332519531e+00 -1.270573258399963379e+00 -7.767251133918762207e-02
-1.013138961791992188e+01 -1.297590017318725586e+00 1.793220639228820801e-02
-1.032489204406738281e+01 -1.329684376716613770e+00 1.148578673601150513e-01
-1.047221374511718750e+01 -1.353863596916198730e+00 1.741642355918884277e-01
-1.067987632751464844e+01 -1.387718558311462402e+00 2.436566948890686035e-01
-1.083203315734863281e+01 -1.412319302558898926e+00 2.810453176498413086e-01
-1.097289180755615234e+01 -1.434973478317260742e+00 3.070415258407592773e-01
-1.120436382293701172e+01 -1.472035050392150879e+00 3.371315002441406250e-01
-1.141173553466796875e+01 -1.505012750625610352e+00 3.460978567600250244e-01
-1.159899425506591797e+01 -1.534627199172973633e+00 3.399688005447387695e-01
-1.181899070739746094e+01 -1.569254994392395020e+00 3.177310228347778320e-01
-1.202163600921630859e+01 -1.600979685783386230e+00 2.808020114898681641e-01
-1.212656879425048828e+01 -1.617326021194458008e+00 2.536053359508514404e-01
-1.227883434295654297e+01 -1.640983939170837402e+00 2.078420817852020264e-01
-1.255486488342285156e+01 -1.683704018592834473e+00 1.077625006437301636e-01
-1.265845394134521484e+01 -1.699614644050598145e+00 5.778589099645614624e-02
-1.295071887969970703e+01 -1.744362831115722656e+00 -9.771580249071121216e-02
-1.322138214111328125e+01 -1.786890506744384766e+00 3.347851336002349854e-03
-1.349534702301025391e+01 -1.828813433647155762e+00 7.267512381076812744e-02
-1.386012935638427734e+01 -1.883308053016662598e+00 1.249167025089263916e-01
-1.417226886749267578e+01 -1.928557395935058594e+00 1.271901726722717285e-01
-1.450759601593017578e+01 -1.975943446159362793e+00 9.181700646877288818e-02
-1.478468704223632812e+01 -2.013983488082885742e+00 2.860583364963531494e-02
-1.501156139373779297e+01 -2.044311523437500000e+00 -4.738189280033111572e-02
-1.549104690551757812e+01 -2.106155395507812500e+00 7.490649819374084473e-02
-1.619833946228027344e+01 -2.190639019012451172e+00 1.154692098498344421e-01
-1.736919021606445312e+01 -2.316178560256958008e+00 -1.235308572649955750e-01
-1.773776054382324219e+01 -2.347519397735595703e+00 -3.722990751266479492e-01
-2.173844146728515625e+01 -2.585924863815307617e+00 7.825392484664916992e-02
-2.731305122375488281e+01 -2.421547412872314453e+00 -5.457891941070556641e+00
-2.447317695617675781e+01 -1.746507883071899414e+00 -1.187071323394775391e+01
8.575031250000000000e+03 1.227258148193359375e+02 -3.994496337890625000e+03
1.079130128908288000e+15 -1.628891009515520000e+14 -1.544062351966208000e+15
2.838696246461495177e+30 -1.155164435069184260e+30 6.216621765503899552e+30
7.222539925785561737e+30 -2.939103278178133300e+30 1.581705107862553846e+31
9.552567939923095735e+30 -3.887272865445534071e+30 2.091971177442299680e+31
1.416066312754530736e+31 -5.762467625163820846e+30 3.101124181432086690e+31
1.744512719593621456e+31 -7.099030623887542954e+30 3.820407722379267758e+31
1.867304161339953071e+31 -7.598711701668488980e+30 4.089315378850411721e+31
2.433402535617289170e+31 -9.902363372273670999e+30 5.329046562630133031e+31
2.778257571713427291e+31 -1.130569897079216792e+31 6.084264456424703260e+31
2.996766077905493055e+31 -1.219488567178348074e+31 6.562788727899483468e+31
3.394128872695281211e+31 -1.381189286428976530e+31 7.432996260663502302e+31
3.643813883279060801e+31 -1.482794786756889615e+31 7.979795343156510462e+31
4.139355236375900452e+31 -1.684447723816396451e+31 9.065009365798335404e+31
4.489953395470699830e+31 -1.827118258170143183e+31 9.832803956679520543e+31
4.923688899610069410e+31 -2.003620218908059428e+31 1.078266567741663591e+32
5.200174586688885715e+31 -2.116131801732461967e+31 1.138815762488160647e+32
5.472011228635792002e+31 -2.226751657434331534e+31 1.198346848266411047e+32
5.746035542745872922e+31 -2.338261766109765315e+31 1.258357055525491117e+32
6.263454826400278517e+31 -2.548817716475242126e+31 1.371669672597970309e+32
6.491261422856164318e+31 -2.641520324389767197e+31 1.421558366038974427e+32
7.003757960573099143e+31 -2.850073084672142568e+31 1.533792911422554078e+32
7.166750658847149753e+31 -2.916400557980135275e+31 1.569487558458430049e+32
7.492735571824923126e+31 -3.049055262810956765e+31 1.640876949244247562e+32
7.959014875457990678e+31 -3.238800522332423427e+31 1.742989980809751261e+32
8.389468387782270463e+31 -3.413967103609993352e+31 1.837257373948152724e+32
8.522652360336919238e+31 -3.468164215243972870e+31 1.866424014986240836e+32
8.843167609336428183e+31 -3.598593287640883828e+31 1.936615602069984175e+32
9.449193418443340563e+31 -3.845206417717022646e+31 2.069332639116064996e+32
9.566515317103989712e+31 -3.892948832614915736e+31 2.095025697775170786e+32
1.001611192799670323e+32 -4.075905490088918409e+31 2.193485452227864645e+32
