2.351564216613769531e+01 -1.746419966220855713e-01 2.115631699562072754e-01
2.334309577941894531e+01 -1.491177231073379517e-01 3.128495514392852783e-01
2.309652519226074219e+01 -1.128032505512237549e-01 4.563798904418945312e-01
2.302692222595214844e+01 -1.026156246662139893e-01 4.963865876197814941e-01
2.280563545227050781e+01 -7.027976959943771362e-02 6.231060028076171875e-01
2.262290191650390625e+01 -4.371879622340202332e-02 7.264685630798339844e-01
2.244129180908203125e+01 -1.743184030055999756e-02 8.281014561653137207e-01
2.233308601379394531e+01 -1.833247952163219452e-03 8.879823684692382812e-01
2.213606452941894531e+01 2.650254219770431519e-02 9.962602853775024414e-01
2.202623748779296875e+01 4.223190248012542725e-02 1.055831432342529297e+00
2.185280799865722656e+01 6.701532006263732910e-02 1.149186849594116211e+00
2.164147377014160156e+01 9.711113572120666504e-02 1.261532306671142578e+00
2.148307418823242188e+01 1.195769384503364563e-01 1.344397187232971191e+00
2.136093330383300781e+01 1.368501335382461548e-01 1.407489776611328125e+00
2.125344657897949219e+01 1.520183682441711426e-01 1.462451338768005371e+00
2.105425071716308594e+01 1.800774782896041870e-01 1.563372254371643066e+00
2.100138092041015625e+01 1.875003725290298462e-01 1.589685320854187012e+00
2.084870338439941406e+01 2.089187502861022949e-01 1.665300011634826660e+00
2.064336013793945312e+01 2.376585453748703003e-01 1.765526771545410156e+00
2.054501533508300781e+01 2.513816356658935547e-01 1.812547922134399414e+00
2.033357620239257812e+01 2.808473110198974609e-01 1.912603735923767090e+00
2.025350761413574219e+01 2.919748425483703613e-01 1.949623703956604004e+00
2.011907577514648438e+01 3.106396794319152832e-01 2.011209011077880859e+00
1.995887947082519531e+01 3.328475058078765869e-01 2.083437204360961914e+00
1.981754684448242188e+01 3.524064421653747559e-01 2.145907163619995117e+00
1.971755790710449219e+01 3.662246465682983398e-01 2.189299583435058594e+00
1.961523818969726562e+01 3.803522288799285889e-01 2.233108758926391602e+00
1.942972755432128906e+01 4.059436023235321045e-01 2.311412096023559570e+00
1.934908485412597656e+01 4.170516729354858398e-01 2.344542503356933594e+00
1.923814201354980469e+01 4.323249161243438721e-01 2.389564514160156250e+00
1.906844329833984375e+01 4.556701183319091797e-01 2.457238912582397461e+00
1.899877166748046875e+01 4.652450978755950928e-01 2.484256744384765625e+00
1.879098129272460938e+01 4.937919378280639648e-01 2.563875675201416016e+00
1.870348739624023438e+01 5.058006644248962402e-01 2.596167325973510742e+00
1.855075263977050781e+01 5.267574787139892578e-01 2.651606321334838867e+00
1.849386215209960938e+01 5.345599055290222168e-01 2.671638011932373047e+00
1.831758880615234375e+01 5.587326288223266602e-01 2.732979059219360352e+00
1.827821540832519531e+01 5.641301870346069336e-01 2.746167421340942383e+00
1.817271423339843750e+01 5.785927772521972656e-01 2.781193494796752930e+00
1.805923080444335938e+01 5.941487550735473633e-01 2.817956924438476562e+00
1.790705299377441406e+01 6.150089502334594727e-01 2.865914583206176758e+00
1.782933044433593750e+01 6.256638765335083008e-01 2.889468431472778320e+00
1.768011665344238281e+01 6.461220979690551758e-01 2.933748722076416016e+00
1.758647918701171875e+01 6.589640378952026367e-01 2.960382699966430664e+00
1.747674369812011719e+01 6.740173101425170898e-01 2.990728855133056641e+00
1.734276008605957031e+01 6.924033164978027344e-01 3.026520013809204102e+00
1.727614784240722656e+01 7.015486955642700195e-01 3.043533086776733398e+00
1.711845016479492188e+01 7.232056260108947754e-01 3.082874774932861328e+00
1.702882003784179688e+01 7.355237007141113281e-01 3.103953838348388672e+00
1.689668846130371094e+01 7.536917328834533691e-01 3.133932113647460938e+00
1.683874320983886719e+01 7.616651058197021484e-01 3.146356821060180664e+00
1.668512725830078125e+01 7.828109860420227051e-01 3.178443193435668945e+00
1.661649703979492188e+01 7.922676801681518555e-01 3.191750764846801758e+00
1.648329162597656250e+01 8.106312155723571777e-01 3.216671705245971680e+00
1.645882987976074219e+01 8.140069246292114258e-01 3.220919370651245117e+00
1.630302810668945312e+01 8.355106711387634277e-01 3.247583389282226562e+00
1.619734382629394531e+01 8.501150608062744141e-01 3.263961791992187500e+00
1.615910720825195312e+01 8.554036021232604980e-01 3.269459009170532227e+00
1.602050781250000000e+01 8.745794892311096191e-01 3.288816452026367188e+00
1.590672206878662109e+01 8.903409838676452637e-01 3.302991867065429688e+00
1.582938861846923828e+01 9.010637998580932617e-01 3.311648368835449219e+00
1.577198600769042969e+01 9.090285301208496094e-01 3.317572832107543945e+00
1.562957286834716797e+01 9.287988543510437012e-01 3.331338167190551758e+00
1.558318710327148438e+01 9.352465271949768066e-01 3.335055828094482422e+00
1.543331527709960938e+01 9.560873508453369141e-01 3.346248388290405273e+00
1.539807033538818359e+01 9.609950184822082520e-01 3.348248720169067383e+00
1.529902172088623047e+01 9.747910499572753906e-01 3.353446006774902344e+00
1.519755268096923828e+01 9.889362454414367676e-01 3.357536315917968750e+00
1.508090019226074219e+01 1.005211949348449707e+00 3.360761880874633789e+00
1.496637439727783203e+01 1.021206021308898926e+00 3.362232208251953125e+00
1.493833541870117188e+01 1.025125265121459961e+00 3.362176895141601562e+00
1.484763717651367188e+01 1.037805438041687012e+00 3.361664772033691406e+00
1.474337196350097656e+01 1.052391648292541504e+00 3.359827041625976562e+00
1.462305736541748047e+01 1.069234848022460938e+00 3.356023311614990234e+00
1.456181526184082031e+01 1.077814579010009766e+00 3.353080749511718750e+00
1.448545074462890625e+01 1.088516354560852051e+00 3.348763465881347656e+00
1.438311862945556641e+01 1.102862596511840820e+00 3.341883182525634766e+00
1.431834030151367188e+01 1.111948132514953613e+00 3.336585998535156250e+00
1.422401332855224609e+01 1.125181198120117188e+00 3.327992439270019531e+00
1.414442253112792969e+01 1.136350274085998535e+00 3.319646835327148438e+00
1.402923583984375000e+01 1.152517676353454590e+00 3.306213378906250000e+00
1.393834686279296875e+01 1.165277481079101562e+00 3.294041872024536133e+00
1.386681938171386719e+01 1.175319910049438477e+00 3.283471107482910156e+00
1.380587577819824219e+01 1.183876395225524902e+00 3.273790836334228516e+00
1.372012138366699219e+01 1.195915818214416504e+00 3.259353637695312500e+00
1.366366672515869141e+01 1.203840970993041992e+00 3.249084234237670898e+00
1.354303836822509766e+01 1.220773220062255859e+00 3.226053237915039062e+00
1.347278213500976562e+01 1.230632066726684570e+00 3.211266517639160156e+00
1.337397289276123047e+01 1.244494438171386719e+00 3.189328432083129883e+00
1.333933258056640625e+01 1.249352335929870605e+00 3.181066989898681641e+00
1.322568225860595703e+01 1.265287756919860840e+00 3.153298854827880859e+00
1.315248012542724609e+01 1.275545716285705566e+00 3.133995056152343750e+00
1.310095500946044922e+01 1.282762885093688965e+00 3.119755029678344727e+00
1.299914455413818359e+01 1.297018408775329590e+00 3.090701103210449219e+00
1.290699577331542969e+01 1.309911608695983887e+00 3.062744617462158203e+00
1.283146190643310547e+01 1.320472240447998047e+00 3.038578033447265625e+00
1.276800060272216797e+01 1.329339146614074707e+00 3.017400741577148438e+00
1.273319816589355469e+01 1.334198832511901855e+00 3.005380153656005859e+00
1.260913085937500000e+01 1.351517319679260254e+00 2.961726665496826172e+00
1.254775238037109375e+01 1.360074281692504883e+00 2.938697814941406250e+00
1.249449729919433594e+01 1.367493629455566406e+00 2.918092489242553711e+00
1.242834663391113281e+01 1.376703858375549316e+00 2.891818523406982422e+00
1.235952568054199219e+01 1.386278271675109863e+00 2.863597869873046875e+00
1.229080486297607422e+01 1.395830512046813965e+00 2.834486961364746094e+00
1.217815303802490234e+01 1.411475300788879395e+00 2.785224199295043945e+00
1.213627624511718750e+01 1.417282223701477051e+00 2.765957355499267578e+00
1.207712459564208984e+01 1.425479769706726074e+00 2.738234996795654297e+00
1.198521137237548828e+01 1.438206672668457031e+00 2.694034576416015625e+00
1.191016674041748047e+01 1.448583483695983887e+00 2.656502246856689453e+00
1.185783004760742188e+01 1.455811977386474609e+00 2.629492282867431641e+00
1.179529571533203125e+01 1.464441776275634766e+00 2.596517086029052734e+00
1.171819019317626953e+01 1.475071549415588379e+00 2.554812192916870117e+00
1.162270545959472656e+01 1.488218069076538086e+00 2.501549720764160156e+00
1.158708286285400391e+01 1.493114590644836426e+00 2.480920791625976562e+00
1.149364852905273438e+01 1.505949616432189941e+00 2.426062345504760742e+00
1.144832992553710938e+01 1.512164592742919922e+00 2.398487806320190430e+00
1.137870979309082031e+01 1.521704316139221191e+00 2.355397939682006836e+00
1.130166053771972656e+01 1.532248258590698242e+00 2.306457281112670898e+00
1.125099182128906250e+01 1.539171934127807617e+00 2.273349046707153320e+00
1.118141841888427734e+01 1.548669576644897461e+00 2.227043867111206055e+00
1.110689735412597656e+01 1.558828711509704590e+00 2.176190137863159180e+00
1.104300022125244141e+01 1.567526459693908691e+00 2.131417751312255859e+00
1.095689392089843750e+01 1.579232096672058105e+00 2.069714784622192383e+00
1.092737483978271484e+01 1.583237886428833008e+00 2.047920465469360352e+00
1.082357978820800781e+01 1.597314238548278809e+00 1.970505475997924805e+00
1.076266384124755859e+01 1.605557203292846680e+00 1.923437833786010742e+00
1.070241451263427734e+01 1.613699078559875488e+00 1.875921845436096191e+00
1.066276741027832031e+01 1.619049787521362305e+00 1.844019293785095215e+00
1.057513904571533203e+01 1.630865573883056641e+00 1.772574901580810547e+00
1.054501914978027344e+01 1.634918928146362305e+00 1.747300505638122559e+00
1.048646926879882812e+01 1.642792940139770508e+00 1.697683691978454590e+00
1.042929363250732422e+01 1.650471806526184082e+00 1.648302435874938965e+00
1.032526969909667969e+01 1.664424180984497070e+00 1.556788325309753418e+00
1.029549121856689453e+01 1.668408513069152832e+00 1.529706478118896484e+00
1.020651340484619141e+01 1.680305361747741699e+00 1.448017954826354980e+00
1.017775630950927734e+01 1.684142231941223145e+00 1.420865774154663086e+00
1.008868694305419922e+01 1.696017980575561523e+00 1.336007595062255859e+00
1.003031444549560547e+01 1.703784227371215820e+00 1.278830885887145996e+00
9.971226692199707031e+00 1.711634397506713867e+00 1.219899058341979980e+00
9.933156013488769531e+00 1.716685056686401367e+00 1.181231975555419922e+00
9.858616828918457031e+00 1.726564526557922363e+00 1.104637503623962402e+00
9.797676086425781250e+00 1.734626770019531250e+00 1.040576815605163574e+00
9.769330024719238281e+00 1.738371133804321289e+00 1.010223627090454102e+00
9.708577156066894531e+00 1.746390581130981445e+00 9.446091055870056152e-01
9.639016151428222656e+00 1.755558848381042480e+00 8.680931329727172852e-01
9.601969718933105469e+00 1.760433077812194824e+00 8.264834880828857422e-01
9.526489257812500000e+00 1.770354866981506348e+00 7.407611012458801270e-01
9.501377105712890625e+00 1.773649573326110840e+00 7.115926146507263184e-01
9.426956176757812500e+00 1.783407211303710938e+00 6.245040893554687500e-01
9.390063285827636719e+00 1.788235187530517578e+00 5.803695321083068848e-01
9.328650474548339844e+00 1.796264529228210449e+00 5.060970187187194824e-01
9.276503562927246094e+00 1.803071737289428711e+00 4.418794214725494385e-01
9.198526382446289062e+00 1.813237071037292480e+00 3.443712294101715088e-01
9.172948837280273438e+00 1.816564798355102539e+00 3.116480708122253418e-01
9.094519615173339844e+00 1.826762199401855469e+00 2.105548083782196045e-01
9.043038368225097656e+00 1.833442330360412598e+00 1.426610052585601807e-01
9.003491401672363281e+00 1.838567256927490234e+00 8.971822261810302734e-02
8.962908744812011719e+00 1.843821048736572266e+00 3.476132079958915710e-02
8.911993980407714844e+00 1.850405693054199219e+00 -3.500510379672050476e-02
8.862766265869140625e+00 1.858912348747253418e+00 4.072022065520286560e-02
8.835733413696289062e+00 1.863532781600952148e+00 7.972944527864456177e-02
8.774638175964355469e+00 1.873917341232299805e+00 1.649538278579711914e-01
8.715286254882812500e+00 1.883886575698852539e+00 2.416986823081970215e-01
8.698746681213378906e+00 1.886635541915893555e+00 2.616051733493804932e-01
8.637531280517578125e+00 1.896782279014587402e+00 3.338630795478820801e-01
8.575973510742187500e+00 1.906886339187622070e+00 4.014549851417541504e-01
8.531831741333007812e+00 1.914065837860107422e+00 4.465559720993041992e-01
8.483512878417968750e+00 1.921876430511474609e+00 4.934601187705993652e-01
8.435203552246093750e+00 1.929635524749755859e+00 5.377929210662841797e-01
8.405609130859375000e+00 1.934359431266784668e+00 5.634615421295166016e-01
8.331640243530273438e+00 1.946123361587524414e+00 6.254339218139648438e-01
8.278082847595214844e+00 1.954566001892089844e+00 6.665069460868835449e-01
8.244513511657714844e+00 1.959825515747070312e+00 6.906292438507080078e-01
8.197948455810546875e+00 1.967093944549560547e+00 7.227339148521423340e-01
8.142446517944335938e+00 1.975713491439819336e+00 7.588204145431518555e-01
8.092325210571289062e+00 1.983451724052429199e+00 7.891440987586975098e-01
8.043560981750488281e+00 1.990941643714904785e+00 8.167284131050109863e-01
7.971463680267333984e+00 2.001960754394531250e+00 8.548353314399719238e-01
7.918870449066162109e+00 2.009941577911376953e+00 8.798376321792602539e-01
7.867855548858642578e+00 2.017643690109252930e+00 9.021798968315124512e-01
7.828396797180175781e+00 2.023572206497192383e+00 9.180635213851928711e-01
7.740973949432373047e+00 2.036658287048339844e+00 9.509095549583435059e-01
7.712493419647216797e+00 2.040887117385864258e+00 9.599529504776000977e-01
7.658508300781250000e+00 2.048882007598876953e+00 9.760978221893310547e-01
7.578393936157226562e+00 2.060688495635986328e+00 9.972840547561645508e-01
7.531342506408691406e+00 2.067572832107543945e+00 1.007352590560913086e+00
7.489407062530517578e+00 2.073683023452758789e+00 1.015105366706848145e+00
7.418186664581298828e+00 2.084021568298339844e+00 1.026441454887390137e+00
7.341175556182861328e+00 2.095130443572998047e+00 1.035367012023925781e+00
7.290465831756591797e+00 2.102395772933959961e+00 1.038895964622497559e+00
7.244151115417480469e+00 2.109001398086547852e+00 1.040716409683227539e+00
7.194027900695800781e+00 2.116121053695678711e+00 1.041304111480712891e+00
7.115571975708007812e+00 2.127215385437011719e+00 1.039885520935058594e+00
7.045687198638916016e+00 2.137027978897094727e+00 1.035360932350158691e+00
6.998882770538330078e+00 2.143558263778686523e+00 1.030379176139831543e+00
6.933299064636230469e+00 2.152669191360473633e+00 1.021557450294494629e+00
6.888993263244628906e+00 2.158786535263061523e+00 1.013843774795532227e+00
6.822346210479736328e+00 2.167949914932250977e+00 1.000441193580627441e+00
6.756795883178710938e+00 2.176904678344726562e+00 9.845709204673767090e-01
6.705290317535400391e+00 2.183895111083984375e+00 9.699916243553161621e-01
6.642215728759765625e+00 2.192411422729492188e+00 9.500734806060791016e-01
6.607294559478759766e+00 2.197095632553100586e+00 9.376218914985656738e-01
6.529714107513427734e+00 2.207463264465332031e+00 9.081741571426391602e-01
6.486506938934326172e+00 2.213188648223876953e+00 8.895228505134582520e-01
6.420021057128906250e+00 2.221955776214599609e+00 8.588373661041259766e-01
6.401522636413574219e+00 2.224376201629638672e+00 8.494290113449096680e-01
6.319697380065917969e+00 2.235059022903442383e+00 8.067110776901245117e-01
6.257474899291992188e+00 2.243101119995117188e+00 7.704445719718933105e-01
6.232806205749511719e+00 2.246263742446899414e+00 7.548722624778747559e-01
6.159025192260742188e+00 2.255691528320312500e+00 7.068326473236083984e-01
6.099968910217285156e+00 2.263160467147827148e+00 6.647719144821166992e-01
6.070547103881835938e+00 2.266849040985107422e+00 6.422993540763854980e-01
6.014663696289062500e+00 2.273823261260986328e+00 5.981165170669555664e-01
5.957760810852050781e+00 2.280861139297485352e+00 5.501292347908020020e-01
5.910306930541992188e+00 2.286673307418823242e+00 5.074233412742614746e-01
5.880287647247314453e+00 2.290318489074707031e+00 4.789079427719116211e-01
5.829843521118164062e+00 2.296408414840698242e+00 4.293202757835388184e-01
5.782515525817871094e+00 2.302064418792724609e+00 3.800453841686248779e-01
5.730159759521484375e+00 2.308257579803466797e+00 3.224978744983673096e-01
5.685433387756347656e+00 2.313483953475952148e+00 2.702698409557342529e-01
5.623478412628173828e+00 2.320641994476318359e+00 1.940234154462814331e-01
5.586311817169189453e+00 2.324862480163574219e+00 1.447768062353134155e-01
5.537795543670654297e+00 2.330308914184570312e+00 7.748227566480636597e-02
5.519574642181396484e+00 2.332320928573608398e+00 5.061780288815498352e-02
5.465809822082519531e+00 2.338218212127685547e+00 -3.055700287222862244e-02
5.422786712646484375e+00 2.343677759170532227e+00 1.893284171819686890e-02
5.351358890533447266e+00 2.352661848068237305e+00 9.703091531991958618e-02
5.305500507354736328e+00 2.358349084854125977e+00 1.431423872709274292e-01
5.246138572692871094e+00 2.365647554397583008e+00 1.997565478086471558e-01
5.227738380432128906e+00 2.367885351181030273e+00 2.161427140235900879e-01
5.144769668579101562e+00 2.377942800521850586e+00 2.884911894798278809e-01
5.097476959228515625e+00 2.383593320846557617e+00 3.259249329566955566e-01
5.028769493103027344e+00 2.391737222671508789e+00 3.773800730705261230e-01
4.986290931701660156e+00 2.396715641021728516e+00 4.066852331161499023e-01
4.927294254302978516e+00 2.403582572937011719e+00 4.453411102294921875e-01
4.891790390014648438e+00 2.407676458358764648e+00 4.669561088085174561e-01
4.804316520690917969e+00 2.417706966400146484e+00 5.178591012954711914e-01
4.763552188873291016e+00 2.422318458557128906e+00 5.389695167541503906e-01
4.715708732604980469e+00 2.427696943283081055e+00 5.623824596405029297e-01
4.653029918670654297e+00 2.434691905975341797e+00 5.910085439682006836e-01
4.548684120178222656e+00 2.446226835250854492e+00 6.343207359313964844e-01
4.517030715942382812e+00 2.449671268463134766e+00 6.453428268432617188e-01
4.429148197174072266e+00 2.459188461303710938e+00 6.742240190505981445e-01
4.361965656280517578e+00 2.466367721557617188e+00 6.927149295806884766e-01
4.299809455871582031e+00 2.472942113876342773e+00 7.073528766632080078e-01
4.239648818969726562e+00 2.479244709014892578e+00 7.193497419357299805e-01
4.175453662872314453e+00 2.485907316207885742e+00 7.299416661262512207e-01
4.142543792724609375e+00 2.489288568496704102e+00 7.341777682304382324e-01
4.085707664489746094e+00 2.495097398757934570e+00 7.404462099075317383e-01
3.996807098388671875e+00 2.504100322723388672e+00 7.474368810653686523e-01
3.940397500991821289e+00 2.509730339050292969e+00 7.490994334220886230e-01
3.896147251129150391e+00 2.514104843139648438e+00 7.490305304527282715e-01
3.802246809005737305e+00 2.523317575454711914e+00 7.466015815734863281e-01
3.743912458419799805e+00 2.528947591781616211e+00 7.420825958251953125e-01
3.664389610290527344e+00 2.536541461944580078e+00 7.333633899688720703e-01
3.613353013992309570e+00 2.541342973709106445e+00 7.255159020423889160e-01
3.551275730133056641e+00 2.547125577926635742e+00 7.141966819763183594e-01
3.494368553161621094e+00 2.552361249923706055e+00 7.018239498138427734e-01
3.429801940917968750e+00 2.558232069015502930e+00 6.856838464736938477e-01
3.341848134994506836e+00 2.566119194030761719e+00 6.604019999504089355e-01
3.320001125335693359e+00 2.568039894104003906e+00 6.529845595359802246e-01
3.242076158523559570e+00 2.574855327606201172e+00 6.254968047142028809e-01
3.169666051864624023e+00 2.581069469451904297e+00 5.964898467063903809e-01
3.119128227233886719e+00 2.585325956344604492e+00 5.739277005195617676e-01
3.065397262573242188e+00 2.589789152145385742e+00 5.481678247451782227e-01
3.004662513732910156e+00 2.594756841659545898e+00 5.168643593788146973e-01
2.947308063507080078e+00 2.599362373352050781e+00 4.848972260951995850e-01
2.882802486419677734e+00 2.604447126388549805e+00 4.462960064411163330e-01
2.799621105194091797e+00 2.610859870910644531e+00 3.925258815288543701e-01
2.758977174758911133e+00 2.613897085189819336e+00 3.636075556278228760e-01
2.714140892028808594e+00 2.617192029953002930e+00 3.301998972892761230e-01
2.651473045349121094e+00 2.621708631515502930e+00 2.810979187488555908e-01
2.608550548553466797e+00 2.624712705612182617e+00 2.450534850358963013e-01
2.519369363784790039e+00 2.630819320678710938e+00 1.665331125259399414e-01
2.487427473068237305e+00 2.632899284362792969e+00 1.355397701263427734e-01
2.411328554153442383e+00 2.637755155563354492e+00 5.904399603605270386e-02
2.386262178421020508e+00 2.639271497726440430e+00 3.163816034793853760e-02
2.307133913040161133e+00 2.644971847534179688e+00 1.077139079570770264e-01
2.275646686553955078e+00 2.647186994552612305e+00 1.353347897529602051e-01
2.224903583526611328e+00 2.650723934173583984e+00 1.782772094011306763e-01
2.166785478591918945e+00 2.654715776443481445e+00 2.246804982423782349e-01
2.077337265014648438e+00 2.660758495330810547e+00 2.914634346961975098e-01
2.029256582260131836e+00 2.663926124572753906e+00 3.237687945365905762e-01
1.958939552307128906e+00 2.668497323989868164e+00 3.683779239654541016e-01
1.874918699264526367e+00 2.673854112625122070e+00 4.172697067260742188e-01
1.839087843894958496e+00 2.676086187362670898e+00 4.359916448593139648e-01
1.769628763198852539e+00 2.680370569229125977e+00 4.706052839756011963e-01
1.673800230026245117e+00 2.686168670654296875e+00 5.139913558959960938e-01
1.624846339225769043e+00 2.689052343368530273e+00 5.332067012786865234e-01
1.537896156311035156e+00 2.694103717803955078e+00 5.647680759429931641e-01
1.493619322776794434e+00 2.696612834930419922e+00 5.785777568817138672e-01
1.422551989555358887e+00 2.700588226318359375e+00 5.989476442337036133e-01
1.365262866020202637e+00 2.703726053237915039e+00 6.130871176719665527e-01
1.252395510673522949e+00 2.709801912307739258e+00 6.373953819274902344e-01
1.182231426239013672e+00 2.713449001312255859e+00 6.482468247413635254e-01
1.105642199516296387e+00 2.717340946197509766e+00 6.572633981704711914e-01
1.067164182662963867e+00 2.719246864318847656e+00 6.602603197097778320e-01
9.712851047515869141e-01 2.723933458328247070e+00 6.658239364624023438e-01
9.223721623420715332e-01 2.726244211196899414e+00 6.662545800209045410e-01
8.478683829307556152e-01 2.729700565338134766e+00 6.650473475456237793e-01
7.539215087890625000e-01 2.733935832977294922e+00 6.599491238594055176e-01
7.193188071250915527e-01 2.735437393188476562e+00 6.564075350761413574e-01
6.446608901023864746e-01 2.738629579544067383e+00 6.474367380142211914e-01
5.671803951263427734e-01 2.741834402084350586e+00 6.351360082626342773e-01
4.682043492794036865e-01 2.745781183242797852e+00 6.154164671897888184e-01
4.204600453376770020e-01 2.747591733932495117e+00 6.033976674079895020e-01
3.500701189041137695e-01 2.750191688537597656e+00 5.838604569435119629e-01
2.430393099784851074e-01 2.753986597061157227e+00 5.500166416168212891e-01
2.073566019535064697e-01 2.755168199539184570e+00 5.365821719169616699e-01
1.451252847909927368e-01 2.757177829742431641e+00 5.118607878684997559e-01
5.507932603359222412e-02 2.759953737258911133e+00 4.727710783481597900e-01
-2.310632169246673584e-02 2.762191057205200195e+00 4.345234334468841553e-01
-5.117158219218254089e-02 2.762937068939208984e+00 4.193907678127288818e-01
-1.478943675756454468e-01 2.765433549880981445e+00 3.654375672340393066e-01
-1.831755340099334717e-01 2.766247749328613281e+00 3.434234559535980225e-01
-2.743470668792724609e-01 2.768254756927490234e+00 2.842162251472473145e-01
-3.247096240520477295e-01 2.769218683242797852e+00 2.480669468641281128e-01
-3.905401527881622314e-01 2.770365953445434570e+00 1.981646716594696045e-01
-4.606710374355316162e-01 2.771422386169433594e+00 1.411247700452804565e-01
-5.438401103019714355e-01 2.772450208663940430e+00 6.825117766857147217e-02
-5.927450656890869141e-01 2.772883653640747070e+00 2.145297452807426453e-02
-6.717902421951293945e-01 2.773779153823852539e+00 8.778183162212371826e-02
-7.253550291061401367e-01 2.774319648742675781e+00 1.289650350809097290e-01
-7.588223218917846680e-01 2.774629831314086914e+00 1.532176285982131958e-01
-8.439449071884155273e-01 2.775375604629516602e+00 2.126578092575073242e-01
-9.530523419380187988e-01 2.776193618774414062e+00 2.818425595760345459e-01
-1.011654257774353027e+00 2.776540279388427734e+00 3.145348429679870605e-01
-1.106965780258178711e+00 2.777023792266845703e+00 3.640633523464202881e-01
-1.133018136024475098e+00 2.777120590209960938e+00 3.760535120964050293e-01
-1.218441128730773926e+00 2.777406454086303711e+00 4.140399694442749023e-01
-1.300407767295837402e+00 2.777581691741943359e+00 4.464096724987030029e-01
-1.376977920532226562e+00 2.777656793594360352e+00 4.731402695178985596e-01
-1.451853632926940918e+00 2.777649164199829102e+00 4.961847066879272461e-01
-1.544436573982238770e+00 2.777541160583496094e+00 5.210440754890441895e-01
-1.638370037078857422e+00 2.777307510375976562e+00 5.418266057968139648e-01
-1.698491334915161133e+00 2.777076721191406250e+00 5.523201823234558105e-01
-1.765387654304504395e+00 2.776761054992675781e+00 5.620343685150146484e-01
-1.889150023460388184e+00 2.776054620742797852e+00 5.760146379470825195e-01
-1.955545186996459961e+00 2.775552988052368164e+00 5.796045660972595215e-01
-2.045077800750732422e+00 2.774785280227661133e+00 5.816469788551330566e-01
-2.121583938598632812e+00 2.774022340774536133e+00 5.801806449890136719e-01
-2.233759164810180664e+00 2.772766113281250000e+00 5.740113854408264160e-01
-2.294937610626220703e+00 2.771968364715576172e+00 5.674252510070800781e-01
-2.402220010757446289e+00 2.770457744598388672e+00 5.527713298797607422e-01
-2.457741260528564453e+00 2.769572019577026367e+00 5.423451662063598633e-01
-2.525939941406250000e+00 2.768415212631225586e+00 5.277035236358642578e-01
-2.612307548522949219e+00 2.766840457916259766e+00 5.062719583511352539e-01
-2.704921483993530273e+00 2.764997482299804688e+00 4.792964160442352295e-01
-2.786505460739135742e+00 2.763221979141235352e+00 4.516640901565551758e-01
-2.877004384994506836e+00 2.761096477508544922e+00 4.171148240566253662e-01
-2.927137136459350586e+00 2.759818315505981445e+00 3.955002725124359131e-01
-3.033492326736450195e+00 2.756982088088989258e+00 3.466325104236602783e-01
-3.118627309799194336e+00 2.754490852355957031e+00 3.022241890430450439e-01
-3.188937425613403320e+00 2.752276420593261719e+00 2.618514895439147949e-01
-3.252682447433471680e+00 2.750143527984619141e+00 2.223355919122695923e-01
-3.357398986816406250e+00 2.746441841125488281e+00 1.528709828853607178e-01
-3.395962953567504883e+00 2.744950532913208008e+00 1.243705302476882935e-01
-3.450659036636352539e+00 2.742762565612792969e+00 8.231124281883239746e-02
-3.561639785766601562e+00 2.738103628158569336e+00 -7.933266460895538330e-03
-3.596662044525146484e+00 2.736481428146362305e+00 -3.978720307350158691e-02
-3.705721616744995117e+00 2.731002092361450195e+00 4.934141784906387329e-02
-3.752037763595581055e+00 2.728628635406494141e+00 8.306686580181121826e-02
-3.823308944702148438e+00 2.724945068359375000e+00 1.324992775917053223e-01
-3.916308641433715820e+00 2.720075845718383789e+00 1.922874450683593750e-01
-4.016556739807128906e+00 2.714738845825195312e+00 2.505182623863220215e-01
-4.085055351257324219e+00 2.711026430130004883e+00 2.860403954982757568e-01
-4.180031776428222656e+00 2.705815553665161133e+00 3.314851522445678711e-01
-4.310848236083984375e+00 2.698516845703125000e+00 3.871254324913024902e-01
-4.403165817260742188e+00 2.693246841430664062e+00 4.199969172477722168e-01
-4.499770164489746094e+00 2.687641620635986328e+00 4.499172270298004150e-01
-4.595656871795654297e+00 2.681982278823852539e+00 4.751258194446563721e-01
-4.658749103546142578e+00 2.678194761276245117e+00 4.888700544834136963e-01
-4.788336753845214844e+00 2.670326709747314453e+00 5.133458375930786133e-01
-4.858450889587402344e+00 2.665970563888549805e+00 5.224964022636413574e-01
-4.950955390930175781e+00 2.660149812698364258e+00 5.317048430442810059e-01
-5.067344665527343750e+00 2.652701616287231445e+00 5.385844111442565918e-01
-5.125560760498046875e+00 2.648895740509033203e+00 5.390905141830444336e-01
-5.267979621887207031e+00 2.639482736587524414e+00 5.367516279220581055e-01
-5.337557792663574219e+00 2.634759426116943359e+00 5.313367247581481934e-01
-5.411561489105224609e+00 2.629667282104492188e+00 5.233451128005981445e-01
-5.508299350738525391e+00 2.622913122177124023e+00 5.097744464874267578e-01
-5.608839511871337891e+00 2.615756511688232422e+00 4.913830757141113281e-01
-5.761279582977294922e+00 2.604679822921752930e+00 4.566302001476287842e-01
-5.864468574523925781e+00 2.596937894821166992e+00 4.258769750595092773e-01
-5.911204814910888672e+00 2.593350648880004883e+00 4.096445739269256592e-01
-6.000474452972412109e+00 2.586425065994262695e+00 3.765863180160522461e-01
-6.088177204132080078e+00 2.579478025436401367e+00 3.401647806167602539e-01
-6.224683284759521484e+00 2.568433284759521484e+00 2.772099971771240234e-01
-6.270571231842041016e+00 2.564590692520141602e+00 2.525986433029174805e-01
-6.410894393920898438e+00 2.552694797515869141e+00 1.735719442367553711e-01
-6.479960441589355469e+00 2.546608209609985352e+00 1.287283301353454590e-01
-6.581078529357910156e+00 2.537511110305786133e+00 5.841527134180068970e-02
-6.641493797302246094e+00 2.531900644302368164e+00 1.206013560295104980e-02
-6.746994018554687500e+00 2.520947456359863281e+00 8.620987832546234131e-02
-6.839601516723632812e+00 2.511303424835205078e+00 1.444041132926940918e-01
-6.957225799560546875e+00 2.499014854431152344e+00 2.112740427255630493e-01
-7.061039924621582031e+00 2.488119602203369141e+00 2.629710137844085693e-01
-7.145921707153320312e+00 2.479171037673950195e+00 3.003346621990203857e-01
-7.256827354431152344e+00 2.467432022094726562e+00 3.441954553127288818e-01
-7.391202926635742188e+00 2.453130483627319336e+00 3.898451328277587891e-01
-7.503095149993896484e+00 2.441137790679931641e+00 4.206732213497161865e-01
-7.591809749603271484e+00 2.431569337844848633e+00 4.405823051929473877e-01
-7.645831584930419922e+00 2.425712108612060547e+00 4.505817890167236328e-01
-7.768638134002685547e+00 2.412352561950683594e+00 4.704263806343078613e-01
-7.952838420867919922e+00 2.392160415649414062e+00 4.905022978782653809e-01
-7.997271060943603516e+00 2.387230873107910156e+00 4.919165670871734619e-01
-8.125473976135253906e+00 2.372962713241577148e+00 4.936374723911285400e-01
-8.243593215942382812e+00 2.359695434570312500e+00 4.889701902866363525e-01
-8.394536018371582031e+00 2.342590093612670898e+00 4.756371974945068359e-01
-8.508601188659667969e+00 2.329508781433105469e+00 4.583900868892669678e-01
-8.597810745239257812e+00 2.319179296493530273e+00 4.405884742736816406e-01
-8.705475807189941406e+00 2.306614160537719727e+00 4.149532914161682129e-01
-8.870639801025390625e+00 2.287146091461181641e+00 3.677733242511749268e-01
-8.998712539672851562e+00 2.271805047988891602e+00 3.215113282203674316e-01
-9.031499862670898438e+00 2.267823934555053711e+00 3.076393604278564453e-01
-9.149110794067382812e+00 2.253489971160888672e+00 2.559363245964050293e-01
-9.301871299743652344e+00 2.234615325927734375e+00 1.794671863317489624e-01
-9.421336174011230469e+00 2.219567537307739258e+00 1.095279827713966370e-01
-9.523351669311523438e+00 2.206501245498657227e+00 4.239806532859802246e-02
-9.618147850036621094e+00 2.194168567657470703e+00 -2.637717127799987793e-02
-9.755716323852539062e+00 2.173870325088500977e+00 6.151510775089263916e-02
-9.814345359802246094e+00 2.165246009826660156e+00 9.389440715312957764e-02
-9.930933952331542969e+00 2.148110389709472656e+00 1.543297469615936279e-01
-1.011528015136718750e+01 2.121051073074340820e+00 2.380876541137695312e-01
-1.027351856231689453e+01 2.097849130630493164e+00 2.952253520488739014e-01
-1.038589954376220703e+01 2.081368923187255859e+00 3.275350928306579590e-01
-1.056971740722656250e+01 2.054396152496337891e+00 3.712782561779022217e-01
-1.069409942626953125e+01 2.036116600036621094e+00 3.912063837051391602e-01
-1.082800388336181641e+01 2.016406297683715820e+00 4.058683514595031738e-01
-1.089929199218750000e+01 2.005891323089599609e+00 4.098572432994842529e-01
-1.105111503601074219e+01 1.983468770980834961e+00 4.140708744525909424e-01
-1.127731513977050781e+01 1.949963092803955078e+00 4.068442881107330322e-01
-1.135544013977050781e+01 1.938332080841064453e+00 3.974046111106872559e-01
-1.148223781585693359e+01 1.919414997100830078e+00 3.781353831291198730e-01
-1.173089790344238281e+01 1.882182002067565918e+00 3.276207745075225830e-01
-1.187246990203857422e+01 1.860816597938537598e+00 2.842135429382324219e-01
-1.193821144104003906e+01 1.850842118263244629e+00 2.599486112594604492e-01
-1.214216232299804688e+01 1.819813609123229980e+00 1.784934848546981812e-01
-1.219908905029296875e+01 1.811074614524841309e+00 1.501570343971252441e-01
-1.236045646667480469e+01 1.786230564117431641e+00 6.504129618406295776e-02
-1.252767181396484375e+01 1.760260462760925293e+00 -3.799623996019363403e-02
-1.271844577789306641e+01 1.727439403533935547e+00 5.833118408918380737e-02
-1.279002285003662109e+01 1.715240716934204102e+00 8.720161020755767822e-02
-1.301762676239013672e+01 1.676563858985900879e+00 1.710456013679504395e-01
-1.318954277038574219e+01 1.647596240043640137e+00 2.163743227720260620e-01
-1.350301837921142578e+01 1.595049858093261719e+00 2.760970592498779297e-01
-1.364949226379394531e+01 1.570696234703063965e+00 2.855809926986694336e-01
-1.380683612823486328e+01 1.544614434242248535e+00 2.868537306785583496e-01
-1.395440387725830078e+01 1.520226120948791504e+00 2.791344523429870605e-01
-1.423845291137695312e+01 1.473402738571166992e+00 2.481504827737808228e-01
-1.444458961486816406e+01 1.439581274986267090e+00 2.028219401836395264e-01
-1.466878604888916016e+01 1.402909159660339355e+00 1.346482336521148682e-01
-1.478025245666503906e+01 1.384735465049743652e+00 8.991865813732147217e-02
-1.507513046264648438e+01 1.336734414100646973e+00 -4.373112320899963379e-02
-1.517793750762939453e+01 1.320073723793029785e+00 -1.056626439094543457e-01
-1.540960693359375000e+01 1.277505874633789062e+00 1.659701764583587646e-02
-1.569909477233886719e+01 1.225591301918029785e+00 1.328961551189422607e-01
-1.603301239013671875e+01 1.167225241661071777e+00 2.217454612255096436e-01
-1.644200515747070312e+01 1.097546339035034180e+00 2.739409804344177246e-01
-1.670715713500976562e+01 1.053646922111511230e+00 2.662944197654724121e-01
-1.698421859741210938e+01 1.008595347404479980e+00 2.307220846414566040e-01
-1.719487762451171875e+01 9.750028252601623535e-01 1.812903434038162231e-01
-1.750208663940429688e+01 9.267865419387817383e-01 8.313394337892532349e-02
-1.788803100585937500e+01 8.677473068237304688e-01 -9.151373058557510376e-02
-1.822256660461425781e+01 8.185399770736694336e-01 -3.076237738132476807e-01
-1.882157516479492188e+01 7.220722436904907227e-01 -1.205847710371017456e-01
-1.919570350646972656e+01 6.671134829521179199e-01 -9.521098434925079346e-02
-1.978568840026855469e+01 5.851069092750549316e-01 -1.362447142601013184e-01
-2.255980110168457031e+01 2.741205394268035889e-01 -1.238231897354125977e+00
-2.392895050048828125e+02 1.697503209114074707e+00 -2.254495697021484375e+02
-2.717739520000000000e+09 4.094213760000000000e+08 -1.393927808000000000e+09
-2.261916640074740531e+19 8.192405613221773312e+18 1.630946499312694067e+19
-5.027733301894106317e+19 1.820988068178427904e+19 3.625228155340246221e+19
-7.364415413243661517e+19 2.667307896649705062e+19 5.310084369469774234e+19
-1.087379176670468506e+20 3.938364448982014362e+19 7.840506586898576179e+19
-1.433247095842291057e+20 5.191058717325813350e+19 1.033437400094568612e+20
-1.748082046988042895e+20 6.331355629422536294e+19 1.260448024342875341e+20
-1.921067243815808532e+20 6.957888141254878822e+19 1.385178294655459000e+20
-2.123241747572190085e+20 7.690140895121139302e+19 1.530955416546930852e+20
-2.512637572869060035e+20 9.100488858115925606e+19 1.811727761346972877e+20
-2.804735591122636636e+20 1.015843542792478392e+20 2.022344051498627891e+20
-2.929686379487287050e+20 1.061099265469878108e+20 2.112439441653476884e+20
-3.376948886027496325e+20 1.223092600574301962e+20 2.434936229626223002e+20
-3.648153544525422264e+20 1.321319890767252029e+20 2.630487275336881930e+20
-3.845411911891691766e+20 1.392764661004322734e+20 2.772719747662264402e+20
-4.140582405437925622e+20 1.499672111713448100e+20 2.985551597724353167e+20
-4.450091586141521183e+20 1.611772863703815291e+20 3.208722199602884772e+20
-4.717865064673344225e+20 1.708757529835518034e+20 3.401799256190117478e+20
-4.848295291225248891e+20 1.755997827020588319e+20 3.495845323564960973e+20
-5.147408897351478149e+20 1.864333499353729597e+20 3.711520246813687808e+20
-5.432081781641288090e+20 1.967438662932145111e+20 3.916782355142724813e+20
-5.838479223297062994e+20 2.114631252112750674e+20 4.209813638865957683e+20
-6.044801788600857395e+20 2.189358812226639626e+20 4.358581608306840699e+20
-6.343864025543836959e+20 2.297675836842573824e+20 4.574219587964874260e+20
-6.669709310208277217e+20 2.415693192843399004e+20 4.809168862087584154e+20
-6.850478169751394714e+20 2.481165679801181143e+20 4.939511479552987628e+20
-7.216112757123653304e+20 2.613594378687731466e+20 5.203151146208093798e+20
-7.424432387387209810e+20 2.689045329491766804e+20 5.353359211998572708e+20
-7.685907159627690148e+20 2.783748640937229681e+20 5.541894669836578980e+20
-7.988759457132078694e+20 2.893438207908349215e+20 5.760265067831031235e+20
