2.357714271545410156e+01 -1.917966753244400024e-01 1.372147798538208008e-01
2.338586807250976562e+01 -2.224798500537872314e-01 2.636111974716186523e-01
2.326729011535644531e+01 -2.415588200092315674e-01 3.409661054611206055e-01
2.313986396789550781e+01 -2.620980441570281982e-01 4.234153926372528076e-01
2.305238342285156250e+01 -2.762251794338226318e-01 4.795122742652893066e-01
2.281146430969238281e+01 -3.151799142360687256e-01 6.330338716506958008e-01
2.271532440185546875e+01 -3.307784795761108398e-01 6.932147145271301270e-01
2.256724929809570312e+01 -3.548348248004913330e-01 7.852295041084289551e-01
2.240983009338378906e+01 -3.804596662521362305e-01 8.819289207458496094e-01
2.224591255187988281e+01 -4.071963727474212646e-01 9.813572764396667480e-01
2.219442749023437500e+01 -4.156112372875213623e-01 1.012166738510131836e+00
2.206793403625488281e+01 -4.362986087799072266e-01 1.087535858154296875e+00
2.192762184143066406e+01 -4.592802226543426514e-01 1.170237183570861816e+00
2.172778320312500000e+01 -4.920645058155059814e-01 1.286580204963684082e+00
2.166017150878906250e+01 -5.031811594963073730e-01 1.325234055519104004e+00
2.148949432373046875e+01 -5.312632322311401367e-01 1.422195911407470703e+00
2.133784866333007812e+01 -5.562576651573181152e-01 1.506950378417968750e+00
2.120807838439941406e+01 -5.776783823966979980e-01 1.578400015830993652e+00
2.111133003234863281e+01 -5.936673879623413086e-01 1.630968570709228516e+00
2.095431137084960938e+01 -6.196393966674804688e-01 1.715430021286010742e+00
2.080289459228515625e+01 -6.447184085845947266e-01 1.795518398284912109e+00
2.076994132995605469e+01 -6.501831412315368652e-01 1.812658309936523438e+00
2.058119583129882812e+01 -6.814909577369689941e-01 1.910464167594909668e+00
2.047258758544921875e+01 -6.995316743850708008e-01 1.965524673461914062e+00
2.038045120239257812e+01 -7.148477435111999512e-01 2.011629819869995117e+00
2.024944686889648438e+01 -7.366377711296081543e-01 2.076446533203125000e+00
2.007767868041992188e+01 -7.652313113212585449e-01 2.160038948059082031e+00
1.998208427429199219e+01 -7.811602950096130371e-01 2.205526590347290039e+00
1.991760635375976562e+01 -7.919096946716308594e-01 2.235814094543457031e+00
1.970954322814941406e+01 -8.266071081161499023e-01 2.332682371139526367e+00
1.962068939208984375e+01 -8.414385914802551270e-01 2.372838497161865234e+00
1.952529144287109375e+01 -8.573676347732543945e-01 2.415388107299804688e+00
1.938504981994628906e+01 -8.807917237281799316e-01 2.477039098739624023e+00
1.931703758239746094e+01 -8.921558856964111328e-01 2.506286621093750000e+00
1.919810104370117188e+01 -9.120321869850158691e-01 2.556875944137573242e+00
1.909482765197753906e+01 -9.292947053909301758e-01 2.599946260452270508e+00
1.896060752868652344e+01 -9.517329931259155273e-01 2.654943704605102539e+00
1.880415725708007812e+01 -9.778906106948852539e-01 2.717546701431274414e+00
1.873938560485839844e+01 -9.887201786041259766e-01 2.742726325988769531e+00
1.863843345642089844e+01 -1.005598306655883789e+00 2.781488895416259766e+00
1.849322700500488281e+01 -1.029873371124267578e+00 2.836153030395507812e+00
1.837087821960449219e+01 -1.050322890281677246e+00 2.880869626998901367e+00
1.831723213195800781e+01 -1.059287071228027344e+00 2.899972677230834961e+00
1.816241645812988281e+01 -1.085152387619018555e+00 2.954457521438598633e+00
1.809916877746582031e+01 -1.095714330673217773e+00 2.975947380065917969e+00
1.799869155883789062e+01 -1.112489461898803711e+00 3.009582042694091797e+00
1.787529182434082031e+01 -1.133082866668701172e+00 3.049893617630004883e+00
1.780520439147949219e+01 -1.144772648811340332e+00 3.072085618972778320e+00
1.763634109497070312e+01 -1.172926664352416992e+00 3.124578714370727539e+00
1.753327369689941406e+01 -1.190093994140625000e+00 3.155163288116455078e+00
1.744779205322265625e+01 -1.204322576522827148e+00 3.179781198501586914e+00
1.737711906433105469e+01 -1.216079115867614746e+00 3.199615240097045898e+00
1.728766250610351562e+01 -1.230952501296997070e+00 3.224172830581665039e+00
1.714550590515136719e+01 -1.254570841789245605e+00 3.262083530426025391e+00
1.709370422363281250e+01 -1.263167023658752441e+00 3.275243759155273438e+00
1.697102355957031250e+01 -1.283515453338623047e+00 3.305840015411376953e+00
1.689848327636718750e+01 -1.295533299446105957e+00 3.323122739791870117e+00
1.677511596679687500e+01 -1.315956830978393555e+00 3.351692199707031250e+00
1.670121955871582031e+01 -1.328174591064453125e+00 3.367956638336181641e+00
1.661313629150390625e+01 -1.342725872993469238e+00 3.386730432510375977e+00
1.648605155944824219e+01 -1.363698959350585938e+00 3.412751913070678711e+00
1.638268089294433594e+01 -1.380732297897338867e+00 3.432650566101074219e+00
1.629848480224609375e+01 -1.394587993621826172e+00 3.448006868362426758e+00
1.622479820251464844e+01 -1.406700730323791504e+00 3.460832357406616211e+00
1.613932418823242188e+01 -1.420737266540527344e+00 3.475080251693725586e+00
1.604346656799316406e+01 -1.436460375785827637e+00 3.490231990814208984e+00
1.590788936614990234e+01 -1.458667993545532227e+00 3.510334968566894531e+00
1.586865234375000000e+01 -1.465082168579101562e+00 3.515601634979248047e+00
1.571688747406005859e+01 -1.489876866340637207e+00 3.535349369049072266e+00
1.562896060943603516e+01 -1.504208207130432129e+00 3.545375108718872070e+00
1.553708457946777344e+01 -1.519162178039550781e+00 3.554981708526611328e+00
1.544879055023193359e+01 -1.533511519432067871e+00 3.563330411911010742e+00
1.537571334838867188e+01 -1.545370459556579590e+00 3.569529771804809570e+00
1.527572154998779297e+01 -1.561577081680297852e+00 3.577199220657348633e+00
1.519703960418701172e+01 -1.574308156967163086e+00 3.582349061965942383e+00
1.514037036895751953e+01 -1.583464980125427246e+00 3.585550546646118164e+00
1.502315330505371094e+01 -1.602386951446533203e+00 3.591410398483276367e+00
1.494741153717041016e+01 -1.614588618278503418e+00 3.594165802001953125e+00
1.490244960784912109e+01 -1.621822357177734375e+00 3.595401048660278320e+00
1.476672840118408203e+01 -1.643640518188476562e+00 3.598406791687011719e+00
1.467743110656738281e+01 -1.657961606979370117e+00 3.598930597305297852e+00
1.461774444580078125e+01 -1.667518973350524902e+00 3.598632097244262695e+00
1.453699302673339844e+01 -1.680436134338378906e+00 3.597635984420776367e+00
1.445862770080566406e+01 -1.692954301834106445e+00 3.595884084701538086e+00
1.435777091979980469e+01 -1.709043979644775391e+00 3.592638492584228516e+00
1.430922031402587891e+01 -1.716776251792907715e+00 3.590454578399658203e+00
1.419221401214599609e+01 -1.735396027565002441e+00 3.584463357925415039e+00
1.414285278320312500e+01 -1.743236422538757324e+00 3.581186771392822266e+00
1.406491851806640625e+01 -1.755605578422546387e+00 3.575509309768676758e+00
1.395070171356201172e+01 -1.773711919784545898e+00 3.566010951995849609e+00
1.391187477111816406e+01 -1.779856562614440918e+00 3.562187433242797852e+00
1.379017162322998047e+01 -1.799106478691101074e+00 3.549562215805053711e+00
1.370518589019775391e+01 -1.812526106834411621e+00 3.539327859878540039e+00
1.366845798492431641e+01 -1.818319201469421387e+00 3.534470796585083008e+00
1.355393600463867188e+01 -1.836374640464782715e+00 3.518735647201538086e+00
1.349955368041992188e+01 -1.844936728477478027e+00 3.510380029678344727e+00
1.344208240509033203e+01 -1.853979706764221191e+00 3.501100778579711914e+00
1.335460472106933594e+01 -1.867735624313354492e+00 3.486248731613159180e+00
1.325846195220947266e+01 -1.882840633392333984e+00 3.468694448471069336e+00
1.319170951843261719e+01 -1.893318533897399902e+00 3.455554008483886719e+00
1.312757110595703125e+01 -1.903380274772644043e+00 3.442285060882568359e+00
1.306763553619384766e+01 -1.912777900695800781e+00 3.429302453994750977e+00
1.296648216247558594e+01 -1.928631186485290527e+00 3.406463384628295898e+00
1.291749477386474609e+01 -1.936303377151489258e+00 3.394634246826171875e+00
1.284373378753662109e+01 -1.947852015495300293e+00 3.376256465911865234e+00
1.274738121032714844e+01 -1.962931752204895020e+00 3.351124525070190430e+00
1.268638229370117188e+01 -1.972473978996276855e+00 3.334270715713500977e+00
1.263620281219482422e+01 -1.980321645736694336e+00 3.319909334182739258e+00
1.253659343719482422e+01 -1.995896935462951660e+00 3.290581941604614258e+00
1.249020195007324219e+01 -2.003148555755615234e+00 3.276156902313232422e+00
1.239167022705078125e+01 -2.018549203872680664e+00 3.244752407073974609e+00
1.233761501312255859e+01 -2.026996612548828125e+00 3.226619720458984375e+00
1.226172161102294922e+01 -2.038856029510498047e+00 3.200456380844116211e+00
1.219239234924316406e+01 -2.049689292907714844e+00 3.175642490386962891e+00
1.214862346649169922e+01 -2.056528568267822266e+00 3.159443616867065430e+00
1.205277252197265625e+01 -2.071506500244140625e+00 3.123225450515747070e+00
1.197319602966308594e+01 -2.083942413330078125e+00 3.091788530349731445e+00
1.190448570251464844e+01 -2.094681739807128906e+00 3.063648939132690430e+00
1.184833145141601562e+01 -2.103459835052490234e+00 3.039941072463989258e+00
1.176670932769775391e+01 -2.116221189498901367e+00 3.004626989364624023e+00
1.172007179260253906e+01 -2.123514652252197266e+00 2.983732223510742188e+00
1.167219543457031250e+01 -2.131003141403198242e+00 2.961857080459594727e+00
1.158522796630859375e+01 -2.144608497619628906e+00 2.921321868896484375e+00
1.150705337524414062e+01 -2.156842947006225586e+00 2.883564949035644531e+00
1.147071933746337891e+01 -2.162531375885009766e+00 2.865457057952880859e+00
1.141100025177001953e+01 -2.171882867813110352e+00 2.835263252258300781e+00
1.131074333190917969e+01 -2.187587261199951172e+00 2.783373117446899414e+00
1.125724029541015625e+01 -2.195972919464111328e+00 2.754590749740600586e+00
1.123012351989746094e+01 -2.200224399566650391e+00 2.739704132080078125e+00
1.114106464385986328e+01 -2.214190006256103516e+00 2.690311670303344727e+00
1.109468746185302734e+01 -2.221467018127441406e+00 2.663724899291992188e+00
1.102957916259765625e+01 -2.231686592102050781e+00 2.625759124755859375e+00
1.097733879089355469e+01 -2.239890098571777344e+00 2.594568014144897461e+00
1.090842914581298828e+01 -2.250715732574462891e+00 2.552644968032836914e+00
1.083351802825927734e+01 -2.262490510940551758e+00 2.505940675735473633e+00
1.079327201843261719e+01 -2.268820285797119141e+00 2.480180740356445312e+00
1.069307518005371094e+01 -2.284584522247314453e+00 2.415144205093383789e+00
1.063830852508544922e+01 -2.293208360671997070e+00 2.378350496292114258e+00
1.059721469879150391e+01 -2.299682378768920898e+00 2.350224733352661133e+00
1.054946994781494141e+01 -2.307206869125366211e+00 2.317091464996337891e+00
1.044900703430175781e+01 -2.323046922683715820e+00 2.246249914169311523e+00
1.041033458709716797e+01 -2.329150199890136719e+00 2.218057632446289062e+00
1.035823440551757812e+01 -2.337375640869140625e+00 2.179591894149780273e+00
1.031028842926025391e+01 -2.344948768615722656e+00 2.143587827682495117e+00
1.025193595886230469e+01 -2.354169845581054688e+00 2.099084138870239258e+00
1.016675281524658203e+01 -2.367638587951660156e+00 2.032888650894165039e+00
1.012205791473388672e+01 -2.374711275100708008e+00 1.997202277183532715e+00
1.004381370544433594e+01 -2.387098550796508789e+00 1.933840990066528320e+00
9.988533973693847656e+00 -2.395857095718383789e+00 1.887965083122253418e+00
9.965757369995117188e+00 -2.399467945098876953e+00 1.868735432624816895e+00
9.873962402343750000e+00 -2.414023399353027344e+00 1.790687322616577148e+00
9.818807601928710938e+00 -2.422776937484741211e+00 1.742450237274169922e+00
9.771669387817382812e+00 -2.430262327194213867e+00 1.700524806976318359e+00
9.734496116638183594e+00 -2.436168193817138672e+00 1.666986107826232910e+00
9.686882972717285156e+00 -2.443735361099243164e+00 1.623544216156005859e+00
9.637474060058593750e+00 -2.451591730117797852e+00 1.577813386917114258e+00
9.585301399230957031e+00 -2.459891796112060547e+00 1.528805255889892578e+00
9.497942924499511719e+00 -2.473796367645263672e+00 1.445461511611938477e+00
9.438982009887695312e+00 -2.483189105987548828e+00 1.387737631797790527e+00
9.393030166625976562e+00 -2.490513801574707031e+00 1.341963648796081543e+00
9.340561866760253906e+00 -2.498880863189697266e+00 1.288991451263427734e+00
9.302275657653808594e+00 -2.504989385604858398e+00 1.249742031097412109e+00
9.240255355834960938e+00 -2.514888048171997070e+00 1.185451507568359375e+00
9.186800956726074219e+00 -2.523424625396728516e+00 1.129038453102111816e+00
9.152050971984863281e+00 -2.528976917266845703e+00 1.091796875000000000e+00
9.080474853515625000e+00 -2.540416717529296875e+00 1.014320135116577148e+00
9.053452491760253906e+00 -2.544738531112670898e+00 9.844655394554138184e-01
8.996275901794433594e+00 -2.553884744644165039e+00 9.208096861839294434e-01
8.933414459228515625e+00 -2.563945531845092773e+00 8.496796488761901855e-01
8.884940147399902344e+00 -2.571707725524902344e+00 7.938457727432250977e-01
8.828101158142089844e+00 -2.580812931060791016e+00 7.274773716926574707e-01
8.783056259155273438e+00 -2.588032245635986328e+00 6.740343570709228516e-01
8.754545211791992188e+00 -2.592603206634521484e+00 6.397789120674133301e-01
8.668400764465332031e+00 -2.606416940689086914e+00 5.354512929916381836e-01
8.627773284912109375e+00 -2.612935781478881836e+00 4.850541651248931885e-01
8.574450492858886719e+00 -2.621494054794311523e+00 4.181598424911499023e-01
8.528932571411132812e+00 -2.628802061080932617e+00 3.602083921432495117e-01
8.503477096557617188e+00 -2.632890224456787109e+00 3.273901641368865967e-01
8.427749633789062500e+00 -2.645053863525390625e+00 2.290703356266021729e-01
8.378157615661621094e+00 -2.653022766113281250e+00 1.633291840553283691e-01
8.365027427673339844e+00 -2.655133247375488281e+00 1.456848531961441040e-01
8.314724922180175781e+00 -2.663218736648559570e+00 7.784583419561386108e-02
8.236479759216308594e+00 -2.675798416137695312e+00 -2.913824468851089478e-02
8.215817451477050781e+00 -2.679121255874633789e+00 -5.799855291843414307e-02
8.157122611999511719e+00 -2.681716203689575195e+00 3.624842315912246704e-02
8.139844894409179688e+00 -2.682515859603881836e+00 6.202425807714462280e-02
8.074123382568359375e+00 -2.685592174530029297e+00 1.580677628517150879e-01
8.030751228332519531e+00 -2.687703132629394531e+00 2.166992127895355225e-01
7.976895809173583984e+00 -2.690380096435546875e+00 2.859954833984375000e-01
7.938302993774414062e+00 -2.692342519760131836e+00 3.327527642250061035e-01
7.917127609252929688e+00 -2.693434476852416992e+00 3.573488593101501465e-01
7.854368686676025391e+00 -2.696692943572998047e+00 4.286016523838043213e-01
7.810048103332519531e+00 -2.699037790298461914e+00 4.756197333335876465e-01
7.752407550811767578e+00 -2.702121734619140625e+00 5.339474678039550781e-01
7.708323478698730469e+00 -2.704510450363159180e+00 5.758997797966003418e-01
7.663942813873291016e+00 -2.706935167312622070e+00 6.162031888961791992e-01
7.597693443298339844e+00 -2.710580825805664062e+00 6.735888123512268066e-01
7.560503482818603516e+00 -2.712646484375000000e+00 7.035810351371765137e-01
7.486129760742187500e+00 -2.716794252395629883e+00 7.611919641494750977e-01
7.455609321594238281e+00 -2.718508481979370117e+00 7.829609513282775879e-01
7.394464015960693359e+00 -2.721949815750122070e+00 8.251073956489562988e-01
7.327629089355468750e+00 -2.725724220275878906e+00 8.680493235588073730e-01
7.273712158203125000e+00 -2.728776216506958008e+00 9.000477790832519531e-01
7.229540348052978516e+00 -2.731278657913208008e+00 9.245824813842773438e-01
7.183820247650146484e+00 -2.733868598937988281e+00 9.485932588577270508e-01
7.120985031127929688e+00 -2.737425804138183594e+00 9.796688556671142578e-01
7.052703380584716797e+00 -2.741284847259521484e+00 1.010633468627929688e+00
7.025066852569580078e+00 -2.742842197418212891e+00 1.021967291831970215e+00
6.973539352416992188e+00 -2.745740890502929688e+00 1.042214989662170410e+00
6.896968364715576172e+00 -2.750033378601074219e+00 1.069883823394775391e+00
6.841019153594970703e+00 -2.753150463104248047e+00 1.087522387504577637e+00
6.797229766845703125e+00 -2.755576372146606445e+00 1.099884152412414551e+00
6.734307289123535156e+00 -2.759044408798217773e+00 1.116046309471130371e+00
6.693301677703857422e+00 -2.761286497116088867e+00 1.125095248222351074e+00
6.634666442871093750e+00 -2.764473676681518555e+00 1.136667966842651367e+00
6.546279430389404297e+00 -2.769234180450439453e+00 1.151187062263488770e+00
6.505974769592285156e+00 -2.771372079849243164e+00 1.155812978744506836e+00
6.465702056884765625e+00 -2.773491144180297852e+00 1.159533739089965820e+00
6.369851112365722656e+00 -2.778491497039794922e+00 1.166250348091125488e+00
6.347198009490966797e+00 -2.779647827148437500e+00 1.166635036468505859e+00
6.285719871520996094e+00 -2.782767295837402344e+00 1.166908740997314453e+00
6.199629306793212891e+00 -2.787063598632812500e+00 1.164358735084533691e+00
6.178918361663818359e+00 -2.788070917129516602e+00 1.162752151489257812e+00
6.087344169616699219e+00 -2.792494535446166992e+00 1.154586791992187500e+00
6.042456626892089844e+00 -2.794594764709472656e+00 1.148266196250915527e+00
5.999879360198974609e+00 -2.796551942825317383e+00 1.141180157661437988e+00
5.936945915222167969e+00 -2.799393177032470703e+00 1.129163146018981934e+00
5.885586738586425781e+00 -2.801646471023559570e+00 1.117472290992736816e+00
5.817705154418945312e+00 -2.804549217224121094e+00 1.099956512451171875e+00
5.795496463775634766e+00 -2.805464267730712891e+00 1.093317627906799316e+00
5.708659172058105469e+00 -2.808995008468627930e+00 1.066176533699035645e+00
5.648246765136718750e+00 -2.811317920684814453e+00 1.044023036956787109e+00
5.618021965026855469e+00 -2.812428951263427734e+00 1.031763553619384766e+00
5.575171470642089844e+00 -2.813965559005737305e+00 1.013529062271118164e+00
5.526090145111083984e+00 -2.815660476684570312e+00 9.912325143814086914e-01
5.464113235473632812e+00 -2.817701339721679688e+00 9.609881043434143066e-01
5.421539783477783203e+00 -2.819011688232421875e+00 9.383434653282165527e-01
5.366523265838623047e+00 -2.820617675781250000e+00 9.073631167411804199e-01
5.299084186553955078e+00 -2.822439670562744141e+00 8.665809035301208496e-01
5.258973598480224609e+00 -2.823408365249633789e+00 8.401899933815002441e-01
5.190951824188232422e+00 -2.824924945831298828e+00 7.931807637214660645e-01
5.159647941589355469e+00 -2.825517892837524414e+00 7.697129845619201660e-01
5.123775005340576172e+00 -2.826137065887451172e+00 7.418022751808166504e-01
5.077268123626708984e+00 -2.826845884323120117e+00 7.040575146675109863e-01
5.010363101959228516e+00 -2.827679634094238281e+00 6.467280983924865723e-01
4.967232227325439453e+00 -2.828030109405517578e+00 6.067938208580017090e-01
4.920101642608642578e+00 -2.828267335891723633e+00 5.609083175659179688e-01
4.889346122741699219e+00 -2.828309774398803711e+00 5.292685627937316895e-01
4.826510906219482422e+00 -2.828234434127807617e+00 4.622316658496856689e-01
4.811469554901123047e+00 -2.828130960464477539e+00 4.449411034584045410e-01
4.772718906402587891e+00 -2.827806234359741211e+00 3.995697498321533203e-01
4.709170341491699219e+00 -2.827016830444335938e+00 3.215426802635192871e-01
4.672082901000976562e+00 -2.826284408569335938e+00 2.722430825233459473e-01
4.639492511749267578e+00 -2.825482130050659180e+00 2.267807126045227051e-01
4.615574359893798828e+00 -2.824781656265258789e+00 1.919301152229309082e-01
4.576828002929687500e+00 -2.823503017425537109e+00 1.335872709751129150e-01
4.538925170898437500e+00 -2.822005987167358398e+00 7.331708073616027832e-02
4.492237567901611328e+00 -2.819830656051635742e+00 -5.162894725799560547e-03
4.439764499664306641e+00 -2.814110279083251953e+00 5.756913125514984131e-02
4.386653423309326172e+00 -2.808421134948730469e+00 1.175619810819625854e-01
4.327725887298583984e+00 -2.802210330963134766e+00 1.804719865322113037e-01
4.307038784027099609e+00 -2.800065517425537109e+00 2.012318819761276245e-01
4.224977016448974609e+00 -2.791601896286010742e+00 2.818426191806793213e-01
4.186320781707763672e+00 -2.787693977355957031e+00 3.166972696781158447e-01
4.114984512329101562e+00 -2.780541896820068359e+00 3.785052001476287842e-01
4.049458503723144531e+00 -2.774065971374511719e+00 4.312104582786560059e-01
3.991626501083374023e+00 -2.768417358398437500e+00 4.746318161487579346e-01
3.952760696411132812e+00 -2.764656543731689453e+00 5.020714402198791504e-01
3.889774560928344727e+00 -2.758596420288085938e+00 5.447193980216979980e-01
3.802216053009033203e+00 -2.750244617462158203e+00 6.000327467918395996e-01
3.744317293167114258e+00 -2.744780778884887695e+00 6.331224441528320312e-01
3.711746215820312500e+00 -2.741725444793701172e+00 6.505025625228881836e-01
3.633396863937377930e+00 -2.734397888183593750e+00 6.906868219375610352e-01
3.594793319702148438e+00 -2.730811595916748047e+00 7.086041569709777832e-01
3.504581212997436523e+00 -2.722453594207763672e+00 7.483787536621093750e-01
3.442894220352172852e+00 -2.716771125793457031e+00 7.722983956336975098e-01
3.397414445877075195e+00 -2.712593793869018555e+00 7.883346080780029297e-01
3.325562715530395508e+00 -2.706005334854125977e+00 8.118442296981811523e-01
3.243031263351440430e+00 -2.698453664779663086e+00 8.355869650840759277e-01
3.205746650695800781e+00 -2.695047140121459961e+00 8.446545600891113281e-01
3.114964962005615234e+00 -2.686753988265991211e+00 8.649400472640991211e-01
3.073708295822143555e+00 -2.682984590530395508e+00 8.721928596496582031e-01
2.982133865356445312e+00 -2.674612522125244141e+00 8.863354921340942383e-01
2.959246635437011719e+00 -2.672515869140625000e+00 8.887910842895507812e-01
2.882863998413085938e+00 -2.665512561798095703e+00 8.960937857627868652e-01
2.822444677352905273e+00 -2.659955978393554688e+00 8.995161056518554688e-01
2.721269369125366211e+00 -2.650621652603149414e+00 9.021369218826293945e-01
2.680692434310913086e+00 -2.646854639053344727e+00 9.010958671569824219e-01
2.610555410385131836e+00 -2.640322685241699219e+00 8.978425860404968262e-01
2.562115669250488281e+00 -2.635784626007080078e+00 8.938512802124023438e-01
2.504178524017333984e+00 -2.630331516265869141e+00 8.876262903213500977e-01
2.416937112808227539e+00 -2.622070074081420898e+00 8.756182789802551270e-01
2.369779109954833984e+00 -2.617559194564819336e+00 8.669551610946655273e-01
2.274715900421142578e+00 -2.608409881591796875e+00 8.470869660377502441e-01
2.235060930252075195e+00 -2.604542016983032227e+00 8.367412686347961426e-01
2.189938068389892578e+00 -2.600112915039062500e+00 8.239698410034179688e-01
2.134126186370849609e+00 -2.594593048095703125e+00 8.067460656166076660e-01
2.063014030456542969e+00 -2.587490081787109375e+00 7.825095057487487793e-01
1.998477458953857422e+00 -2.580955982208251953e+00 7.577966451644897461e-01
1.944198131561279297e+00 -2.575386285781860352e+00 7.348706722259521484e-01
1.877632379531860352e+00 -2.568472385406494141e+00 7.044772505760192871e-01
1.795403361320495605e+00 -2.559794664382934570e+00 6.633663177490234375e-01
1.776113033294677734e+00 -2.557715177536010742e+00 6.526421308517456055e-01
1.684742212295532227e+00 -2.547811031341552734e+00 6.005960106849670410e-01
1.645682573318481445e+00 -2.543462514877319336e+00 5.757350325584411621e-01
1.569288372993469238e+00 -2.534849166870117188e+00 5.247977972030639648e-01
1.525614619255065918e+00 -2.529794931411743164e+00 4.929741621017456055e-01
1.493705511093139648e+00 -2.526041507720947266e+00 4.685234427452087402e-01
1.407576322555541992e+00 -2.515781879425048828e+00 4.000647068023681641e-01
1.389311552047729492e+00 -2.513527393341064453e+00 3.840618133544921875e-01
1.331212759017944336e+00 -2.506295442581176758e+00 3.320810496807098389e-01
1.256238460540771484e+00 -2.496702909469604492e+00 2.604071199893951416e-01
1.237646698951721191e+00 -2.494230747222900391e+00 2.410354316234588623e-01
1.174260258674621582e+00 -2.485713005065917969e+00 1.735258400440216064e-01
1.115557312965393066e+00 -2.477524995803833008e+00 1.061364933848381042e-01
1.081348776817321777e+00 -2.472568273544311523e+00 6.395623087882995605e-02
1.038719773292541504e+00 -2.466239452362060547e+00 9.076815098524093628e-03
9.792671203613281250e-01 -2.453343152999877930e+00 7.000443339347839355e-02
9.198433160781860352e-01 -2.440559387207031250e+00 1.272218376398086548e-01
8.358139991760253906e-01 -2.422616720199584961e+00 2.032886594533920288e-01
7.915560007095336914e-01 -2.413255929946899414e+00 2.399995028972625732e-01
7.190198898315429688e-01 -2.397981643676757812e+00 2.974793016910552979e-01
6.476154923439025879e-01 -2.383045673370361328e+00 3.499280810356140137e-01
5.907602310180664062e-01 -2.371222496032714844e+00 3.886430859565734863e-01
5.017729997634887695e-01 -2.352794170379638672e+00 4.456350803375244141e-01
4.800550341606140137e-01 -2.348323106765747070e+00 4.582300782203674316e-01
3.886492848396301270e-01 -2.329529047012329102e+00 5.099515318870544434e-01
3.046319484710693359e-01 -2.312340736389160156e+00 5.526249408721923828e-01
2.669165730476379395e-01 -2.304654836654663086e+00 5.698701739311218262e-01
1.413282454013824463e-01 -2.279099702835083008e+00 6.245399117469787598e-01
7.441491633653640747e-02 -2.265545129776000977e+00 6.489043235778808594e-01
3.640089184045791626e-02 -2.257858037948608398e+00 6.613664627075195312e-01
-4.421105235815048218e-02 -2.241570234298706055e+00 6.861648559570312500e-01
-1.389964222908020020e-01 -2.222447633743286133e+00 7.113182544708251953e-01
-1.936077326536178589e-01 -2.211443901062011719e+00 7.231556177139282227e-01
-2.991118431091308594e-01 -2.190193891525268555e+00 7.431239485740661621e-01
-3.376493453979492188e-01 -2.182434797286987305e+00 7.483922243118286133e-01
-4.466626048088073730e-01 -2.160483598709106445e+00 7.612285614013671875e-01
-5.004103183746337891e-01 -2.149654150009155273e+00 7.646849751472473145e-01
-5.745691657066345215e-01 -2.134701728820800781e+00 7.675117254257202148e-01
-6.322562694549560547e-01 -2.123056173324584961e+00 7.676254510879516602e-01
-7.552255392074584961e-01 -2.098201274871826172e+00 7.644049525260925293e-01
-7.915516495704650879e-01 -2.090835809707641602e+00 7.612579464912414551e-01
-8.571381568908691406e-01 -2.077521085739135742e+00 7.543950676918029785e-01
-9.205811619758605957e-01 -2.064610242843627930e+00 7.456776499748229980e-01
-1.020619750022888184e+00 -2.044197559356689453e+00 7.287227511405944824e-01
-1.066370368003845215e+00 -2.034817934036254883e+00 7.186133265495300293e-01
-1.162759900093078613e+00 -2.015005826950073242e+00 6.949962973594665527e-01
-1.259369492530822754e+00 -1.995032548904418945e+00 6.663282513618469238e-01
-1.306897044181823730e+00 -1.985139966011047363e+00 6.496727466583251953e-01
-1.351306200027465820e+00 -1.975861191749572754e+00 6.328970193862915039e-01
-1.432629823684692383e+00 -1.958804845809936523e+00 6.000545620918273926e-01
-1.489008426666259766e+00 -1.946891784667968750e+00 5.745110511779785156e-01
-1.601121068000793457e+00 -1.923064708709716797e+00 5.197308659553527832e-01
-1.633106708526611328e+00 -1.916181087493896484e+00 5.017310380935668945e-01
-1.689137458801269531e+00 -1.904072880744934082e+00 4.689436554908752441e-01
-1.799355864524841309e+00 -1.880072951316833496e+00 3.999820053577423096e-01
-1.837828516960144043e+00 -1.871556997299194336e+00 3.726492822170257568e-01
-1.895197987556457520e+00 -1.858773946762084961e+00 3.300563991069793701e-01
-1.980371713638305664e+00 -1.839595079421997070e+00 2.625690102577209473e-01
-2.020198106765747070e+00 -1.830471634864807129e+00 2.278378158807754517e-01
-2.066073894500732422e+00 -1.819866299629211426e+00 1.859727054834365845e-01
-2.145042896270751953e+00 -1.801404237747192383e+00 1.100148037075996399e-01
-2.176628828048706055e+00 -1.793861508369445801e+00 7.672883570194244385e-02
-2.236959457397460938e+00 -1.779315352439880371e+00 1.070830225944519043e-02
-2.303000450134277344e+00 -1.763074755668640137e+00 -6.703729927539825439e-02
-2.386368036270141602e+00 -1.736328125000000000e+00 1.079735159873962402e-02
-2.443746566772460938e+00 -1.718067049980163574e+00 6.004980206489562988e-02
-2.516151428222656250e+00 -1.695136785507202148e+00 1.187409162521362305e-01
-2.568881273269653320e+00 -1.678532719612121582e+00 1.584846675395965576e-01
-2.684996604919433594e+00 -1.642107367515563965e+00 2.414708584547042847e-01
-2.748832702636718750e+00 -1.622235417366027832e+00 2.819030284881591797e-01
-2.845414400100708008e+00 -1.592279553413391113e+00 3.390701413154602051e-01
-2.946389436721801758e+00 -1.561119318008422852e+00 3.927888870239257812e-01
-3.025631427764892578e+00 -1.536779642105102539e+00 4.302552342414855957e-01
-3.075020551681518555e+00 -1.521658062934875488e+00 4.514212906360626221e-01
-3.183700323104858398e+00 -1.488443255424499512e+00 4.950941205024719238e-01
-3.258239984512329102e+00 -1.465746045112609863e+00 5.207762718200683594e-01
-3.343780755996704102e+00 -1.439754962921142578e+00 5.470051765441894531e-01
-3.438149929046630859e+00 -1.411144018173217773e+00 5.719280242919921875e-01
-3.578112602233886719e+00 -1.368797659873962402e+00 6.024701595306396484e-01
-3.653292655944824219e+00 -1.346109271049499512e+00 6.138647794723510742e-01
-3.757589817047119141e+00 -1.314663648605346680e+00 6.260110735893249512e-01
-3.818836212158203125e+00 -1.296216607093811035e+00 6.301813125610351562e-01
-3.872532606124877930e+00 -1.280049204826354980e+00 6.323208808898925781e-01
-3.964866161346435547e+00 -1.252253770828247070e+00 6.337152123451232910e-01
-4.062358856201171875e+00 -1.222908735275268555e+00 6.310288310050964355e-01
-4.196790218353271484e+00 -1.182435870170593262e+00 6.212352514266967773e-01
-4.244311332702636719e+00 -1.168116569519042969e+00 6.147665977478027344e-01
-4.325310707092285156e+00 -1.143695354461669922e+00 6.019015312194824219e-01
-4.465620517730712891e+00 -1.101342678070068359e+00 5.741126537322998047e-01
-4.508185863494873047e+00 -1.088461041450500488e+00 5.627117156982421875e-01
-4.612388134002685547e+00 -1.056892156600952148e+00 5.325251817703247070e-01
-4.685654640197753906e+00 -1.034630417823791504e+00 5.072847604751586914e-01
-4.805897235870361328e+00 -9.980029463768005371e-01 4.610450565814971924e-01
-4.874849796295166016e+00 -9.768986701965332031e-01 4.297950863838195801e-01
-4.939014911651611328e+00 -9.571937918663024902e-01 3.980440795421600342e-01
-5.043871879577636719e+00 -9.248797297477722168e-01 3.419221043586730957e-01
-5.112505435943603516e+00 -9.035923480987548828e-01 3.004058003425598145e-01
-5.192967891693115234e+00 -8.785118460655212402e-01 2.477974444627761841e-01
-5.276542663574218750e+00 -8.522897362709045410e-01 1.880508661270141602e-01
-5.303834438323974609e+00 -8.436594605445861816e-01 1.666697561740875244e-01
-5.374632358551025391e+00 -8.212065100669860840e-01 1.095109060406684875e-01
-5.462943077087402344e+00 -7.929735779762268066e-01 3.245923668146133423e-02
-5.527909755706787109e+00 -7.719635367393493652e-01 -3.002842515707015991e-02
-5.651216030120849609e+00 -7.212501764297485352e-01 7.374342530965805054e-02
-5.694423198699951172e+00 -7.036541700363159180e-01 1.058416068553924561e-01
-5.817480087280273438e+00 -6.536917686462402344e-01 1.933782100677490234e-01
-5.929875373840332031e+00 -6.084281206130981445e-01 2.637339532375335693e-01
-6.030349731445312500e+00 -5.682293176651000977e-01 3.194386661052703857e-01
-6.103694915771484375e+00 -5.390379428863525391e-01 3.557160496711730957e-01
-6.219022274017333984e+00 -4.932973086833953857e-01 4.079702794551849365e-01
-6.329215049743652344e+00 -4.498146474361419678e-01 4.509827494621276855e-01
-6.479069709777832031e+00 -3.909384608268737793e-01 5.009039044380187988e-01
-6.575970649719238281e+00 -3.530699312686920166e-01 5.259441137313842773e-01
-6.665762901306152344e+00 -3.180844783782958984e-01 5.449697971343994141e-01
-6.828497409820556641e+00 -2.548385858535766602e-01 5.725721120834350586e-01
-6.947223186492919922e+00 -2.088884562253952026e-01 5.837516784667968750e-01
-7.006518840789794922e+00 -1.859972178936004639e-01 5.861214995384216309e-01
-7.164869785308837891e+00 -1.249313130974769592e-01 5.881845951080322266e-01
-7.217773914337158203e+00 -1.045833453536033630e-01 5.850496888160705566e-01
-7.399451732635498047e+00 -3.475260734558105469e-02 5.698731541633605957e-01
-7.518650531768798828e+00 1.097031310200691223e-02 5.498180985450744629e-01
-7.557232379913330078e+00 2.575896307826042175e-02 5.411196351051330566e-01
-7.719474315643310547e+00 8.794077485799789429e-02 5.014699697494506836e-01
-7.767025947570800781e+00 1.061615124344825745e-01 4.859541654586791992e-01
-7.944146156311035156e+00 1.740431189537048340e-01 4.237213134765625000e-01
-8.004423141479492188e+00 1.971686333417892456e-01 3.966620564460754395e-01
-8.111325263977050781e+00 2.382149845361709595e-01 3.448686003684997559e-01
-8.226904869079589844e+00 2.826708257198333740e-01 2.812191247940063477e-01
-8.282713890075683594e+00 3.041927516460418701e-01 2.461715787649154663e-01
-8.387014389038085938e+00 3.444815874099731445e-01 1.764771789312362671e-01
-8.453376770019531250e+00 3.702088594436645508e-01 1.268042325973510742e-01
-8.579288482666015625e+00 4.191648364067077637e-01 2.551513910293579102e-02
-8.674835205078125000e+00 4.565617740154266357e-01 -6.255005300045013428e-02
-8.813745498657226562e+00 5.256984233856201172e-01 4.700948297977447510e-02
-8.916523933410644531e+00 5.762192606925964355e-01 1.174450889229774475e-01
-9.082087516784667969e+00 6.569405794143676758e-01 2.194892764091491699e-01
-9.154900550842285156e+00 6.920173764228820801e-01 2.568910419940948486e-01
-9.367873191833496094e+00 7.941339612007141113e-01 3.574528694152832031e-01
-9.428379058837890625e+00 8.227719068527221680e-01 3.790310919284820557e-01
-9.598834037780761719e+00 9.031893610954284668e-01 4.346262514591217041e-01
-9.800396919250488281e+00 9.974500536918640137e-01 4.834766089916229248e-01
-9.912605285644531250e+00 1.049428343772888184e+00 5.000161528587341309e-01
-1.007288551330566406e+01 1.123320937156677246e+00 5.154258608818054199e-01
-1.027118778228759766e+01 1.214149117469787598e+00 5.200756192207336426e-01
-1.038859272003173828e+01 1.267520308494567871e+00 5.122598409652709961e-01
-1.051450538635253906e+01 1.324525952339172363e+00 4.970997571945190430e-01
-1.066635608673095703e+01 1.392988324165344238e+00 4.698805212974548340e-01
-1.085113525390625000e+01 1.475897908210754395e+00 4.232331216335296631e-01
-1.094889450073242188e+01 1.519521474838256836e+00 3.893946409225463867e-01
-1.112606525421142578e+01 1.598373770713806152e+00 3.187573254108428955e-01
-1.119095993041992188e+01 1.627123594284057617e+00 2.862877249717712402e-01
-1.134824466705322266e+01 1.696703195571899414e+00 2.012572586536407471e-01
-1.145461654663085938e+01 1.743598699569702148e+00 1.326001882553100586e-01
-1.159375858306884766e+01 1.804823637008666992e+00 3.175067156553268433e-02
-1.170434093475341797e+01 1.853378176689147949e+00 -6.129614263772964478e-02
-1.190692710876464844e+01 1.965179204940795898e+00 8.641383796930313110e-02
-1.211017894744873047e+01 2.074815750122070312e+00 2.061073780059814453e-01
-1.231345367431640625e+01 2.182261466979980469e+00 3.009494543075561523e-01
-1.261272048950195312e+01 2.337545394897460938e+00 4.076709747314453125e-01
-1.272097110748291016e+01 2.392303705215454102e+00 4.301461279392242432e-01
-1.297247123718261719e+01 2.518439054489135742e+00 4.697608351707458496e-01
-1.315398120880126953e+01 2.607687234878540039e+00 4.774837493896484375e-01
-1.339342594146728516e+01 2.723781108856201172e+00 4.681285321712493896e-01
-1.359307479858398438e+01 2.818778753280639648e+00 4.385240375995635986e-01
-1.387157821655273438e+01 2.949183702468872070e+00 3.710112571716308594e-01
-1.407676506042480469e+01 3.042989015579223633e+00 2.924463450908660889e-01
-1.420159149169921875e+01 3.098970651626586914e+00 2.303369939327239990e-01
-1.448907661437988281e+01 3.226275444030761719e+00 6.515507400035858154e-02
-1.456297588348388672e+01 3.257911920547485352e+00 7.550843060016632080e-03
-1.510673332214355469e+01 3.565557479858398438e+00 4.144737422466278076e-01
-1.534451484680175781e+01 3.687732696533203125e+00 5.066205859184265137e-01
-1.580419540405273438e+01 3.915807008743286133e+00 6.310201883316040039e-01
-1.630811500549316406e+01 4.149604320526123047e+00 6.615242958068847656e-01
-1.667863845825195312e+01 4.308761596679687500e+00 6.027948260307312012e-01
-1.704674530029296875e+01 4.456999778747558594e+00 4.826983511447906494e-01
-1.748256874084472656e+01 4.619256496429443359e+00 2.583949565887451172e-01
-1.776972770690917969e+01 4.713037967681884766e+00 2.958486974239349365e-02
-1.808080863952636719e+01 4.801296234130859375e+00 -3.006742000579833984e-01
-1.874663734436035156e+01 4.947857856750488281e+00 -1.767151057720184326e-01
-1.992983818054199219e+01 5.093058586120605469e+00 -2.173279523849487305e-01
-6.668862915039062500e+02 -4.690496063232421875e+01 -4.098713684082031250e+02
-1.374419908728717312e+18 -1.842973462882785690e+19 -3.570683802411859968e+19
nan nan nan
nan nan nan
nan nan nan
nan nan nan
nan nan nan
nan nan nan
nan nan nan
nan nan nan
nan nan nan
nan nan nan
nan nan nan
nan nan nan
nan nan nan
nan nan nan
nan nan nan
nan nan nan
