2.326653861999511719e+01 -2.117514163255691528e-01 3.480046093463897705e-01
2.308697700500488281e+01 -2.155280709266662598e-01 4.641941189765930176e-01
2.293597221374511719e+01 -2.187855392694473267e-01 5.606647729873657227e-01
2.288489532470703125e+01 -2.199099361896514893e-01 5.929363965988159180e-01
2.272881126403808594e+01 -2.233686894178390503e-01 6.911801099777221680e-01
2.252380180358886719e+01 -2.280026674270629883e-01 8.186966776847839355e-01
2.242040443420410156e+01 -2.303989678621292114e-01 8.819825649261474609e-01
2.225775337219238281e+01 -2.342136949300765991e-01 9.807077050209045410e-01
2.219503211975097656e+01 -2.357117235660552979e-01 1.018267273902893066e+00
2.201096725463867188e+01 -2.401375621557235718e-01 1.127909183502197266e+00
2.190372848510742188e+01 -2.427665293216705322e-01 1.190776586532592773e+00
2.175946426391601562e+01 -2.463411688804626465e-01 1.274544000625610352e+00
2.163908386230468750e+01 -2.493658512830734253e-01 1.343525648117065430e+00
2.149411964416503906e+01 -2.530490756034851074e-01 1.425660490989685059e+00
2.142042732238769531e+01 -2.549458146095275879e-01 1.466832756996154785e+00
2.121623802185058594e+01 -2.602345347404479980e-01 1.580086946487426758e+00
2.113767623901367188e+01 -2.623044252395629883e-01 1.622765541076660156e+00
2.098263549804687500e+01 -2.664144039154052734e-01 1.706299424171447754e+00
2.093820190429687500e+01 -2.676063179969787598e-01 1.729843974113464355e+00
2.080251693725585938e+01 -2.712576687335968018e-01 1.801390647888183594e+00
2.066301345825195312e+01 -2.750481665134429932e-01 1.873839020729064941e+00
2.050601005554199219e+01 -2.793546915054321289e-01 1.954069375991821289e+00
2.042465209960937500e+01 -2.816090583801269531e-01 1.994869947433471680e+00
2.026127243041992188e+01 -2.861585319042205811e-01 2.075986623764038086e+00
2.020414352416992188e+01 -2.877646982669830322e-01 2.103768587112426758e+00
2.005745506286621094e+01 -2.919017672538757324e-01 2.174575328826904297e+00
1.995272254943847656e+01 -2.948787212371826172e-01 2.224148988723754883e+00
1.985756683349609375e+01 -2.975974380970001221e-01 2.268544673919677734e+00
1.968520927429199219e+01 -3.025435209274291992e-01 2.347884178161621094e+00
1.955778121948242188e+01 -3.062278926372528076e-01 2.405080795288085938e+00
1.944527244567871094e+01 -3.094969391822814941e-01 2.454610586166381836e+00
1.938774871826171875e+01 -3.111748993396759033e-01 2.479489803314208984e+00
1.921386718750000000e+01 -3.162561655044555664e-01 2.554002046585083008e+00
1.911820602416992188e+01 -3.190661668777465820e-01 2.593826055526733398e+00
1.905778312683105469e+01 -3.208452463150024414e-01 2.618567943572998047e+00
1.889293670654296875e+01 -3.257052898406982422e-01 2.685351610183715820e+00
1.884402084350585938e+01 -3.271522223949432373e-01 2.704580307006835938e+00
1.874007606506347656e+01 -3.302291035652160645e-01 2.745064496994018555e+00
1.857049942016601562e+01 -3.352558910846710205e-01 2.809796810150146484e+00
1.846092796325683594e+01 -3.385097086429595947e-01 2.850214242935180664e+00
1.839544105529785156e+01 -3.404555320739746094e-01 2.873816967010498047e+00
1.827403068542480469e+01 -3.440635204315185547e-01 2.916956901550292969e+00
1.819782257080078125e+01 -3.463281691074371338e-01 2.943305969238281250e+00
1.805787467956542969e+01 -3.504857122898101807e-01 2.990843057632446289e+00
1.794961547851562500e+01 -3.536989986896514893e-01 3.026391983032226562e+00
1.789965438842773438e+01 -3.551801741123199463e-01 3.042353868484497070e+00
1.775856208801269531e+01 -3.593600690364837646e-01 3.086847305297851562e+00
1.764269828796386719e+01 -3.627847731113433838e-01 3.122014522552490234e+00
1.755252838134765625e+01 -3.654435575008392334e-01 3.148493289947509766e+00
1.745159149169921875e+01 -3.684132099151611328e-01 3.177349328994750977e+00
1.739739227294921875e+01 -3.700032830238342285e-01 3.192366600036621094e+00
1.725281333923339844e+01 -3.742376267910003662e-01 3.231735229492187500e+00
1.718045806884765625e+01 -3.763464391231536865e-01 3.250504255294799805e+00
1.712211990356445312e+01 -3.780419826507568359e-01 3.265255928039550781e+00
1.697557067871093750e+01 -3.822909295558929443e-01 3.301533699035644531e+00
1.687215995788574219e+01 -3.852698504924774170e-01 3.325733184814453125e+00
1.677714157104492188e+01 -3.879930078983306885e-01 3.347047328948974609e+00
1.667184829711914062e+01 -3.909952938556671143e-01 3.369716644287109375e+00
1.664166069030761719e+01 -3.918508589267730713e-01 3.375910520553588867e+00
1.654095649719238281e+01 -3.946996033191680908e-01 3.396277666091918945e+00
1.639403724670410156e+01 -3.988292813301086426e-01 3.424545288085937500e+00
1.631533241271972656e+01 -4.010196328163146973e-01 3.438539981842041016e+00
1.624850654602050781e+01 -4.028686583042144775e-01 3.449892997741699219e+00
1.617808914184570312e+01 -4.048070609569549561e-01 3.461378097534179688e+00
1.603756523132324219e+01 -4.086535573005676270e-01 3.483283042907714844e+00
1.598583507537841797e+01 -4.100529849529266357e-01 3.490591526031494141e+00
1.585970020294189453e+01 -4.134495854377746582e-01 3.507725954055786133e+00
1.579102039337158203e+01 -4.152776598930358887e-01 3.516134262084960938e+00
1.570465850830078125e+01 -4.175611138343811035e-01 3.526068925857543945e+00
1.561290073394775391e+01 -4.199663698673248291e-01 3.535763025283813477e+00
1.553887939453125000e+01 -4.218883216381072998e-01 3.542836904525756836e+00
1.547395038604736328e+01 -4.235608577728271484e-01 3.548508167266845703e+00
1.535555648803710938e+01 -4.265889525413513184e-01 3.557988405227661133e+00
1.528161144256591797e+01 -4.284551441669464111e-01 3.562917232513427734e+00
1.519446659088134766e+01 -4.306356906890869141e-01 3.567986965179443359e+00
1.510083389282226562e+01 -4.329546093940734863e-01 3.572488784790039062e+00
1.504786682128906250e+01 -4.342517554759979248e-01 3.574454307556152344e+00
1.495818138122558594e+01 -4.364341497421264648e-01 3.577220916748046875e+00
1.487236118316650391e+01 -4.384998083114624023e-01 3.578950166702270508e+00
1.478428649902343750e+01 -4.405977129936218262e-01 3.579813003540039062e+00
1.472083282470703125e+01 -4.420931041240692139e-01 3.579753160476684570e+00
1.463574409484863281e+01 -4.440832138061523438e-01 3.579008102416992188e+00
1.454864501953125000e+01 -4.460999667644500732e-01 3.577324390411376953e+00
1.444018363952636719e+01 -4.485862553119659424e-01 3.574040412902832031e+00
1.436210632324218750e+01 -4.503545165061950684e-01 3.570598125457763672e+00
1.432476615905761719e+01 -4.511932432651519775e-01 3.568576335906982422e+00
1.424199676513671875e+01 -4.530455768108367920e-01 3.563693523406982422e+00
1.413668632507324219e+01 -4.553835093975067139e-01 3.556339979171752930e+00
1.406344413757324219e+01 -4.569941163063049316e-01 3.550203084945678711e+00
1.399412631988525391e+01 -4.585094153881072998e-01 3.543713569641113281e+00
1.390445518493652344e+01 -4.604595899581909180e-01 3.534476041793823242e+00
1.384634304046630859e+01 -4.617157876491546631e-01 3.527775049209594727e+00
1.377411651611328125e+01 -4.632718563079833984e-01 3.518865108489990234e+00
1.370234680175781250e+01 -4.648122489452362061e-01 3.509286403656005859e+00
1.362691497802734375e+01 -4.664260447025299072e-01 3.498453855514526367e+00
1.354447841644287109e+01 -4.681847691535949707e-01 3.485726833343505859e+00
1.343478202819824219e+01 -4.705194234848022461e-01 3.467483758926391602e+00
1.336033153533935547e+01 -4.721003472805023193e-01 3.453904151916503906e+00
1.328053855895996094e+01 -4.737935066223144531e-01 3.438466548919677734e+00
1.322223949432373047e+01 -4.750303328037261963e-01 3.426486968994140625e+00
1.316618633270263672e+01 -4.762198925018310547e-01 3.414471864700317383e+00
1.310816383361816406e+01 -4.774519801139831543e-01 3.401535511016845703e+00
1.303105068206787109e+01 -4.790909290313720703e-01 3.383650064468383789e+00
1.294694519042968750e+01 -4.808813929557800293e-01 3.363127470016479492e+00
1.288667869567871094e+01 -4.821673333644866943e-01 3.347618341445922852e+00
1.281224441528320312e+01 -4.837588369846343994e-01 3.327744007110595703e+00
1.270665931701660156e+01 -4.860228896141052246e-01 3.298278808593750000e+00
1.266800975799560547e+01 -4.868555366992950439e-01 3.286822080612182617e+00
1.261147975921630859e+01 -4.880758225917816162e-01 3.269701719284057617e+00
1.253167629241943359e+01 -4.898037612438201904e-01 3.244776725769042969e+00
1.247980022430419922e+01 -4.909321665763854980e-01 3.227872848510742188e+00
1.237976837158203125e+01 -4.931151568889617920e-01 3.194388389587402344e+00
1.230622196197509766e+01 -4.947307109832763672e-01 3.168493747711181641e+00
1.225584602355957031e+01 -4.958430528640747070e-01 3.150105476379394531e+00
1.218070507049560547e+01 -4.975084960460662842e-01 3.122004508972167969e+00
1.209674072265625000e+01 -4.993802607059478760e-01 3.089470863342285156e+00
1.206578063964843750e+01 -5.000751018524169922e-01 3.077001810073852539e+00
1.200182914733886719e+01 -5.015141367912292480e-01 3.050881862640380859e+00
1.193108272552490234e+01 -5.031147003173828125e-01 3.021148920059204102e+00
1.186768341064453125e+01 -5.045579671859741211e-01 2.993664026260375977e+00
1.176853942871093750e+01 -5.068278312683105469e-01 2.949492454528808594e+00
1.174675083160400391e+01 -5.073312520980834961e-01 2.939370155334472656e+00
1.168038558959960938e+01 -5.088677406311035156e-01 2.908258438110351562e+00
1.157257270812988281e+01 -5.113797187805175781e-01 2.856317996978759766e+00
1.153686046600341797e+01 -5.122206211090087891e-01 2.838349342346191406e+00
1.146843051910400391e+01 -5.138376355171203613e-01 2.803427457809448242e+00
1.140128898620605469e+01 -5.154351592063903809e-01 2.768232107162475586e+00
1.132863807678222656e+01 -5.171756148338317871e-01 2.729148864746093750e+00
1.127002143859863281e+01 -5.185904502868652344e-01 2.696731567382812500e+00
1.122495460510253906e+01 -5.196849107742309570e-01 2.671253204345703125e+00
1.114231204986572266e+01 -5.217015147209167480e-01 2.623742103576660156e+00
1.108389282226562500e+01 -5.231395959854125977e-01 2.589122533798217773e+00
1.101667022705078125e+01 -5.248047113418579102e-01 2.548433780670166016e+00
1.098651123046875000e+01 -5.255571603775024414e-01 2.529734373092651367e+00
1.093378925323486328e+01 -5.268768668174743652e-01 2.496693134307861328e+00
1.087327575683593750e+01 -5.284003019332885742e-01 2.458057641983032227e+00
1.079270362854003906e+01 -5.304420590400695801e-01 2.405517101287841797e+00
1.074688053131103516e+01 -5.316135287284851074e-01 2.374794006347656250e+00
1.069812679290771484e+01 -5.328661799430847168e-01 2.341590166091918945e+00
1.060231971740722656e+01 -5.353409051895141602e-01 2.275253295898437500e+00
1.054294681549072266e+01 -5.368907451629638672e-01 2.232801198959350586e+00
1.050798892974853516e+01 -5.378091931343078613e-01 2.207309722900390625e+00
1.046116542816162109e+01 -5.390441417694091797e-01 2.172770500183105469e+00
1.039834403991699219e+01 -5.407094955444335938e-01 2.125714540481567383e+00
1.032172393798828125e+01 -5.427546501159667969e-01 2.067139863967895508e+00
1.026460742950439453e+01 -5.442919731140136719e-01 2.022385358810424805e+00
1.020761680603027344e+01 -5.458354949951171875e-01 1.976908445358276367e+00
1.014472389221191406e+01 -5.475493669509887695e-01 1.925807833671569824e+00
1.008774566650390625e+01 -5.491126179695129395e-01 1.878588914871215820e+00
1.002769184112548828e+01 -5.507703423500061035e-01 1.827928185462951660e+00
1.000062179565429688e+01 -5.515223741531372070e-01 1.804663181304931641e+00
9.921173095703125000e+00 -5.537359118461608887e-01 1.735810279846191406e+00
9.878469467163085938e+00 -5.549357533454895020e-01 1.697889328002929688e+00
9.846723556518554688e+00 -5.558316707611083984e-01 1.669330477714538574e+00
9.772289276123046875e+00 -5.579392910003662109e-01 1.601720452308654785e+00
9.727821350097656250e+00 -5.592082142829895020e-01 1.560411930084228516e+00
9.687400817871093750e+00 -5.603668689727783203e-01 1.522359848022460938e+00
9.626799583435058594e+00 -5.621111989021301270e-01 1.464616775512695312e+00
9.554275512695312500e+00 -5.642116069793701172e-01 1.394257545471191406e+00
9.517089843750000000e+00 -5.652964115142822266e-01 1.357401013374328613e+00
9.452352523803710938e+00 -5.671919584274291992e-01 1.292532205581665039e+00
9.389513015747070312e+00 -5.690436363220214844e-01 1.228362202644348145e+00
9.351042747497558594e+00 -5.701841711997985840e-01 1.188352108001708984e+00
9.284790039062500000e+00 -5.721555948257446289e-01 1.118676662445068359e+00
9.258610725402832031e+00 -5.729395151138305664e-01 1.090613722801208496e+00
9.186103820800781250e+00 -5.751159191131591797e-01 1.012302875518798828e+00
9.132084846496582031e+00 -5.767483711242675781e-01 9.527359008789062500e-01
9.099772453308105469e+00 -5.777296423912048340e-01 9.165514707565307617e-01
9.055902481079101562e+00 -5.790657401084899902e-01 8.669721484184265137e-01
9.006642341613769531e+00 -5.805718898773193359e-01 8.106042146682739258e-01
8.954249382019042969e+00 -5.821807384490966797e-01 7.498115301132202148e-01
8.895766258239746094e+00 -5.839847326278686523e-01 6.809443235397338867e-01
8.855547904968261719e+00 -5.852314829826354980e-01 6.328018903732299805e-01
8.794285774230957031e+00 -5.871369838714599609e-01 5.586385726928710938e-01
8.748766899108886719e+00 -5.885599255561828613e-01 5.025844573974609375e-01
8.714705467224121094e+00 -5.896285772323608398e-01 4.601049721240997314e-01
8.648432731628417969e+00 -5.917133688926696777e-01 3.766698539257049561e-01
8.602725982666015625e+00 -5.931586027145385742e-01 3.180612921714782715e-01
8.560744285583496094e+00 -5.944905877113342285e-01 2.635453641414642334e-01
8.529869079589843750e+00 -5.954731702804565430e-01 2.229866534471511841e-01
8.471058845520019531e+00 -5.973488688468933105e-01 1.450719386339187622e-01
8.426486015319824219e+00 -5.987762808799743652e-01 8.505959808826446533e-02
8.396212577819824219e+00 -5.997486114501953125e-01 4.379973933100700378e-02
8.314274787902832031e+00 -6.023855805397033691e-01 -6.880316138267517090e-02
8.282171249389648438e+00 -5.997695922851562500e-01 -2.068999782204627991e-02
8.251387596130371094e+00 -5.972889065742492676e-01 2.369022741913795471e-02
8.201515197753906250e+00 -5.933092236518859863e-01 9.302255511283874512e-02
8.146777153015136719e+00 -5.890048742294311523e-01 1.648306101560592651e-01
8.132512092590332031e+00 -5.878989696502685547e-01 1.824170202016830444e-01
8.079576492309570312e+00 -5.838084220886230469e-01 2.466588765382766724e-01
8.008398056030273438e+00 -5.783715844154357910e-01 3.281290531158447266e-01
7.996378898620605469e+00 -5.774658918380737305e-01 3.408555388450622559e-01
7.927943706512451172e+00 -5.723192095756530762e-01 4.123933911323547363e-01
7.881541728973388672e+00 -5.688661336898803711e-01 4.574431478977203369e-01
7.815575122833251953e+00 -5.639862418174743652e-01 5.183811187744140625e-01
7.787790298461914062e+00 -5.619458556175231934e-01 5.422829985618591309e-01
7.716246128082275391e+00 -5.567052364349365234e-01 6.020147204399108887e-01
7.704606533050537109e+00 -5.558575391769409180e-01 6.109982728958129883e-01
7.640613079071044922e+00 -5.512003898620605469e-01 6.597630977630615234e-01
7.592196464538574219e+00 -5.476897358894348145e-01 6.941031217575073242e-01
7.545521259307861328e+00 -5.443118214607238770e-01 7.254280447959899902e-01
7.458084106445312500e+00 -5.379920005798339844e-01 7.810008525848388672e-01
7.406273841857910156e+00 -5.342523455619812012e-01 8.106039762496948242e-01
7.388291358947753906e+00 -5.329540371894836426e-01 8.202264904975891113e-01
7.318946838378906250e+00 -5.279461145401000977e-01 8.564808964729309082e-01
7.283612251281738281e+00 -5.253908634185791016e-01 8.733043670654296875e-01
7.228606700897216797e+00 -5.214083194732666016e-01 8.982231616973876953e-01
7.149256229400634766e+00 -5.156502723693847656e-01 9.313651919364929199e-01
7.087968826293945312e+00 -5.111848711967468262e-01 9.539103507995605469e-01
7.044796943664550781e+00 -5.080265402793884277e-01 9.681744575500488281e-01
7.011539936065673828e+00 -5.055854320526123047e-01 9.783006310462951660e-01
6.925504207611083984e+00 -4.992523193359375000e-01 1.002798557281494141e+00
6.868860244750976562e+00 -4.950501024723052979e-01 1.016064167022705078e+00
6.827089786529541016e+00 -4.919326901435852051e-01 1.024480342864990234e+00
6.778262615203857422e+00 -4.882709383964538574e-01 1.033151626586914062e+00
6.723475456237792969e+00 -4.841375052928924561e-01 1.041360020637512207e+00
6.657172679901123047e+00 -4.790992736816406250e-01 1.049239277839660645e+00
6.590849399566650391e+00 -4.740124344825744629e-01 1.054645061492919922e+00
6.536087512969970703e+00 -4.697698950767517090e-01 1.057070016860961914e+00
6.486458778381347656e+00 -4.658905565738677979e-01 1.057743787765502930e+00
6.450415611267089844e+00 -4.630489051342010498e-01 1.057228803634643555e+00
6.393462181091308594e+00 -4.585291743278503418e-01 1.055260300636291504e+00
6.324628829956054688e+00 -4.530079066753387451e-01 1.050667047500610352e+00
6.271666049957275391e+00 -4.487013220787048340e-01 1.045059800148010254e+00
6.207626342773437500e+00 -4.434354007244110107e-01 1.036333799362182617e+00
6.159056186676025391e+00 -4.393845200538635254e-01 1.027912378311157227e+00
6.097307682037353516e+00 -4.341755509376525879e-01 1.015444993972778320e+00
6.076172351837158203e+00 -4.323655366897583008e-01 1.010400891304016113e+00
5.993063449859619141e+00 -4.252092242240905762e-01 9.895069003105163574e-01
5.938097476959228516e+00 -4.203720092773437500e-01 9.728943705558776855e-01
5.888559818267822266e+00 -4.159445762634277344e-01 9.562137126922607422e-01
5.868273735046386719e+00 -4.141048192977905273e-01 9.487385153770446777e-01
5.783259868621826172e+00 -4.063468277454376221e-01 9.162873029708862305e-01
5.739589691162109375e+00 -4.022543430328369141e-01 8.971475362777709961e-01
5.704834461212158203e+00 -3.989491760730743408e-01 8.808680772781372070e-01
5.650646686553955078e+00 -3.937331140041351318e-01 8.541569709777832031e-01
5.616289615631103516e+00 -3.903608024120330811e-01 8.358741998672485352e-01
5.553043365478515625e+00 -3.840719163417816162e-01 8.005978465080261230e-01
5.510659217834472656e+00 -3.797523975372314453e-01 7.748976349830627441e-01
5.444127082824707031e+00 -3.728523850440979004e-01 7.322965264320373535e-01
5.402518749237060547e+00 -3.684121370315551758e-01 7.033469080924987793e-01
5.341797351837158203e+00 -3.618078827857971191e-01 6.588861346244812012e-01
5.307304859161376953e+00 -3.579462468624114990e-01 6.317130923271179199e-01
5.256020069122314453e+00 -3.521035313606262207e-01 5.896058678627014160e-01
5.210046768188476562e+00 -3.467228710651397705e-01 5.494881868362426758e-01
5.192254543304443359e+00 -3.445866703987121582e-01 5.330923795700073242e-01
5.122345924377441406e+00 -3.361058235168457031e-01 4.672880172729492188e-01
5.102163314819335938e+00 -3.335528075695037842e-01 4.466507732868194580e-01
5.058271408081054688e+00 -3.279277384281158447e-01 4.006632268428802490e-01
5.007853507995605469e+00 -3.212747275829315186e-01 3.449577391147613525e-01
4.968871593475341797e+00 -3.159444332122802734e-01 2.991410493850708008e-01
4.914306640625000000e+00 -3.082606792449951172e-01 2.317981421947479248e-01
4.891716003417968750e+00 -3.049374520778656006e-01 2.019029408693313599e-01
4.855006217956542969e+00 -2.994307279586791992e-01 1.518469154834747314e-01
4.806805133819580078e+00 -2.919576168060302734e-01 8.278955519199371338e-02
4.786375522613525391e+00 -2.886404097080230713e-01 5.149303376674652100e-02
4.737686157226562500e+00 -2.805652618408203125e-01 -2.534275501966476440e-02
4.709861755371093750e+00 -2.741124629974365234e-01 7.118344306945800781e-03
4.653027534484863281e+00 -2.609788179397583008e-01 7.141347229480743408e-02
4.580637454986572266e+00 -2.443634718656539917e-01 1.483319997787475586e-01
4.546460151672363281e+00 -2.365786433219909668e-01 1.818869411945343018e-01
4.473698616027832031e+00 -2.200570851564407349e-01 2.507519721984863281e-01
4.443314552307128906e+00 -2.132003754377365112e-01 2.773320674896240234e-01
4.401218414306640625e+00 -2.037218660116195679e-01 3.129773139953613281e-01
4.315979957580566406e+00 -1.845848709344863892e-01 3.819467425346374512e-01
4.282715797424316406e+00 -1.771563440561294556e-01 4.064474403858184814e-01
4.203233718872070312e+00 -1.594372987747192383e-01 4.628722667694091797e-01
4.153487205505371094e+00 -1.483893543481826782e-01 4.951286017894744873e-01
4.076803207397460938e+00 -1.313923597335815430e-01 5.420504212379455566e-01
4.043732643127441406e+00 -1.240813881158828735e-01 5.604913830757141113e-01
3.962522745132446289e+00 -1.061443537473678589e-01 6.039500236511230469e-01
3.910923242568969727e+00 -9.476961940526962280e-02 6.287829875946044922e-01
3.878617525100708008e+00 -8.765432238578796387e-02 6.432658433914184570e-01
3.791117668151855469e+00 -6.839054822921752930e-02 6.807261109352111816e-01
3.734029293060302734e+00 -5.583335831761360168e-02 7.021030783653259277e-01
3.656465053558349609e+00 -3.877559304237365723e-02 7.285152673721313477e-01
3.620663166046142578e+00 -3.090164437890052795e-02 7.390893101692199707e-01
3.554471492767333984e+00 -1.634062081575393677e-02 7.572871446609497070e-01
3.485342502593994141e+00 -1.124302856624126434e-03 7.737096548080444336e-01
3.428674697875976562e+00 1.136104669421911240e-02 7.849934697151184082e-01
3.366577625274658203e+00 2.505703456699848175e-02 7.954255938529968262e-01
3.312828540802001953e+00 3.692848607897758484e-02 8.026372790336608887e-01
3.235299110412597656e+00 5.407715588808059692e-02 8.107852339744567871e-01
3.211074829101562500e+00 5.944811925292015076e-02 8.123189806938171387e-01
3.142117261886596680e+00 7.475074380636215210e-02 8.157882690429687500e-01
3.046305894851684570e+00 9.606862068176269531e-02 8.170589208602905273e-01
2.981063365936279297e+00 1.106453537940979004e-01 8.145576715469360352e-01
2.929260492324829102e+00 1.222576200962066650e-01 8.107420802116394043e-01
2.896605253219604492e+00 1.295989006757736206e-01 8.074148893356323242e-01
2.815235853195190430e+00 1.479276567697525024e-01 7.976669073104858398e-01
2.769256353378295898e+00 1.583379805088043213e-01 7.900867462158203125e-01
2.695524692535400391e+00 1.750856488943099976e-01 7.760273218154907227e-01
2.652803182601928711e+00 1.848431229591369629e-01 7.660861015319824219e-01
2.596565485000610352e+00 1.977326273918151855e-01 7.516056299209594727e-01
2.534906625747680664e+00 2.119334489107131958e-01 7.336851954460144043e-01
2.443629741668701172e+00 2.330760508775711060e-01 7.037672996520996094e-01
2.424419164657592773e+00 2.375667095184326172e-01 6.963827013969421387e-01
2.367928981781005859e+00 2.508000135421752930e-01 6.739735007286071777e-01
2.303840398788452148e+00 2.659104764461517334e-01 6.461957097053527832e-01
2.230656147003173828e+00 2.833014726638793945e-01 6.113254427909851074e-01
2.196385860443115234e+00 2.915247380733489990e-01 5.932428836822509766e-01
2.122465848922729492e+00 3.093501627445220947e-01 5.523964166641235352e-01
2.059782266616821289e+00 3.246368169784545898e-01 5.142711400985717773e-01
2.014319896697998047e+00 3.358404040336608887e-01 4.843549132347106934e-01
1.952400684356689453e+00 3.512254953384399414e-01 4.412606358528137207e-01
1.911110877990722656e+00 3.616081774234771729e-01 4.102880656719207764e-01
1.877737283706665039e+00 3.700732290744781494e-01 3.839807212352752686e-01
1.804478168487548828e+00 3.887932598590850830e-01 3.238789737224578857e-01
1.769047498703002930e+00 3.980046510696411133e-01 2.921771705150604248e-01
1.713617444038391113e+00 4.125494360923767090e-01 2.404349595308303833e-01
1.648932337760925293e+00 4.297861456871032715e-01 1.759116649627685547e-01
1.629636764526367188e+00 4.350304603576660156e-01 1.550975143909454346e-01
1.565040111541748047e+00 4.527015089988708496e-01 8.372711390256881714e-02
1.530515670776367188e+00 4.623648524284362793e-01 4.238105937838554382e-02
1.476102352142333984e+00 4.778047502040863037e-01 -2.575581148266792297e-02
1.417055845260620117e+00 4.986004531383514404e-01 3.377363830804824829e-02
1.366135001182556152e+00 5.164614915847778320e-01 8.191458880901336670e-02
1.324831485748291016e+00 5.309041142463684082e-01 1.188729703426361084e-01
1.230666995048522949e+00 5.637556910514831543e-01 1.994651854038238525e-01
1.172866582870483398e+00 5.838260650634765625e-01 2.440842688083648682e-01
1.101590871810913086e+00 6.085166335105895996e-01 2.957142293453216553e-01
1.035966038703918457e+00 6.311910748481750488e-01 3.395922780036926270e-01
9.977290034294128418e-01 6.443759202957153320e-01 3.632977008819580078e-01
9.492506384849548340e-01 6.610753536224365234e-01 3.920330405235290527e-01
8.601149916648864746e-01 6.917446851730346680e-01 4.418722689151763916e-01
8.128802776336669922e-01 7.079671621322631836e-01 4.654661118984222412e-01
7.242066264152526855e-01 7.383995652198791504e-01 5.070767402648925781e-01
6.517646312713623047e-01 7.632335424423217773e-01 5.370711684226989746e-01
5.805599689483642578e-01 7.876293659210205078e-01 5.634604096412658691e-01
5.422936677932739258e-01 8.007360696792602539e-01 5.760532021522521973e-01
4.245364069938659668e-01 8.410680294036865234e-01 6.122333407402038574e-01
3.763185441493988037e-01 8.575843572616577148e-01 6.238588690757751465e-01
2.913817167282104492e-01 8.866868019104003906e-01 6.420969367027282715e-01
2.543089091777801514e-01 8.993982672691345215e-01 6.483527421951293945e-01
1.472724229097366333e-01 9.361151456832885742e-01 6.642928719520568848e-01
9.339770674705505371e-02 9.546229839324951172e-01 6.692479252815246582e-01
5.411595106124877930e-03 9.848795533180236816e-01 6.748396158218383789e-01
-7.589337974786758423e-02 1.012890338897705078e+00 6.762359142303466797e-01
-1.356063336133956909e-01 1.033504605293273926e+00 6.746995449066162109e-01
-1.995095312595367432e-01 1.055603861808776855e+00 6.710335612297058105e-01
-2.748335003852844238e-01 1.081706404685974121e+00 6.641452312469482422e-01
-3.464493453502655029e-01 1.106590628623962402e+00 6.546902656555175781e-01
-4.026377201080322266e-01 1.126170158386230469e+00 6.450746059417724609e-01
-4.899514913558959961e-01 1.156671166419982910e+00 6.274124383926391602e-01
-5.429002046585083008e-01 1.175244927406311035e+00 6.140898466110229492e-01
-6.149568557739257812e-01 1.200593233108520508e+00 5.937520265579223633e-01
-6.708353757858276367e-01 1.220332026481628418e+00 5.755981802940368652e-01
-7.654728293418884277e-01 1.253880143165588379e+00 5.416360497474670410e-01
-8.080412745475769043e-01 1.269068002700805664e+00 5.238278508186340332e-01
-8.572893142700195312e-01 1.286696434020996094e+00 5.018539428710937500e-01
-9.269220829010009766e-01 1.311721205711364746e+00 4.684815406799316406e-01
-9.815027117729187012e-01 1.331455469131469727e+00 4.396781027317047119e-01
-1.042789578437805176e+00 1.353729724884033203e+00 4.049021601676940918e-01
-1.143676042556762695e+00 1.390627384185791016e+00 3.429609239101409912e-01
-1.190592885017395020e+00 1.407982945442199707e+00 3.103316426277160645e-01
-1.218135714530944824e+00 1.418233394622802734e+00 2.900505661964416504e-01
-1.313969135284423828e+00 1.454034686088562012e+00 2.170880436897277832e-01
-1.357432246208190918e+00 1.470501065254211426e+00 1.800029426813125610e-01
-1.393999576568603516e+00 1.484456539154052734e+00 1.471309959888458252e-01
-1.463076353073120117e+00 1.510993242263793945e+00 8.223298937082290649e-02
-1.511858463287353516e+00 1.529987454414367676e+00 3.240691497921943665e-02
-1.561087012290954590e+00 1.549361944198608398e+00 -2.100348472595214844e-02
-1.641243696212768555e+00 1.587154150009155273e+00 5.410557240247726440e-02
-1.725471377372741699e+00 1.626693844795227051e+00 1.264965832233428955e-01
-1.794655799865722656e+00 1.659044027328491211e+00 1.807862073183059692e-01
-1.855719685554504395e+00 1.687517762184143066e+00 2.252287864685058594e-01
-1.960801124572753906e+00 1.736410260200500488e+00 2.967227399349212646e-01
-2.056880950927734375e+00 1.780966401100158691e+00 3.546756207942962646e-01
-2.136010169982910156e+00 1.817570686340332031e+00 3.972021937370300293e-01
-2.219378471374511719e+00 1.856070876121520996e+00 4.377346038818359375e-01
-2.268183946609497070e+00 1.878576159477233887e+00 4.589361250400543213e-01
-2.321540117263793945e+00 1.903162240982055664e+00 4.805525839328765869e-01
-2.450009346008300781e+00 1.962319731712341309e+00 5.285726189613342285e-01
-2.529590845108032227e+00 1.998915195465087891e+00 5.524671077728271484e-01
-2.634278297424316406e+00 2.047031879425048828e+00 5.793064832687377930e-01
-2.678611516952514648e+00 2.067400932312011719e+00 5.881663560867309570e-01
-2.805496692657470703e+00 2.125698566436767578e+00 6.105428338050842285e-01
-2.827405691146850586e+00 2.135766506195068359e+00 6.129447221755981445e-01
-2.932085275650024414e+00 2.183875799179077148e+00 6.232302784919738770e-01
-3.042587518692016602e+00 2.234694004058837891e+00 6.280854344367980957e-01
-3.118615627288818359e+00 2.269695281982421875e+00 6.270733475685119629e-01
-3.175211906433105469e+00 2.295777320861816406e+00 6.240833401679992676e-01
-3.269200801849365234e+00 2.339130878448486328e+00 6.163359284400939941e-01
-3.339463710784912109e+00 2.371596097946166992e+00 6.070545315742492676e-01
-3.477106094360351562e+00 2.435291767120361328e+00 5.836847424507141113e-01
-3.527363538742065430e+00 2.458628892898559570e+00 5.713531374931335449e-01
-3.631161451339721680e+00 2.506902694702148438e+00 5.429316759109497070e-01
-3.680735111236572266e+00 2.530038833618164062e+00 5.263687968254089355e-01
-3.750385761260986328e+00 2.562608242034912109e+00 5.010218024253845215e-01
-3.843726634979248047e+00 2.606384038925170898e+00 4.630365371704101562e-01
-3.937561273574829102e+00 2.650584697723388672e+00 4.192099571228027344e-01
-4.021032810211181641e+00 2.690103530883789062e+00 3.748885095119476318e-01
-4.052460670471191406e+00 2.705059528350830078e+00 3.563001453876495361e-01
-4.121442794799804688e+00 2.737958669662475586e+00 3.138478994369506836e-01
-4.194622993469238281e+00 2.773037195205688477e+00 2.648181915283203125e-01
-4.272172451019287109e+00 2.810433626174926758e+00 2.080743759870529175e-01
-4.355800151824951172e+00 2.851051092147827148e+00 1.409850716590881348e-01
-4.428460121154785156e+00 2.886654376983642578e+00 7.665030658245086670e-02
-4.472922801971435547e+00 2.908635139465332031e+00 3.372687101364135742e-02
-4.562163352966308594e+00 2.953025102615356445e+00 -5.719767510890960693e-02
-4.620328426361083984e+00 2.987462043762207031e+00 -7.251184433698654175e-03
-4.715522289276123047e+00 3.043647766113281250e+00 6.956797838211059570e-02
-4.841005325317382812e+00 3.117368698120117188e+00 1.608531773090362549e-01
-4.874392986297607422e+00 3.136879444122314453e+00 1.819296032190322876e-01
-5.015512943267822266e+00 3.219246149063110352e+00 2.676617503166198730e-01
-5.111987590789794922e+00 3.275283098220825195e+00 3.169478774070739746e-01
-5.200684547424316406e+00 3.326660633087158203e+00 3.568186163902282715e-01
-5.305692195892333984e+00 3.387351512908935547e+00 3.983559608459472656e-01
-5.430248260498046875e+00 3.459174156188964844e+00 4.399622082710266113e-01
-5.524456977844238281e+00 3.513370990753173828e+00 4.648043215274810791e-01
-5.636121273040771484e+00 3.577517747879028320e+00 4.884940087795257568e-01
-5.722898483276367188e+00 3.627297163009643555e+00 5.017045736312866211e-01
-5.824506759643554688e+00 3.685534715652465820e+00 5.125157237052917480e-01
-5.938781261444091797e+00 3.750981807708740234e+00 5.185854434967041016e-01
-6.035304069519042969e+00 3.806230783462524414e+00 5.179435014724731445e-01
-6.173653125762939453e+00 3.885405540466308594e+00 5.100200772285461426e-01
-6.278625965118408203e+00 3.945484399795532227e+00 4.963018894195556641e-01
-6.315481185913085938e+00 3.966587781906127930e+00 4.893918335437774658e-01
-6.415518760681152344e+00 4.023885250091552734e+00 4.686062932014465332e-01
-6.533842563629150391e+00 4.091716766357421875e+00 4.373871684074401855e-01
-6.616137504577636719e+00 4.138962745666503906e+00 4.100185632705688477e-01
-6.748082160949707031e+00 4.214818000793457031e+00 3.595601916313171387e-01
-6.803383827209472656e+00 4.246696949005126953e+00 3.337671756744384766e-01
-6.953367710113525391e+00 4.333283424377441406e+00 2.582173347473144531e-01
-7.033325672149658203e+00 4.379654407501220703e+00 2.093457877635955811e-01
-7.090346813201904297e+00 4.412828922271728516e+00 1.709003150463104248e-01
-7.184304237365722656e+00 4.467636585235595703e+00 1.030490547418594360e-01
-7.265667438507080078e+00 4.515331745147705078e+00 3.740136325359344482e-02
-7.385325908660888672e+00 4.585834503173828125e+00 -6.883934885263442993e-02
-7.506533622741699219e+00 4.671185970306396484e+00 2.436893433332443237e-02
-7.601437091827392578e+00 4.737572193145751953e+00 8.785489946603775024e-02
-7.710495471954345703e+00 4.813512802124023438e+00 1.529969424009323120e-01
-7.852582454681396484e+00 4.911985397338867188e+00 2.269013226032257080e-01
-7.997628211975097656e+00 5.011956214904785156e+00 2.886798679828643799e-01
-8.124774932861328125e+00 5.099161624908447266e+00 3.313817381858825684e-01
-8.214030265808105469e+00 5.160149097442626953e+00 3.546556830406188965e-01
-8.393864631652832031e+00 5.282739639282226562e+00 3.923706710338592529e-01
-8.579876899719238281e+00 5.408989906311035156e+00 4.125866889953613281e-01
-8.660071372985839844e+00 5.463214397430419922e+00 4.130735993385314941e-01
-8.826320648193359375e+00 5.575476169586181641e+00 4.067665338516235352e-01
-8.990801811218261719e+00 5.686267852783203125e+00 3.853186070919036865e-01
-9.074978828430175781e+00 5.742859363555908203e+00 3.664286136627197266e-01
-9.196850776672363281e+00 5.824737071990966797e+00 3.330193758010864258e-01
-9.301609992980957031e+00 5.895064830780029297e+00 2.964830398559570312e-01
-9.421304702758789062e+00 5.975393295288085938e+00 2.466689646244049072e-01
-9.573022842407226562e+00 6.077211380004882812e+00 1.711367219686508179e-01
-9.699732780456542969e+00 6.162296295166015625e+00 9.378003329038619995e-02
-9.788545608520507812e+00 6.222010135650634766e+00 3.022317588329315186e-02
-9.859302520751953125e+00 6.269654273986816406e+00 -2.621242403984069824e-02
-1.012573909759521484e+01 6.486431598663330078e+00 1.882682591676712036e-01
-1.032151794433593750e+01 6.642486572265625000e+00 3.007489442825317383e-01
-1.044075202941894531e+01 6.736372470855712891e+00 3.524579703807830811e-01
-1.064487266540527344e+01 6.896039962768554688e+00 4.250079989433288574e-01
-1.087824249267578125e+01 7.076655864715576172e+00 4.781245291233062744e-01
-1.112545680999755859e+01 7.265865802764892578e+00 5.000484585762023926e-01
-1.125656986236572266e+01 7.365123271942138672e+00 4.928158223628997803e-01
-1.147743988037109375e+01 7.531426429748535156e+00 4.637616872787475586e-01
-1.163674926757812500e+01 7.650295257568359375e+00 4.216032624244689941e-01
-1.184792327880859375e+01 7.806864738464355469e+00 3.443132936954498291e-01
-1.207756042480468750e+01 7.975677013397216797e+00 2.267795205116271973e-01
-1.219446754455566406e+01 8.060802459716796875e+00 1.457071602344512939e-01
-1.240543651580810547e+01 8.213667869567871094e+00 -2.335804700851440430e-02
-1.255860519409179688e+01 8.323587417602539062e+00 -1.815966814756393433e-01
-1.273845672607421875e+01 8.478809356689453125e+00 -5.574618279933929443e-02
-1.319617938995361328e+01 8.863054275512695312e+00 1.984100192785263062e-01
-1.346910190582275391e+01 9.077927589416503906e+00 2.637321949005126953e-01
-1.394413757324218750e+01 9.439328193664550781e+00 3.031523823738098145e-01
-1.418208885192871094e+01 9.609605789184570312e+00 2.601817846298217773e-01
-1.467804527282714844e+01 9.953112602233886719e+00 1.049355119466781616e-01
-1.489031410217285156e+01 1.008864402770996094e+01 -2.757123112678527832e-02
-1.524309062957763672e+01 1.030394649505615234e+01 -3.050675690174102783e-01
-1.639495086669921875e+01 1.106586360931396484e+01 -2.275680899620056152e-01
-1.815161514282226562e+01 1.196910667419433594e+01 -1.099398016929626465e+00
-2.354717407226562500e+02 2.942420005798339844e+00 -1.416296539306640625e+02
-3.505553956262641664e+18 -8.419350200801715814e+19 -1.442202837952852132e+20
nan nan nan
nan nan nan
nan nan nan
nan nan nan
nan nan nan
nan nan nan
nan nan nan
nan nan nan
nan nan nan
nan nan nan
nan nan nan
nan nan nan
nan nan nan
nan nan nan
nan nan nan
nan nan nan
nan nan nan
nan nan nan
nan nan nan
nan nan nan
nan nan nan
nan nan nan
nan nan nan
nan nan nan
nan nan nan
