2.342726516723632812e+01 -2.111459970474243164e-01 1.945099681615829468e-01
2.321624946594238281e+01 -1.989994645118713379e-01 3.293306231498718262e-01
2.316584777832031250e+01 -1.961350291967391968e-01 3.610899448394775391e-01
2.294890975952148438e+01 -1.838423311710357666e-01 4.973268508911132812e-01
2.285451698303222656e+01 -1.785619109869003296e-01 5.557298660278320312e-01
2.264626693725585938e+01 -1.669759303331375122e-01 6.837239861488342285e-01
2.244272232055664062e+01 -1.557884067296981812e-01 8.069536089897155762e-01
2.235485839843750000e+01 -1.510153412818908691e-01 8.593409061431884766e-01
2.213631057739257812e+01 -1.392017453908920288e-01 9.887650012969970703e-01
2.202376174926757812e+01 -1.331925839185714722e-01 1.054270505905151367e+00
2.184086608886718750e+01 -1.234878599643707275e-01 1.159742832183837891e+00
2.171573066711425781e+01 -1.169143468141555786e-01 1.230802655220031738e+00
2.164658546447753906e+01 -1.133063212037086487e-01 1.269644737243652344e+00
2.148777389526367188e+01 -1.050497889518737793e-01 1.358311891555786133e+00
2.132650756835937500e+01 -9.673560410737991333e-02 1.447066664695739746e+00
2.121041488647460938e+01 -9.080030024051666260e-02 1.510004520416259766e+00
2.103359985351562500e+01 -8.181355148553848267e-02 1.604800105094909668e+00
2.089727020263671875e+01 -7.494572550058364868e-02 1.676622271537780762e+00
2.070620346069335938e+01 -6.538432091474533081e-02 1.775886774063110352e+00
2.062678718566894531e+01 -6.144646555185317993e-02 1.816318631172180176e+00
2.045313072204589844e+01 -5.286726355552673340e-02 1.903966188430786133e+00
2.030214881896972656e+01 -4.546749219298362732e-02 1.978697657585144043e+00
2.017616844177246094e+01 -3.933432325720787048e-02 2.039966821670532227e+00
2.011461830139160156e+01 -3.635405749082565308e-02 2.069450855255126953e+00
1.995301246643066406e+01 -2.854907885193824768e-02 2.146281003952026367e+00
1.983825874328613281e+01 -2.304391190409660339e-02 2.199735164642333984e+00
1.970361709594726562e+01 -1.661412417888641357e-02 2.261520624160766602e+00
1.957950973510742188e+01 -1.071827113628387451e-02 2.317448377609252930e+00
1.940499877929687500e+01 -2.465951256453990936e-03 2.394744634628295898e+00
1.931680107116699219e+01 1.678972505033016205e-03 2.432837009429931641e+00
1.918450736999511719e+01 7.878244854509830475e-03 2.489225625991821289e+00
1.901488685607910156e+01 1.579340547323226929e-02 2.560065746307373047e+00
1.898252487182617188e+01 1.729595661163330078e-02 2.573218345642089844e+00
1.881813049316406250e+01 2.492207475006580353e-02 2.639674901962280273e+00
1.866917800903320312e+01 3.180197626352310181e-02 2.698230981826782227e+00
1.860869979858398438e+01 3.458561003208160400e-02 2.721385002136230469e+00
1.844501304626464844e+01 4.211015999317169189e-02 2.783361196517944336e+00
1.836179161071777344e+01 4.592332988977432251e-02 2.813907146453857422e+00
1.818485260009765625e+01 5.401922389864921570e-02 2.877794504165649414e+00
1.811853218078613281e+01 5.704540759325027466e-02 2.900884866714477539e+00
1.800236320495605469e+01 6.234192103147506714e-02 2.940760850906372070e+00
1.786244201660156250e+01 6.871322542428970337e-02 2.987573385238647461e+00
1.778611564636230469e+01 7.218456268310546875e-02 3.012298107147216797e+00
1.766335678100585938e+01 7.776509970426559448e-02 3.051341772079467773e+00
1.753880882263183594e+01 8.342396467924118042e-02 3.089762926101684570e+00
1.743272972106933594e+01 8.824252337217330933e-02 3.121440887451171875e+00
1.730655097961425781e+01 9.397456794977188110e-02 3.158047199249267578e+00
1.718984222412109375e+01 9.927836805582046509e-02 3.190706968307495117e+00
1.708347892761230469e+01 1.041151359677314758e-01 3.219445228576660156e+00
1.696747016906738281e+01 1.093951016664505005e-01 3.249755382537841797e+00
1.688962173461914062e+01 1.129425764083862305e-01 3.269327640533447266e+00
1.679798126220703125e+01 1.171228513121604919e-01 3.291754245758056641e+00
1.663766479492187500e+01 1.244457662105560303e-01 3.329710006713867188e+00
1.652479934692382812e+01 1.296153664588928223e-01 3.354833602905273438e+00
1.646979141235351562e+01 1.321407556533813477e-01 3.366520166397094727e+00
1.635316276550292969e+01 1.375020891427993774e-01 3.390716314315795898e+00
1.624235343933105469e+01 1.426105797290802002e-01 3.412518978118896484e+00
1.613692665100097656e+01 1.474856883287429810e-01 3.432174682617187500e+00
1.602484130859375000e+01 1.526851952075958252e-01 3.451956510543823242e+00
1.597367572784423828e+01 1.550674289464950562e-01 3.460437774658203125e+00
1.581832218170166016e+01 1.623136103153228760e-01 3.485421180725097656e+00
1.577115726470947266e+01 1.645261347293853760e-01 3.492288112640380859e+00
1.563962841033935547e+01 1.707079112529754639e-01 3.510822772979736328e+00
1.551298141479492188e+01 1.766928583383560181e-01 3.526997566223144531e+00
1.544475650787353516e+01 1.799352616071701050e-01 3.534829616546630859e+00
1.537105369567871094e+01 1.834494024515151978e-01 3.542771339416503906e+00
1.521004962921142578e+01 1.911538988351821899e-01 3.558884382247924805e+00
1.512181854248046875e+01 1.954107582569122314e-01 3.566211938858032227e+00
1.503587818145751953e+01 1.995768994092941284e-01 3.572535276412963867e+00
1.496859741210937500e+01 2.028541266918182373e-01 3.576858282089233398e+00
1.489178276062011719e+01 2.066101133823394775e-01 3.581228017807006836e+00
1.474192142486572266e+01 2.139704525470733643e-01 3.588481664657592773e+00
1.467971324920654297e+01 2.170528173446655273e-01 3.590447902679443359e+00
1.456430530548095703e+01 2.227923423051834106e-01 3.593281745910644531e+00
1.451022243499755859e+01 2.255004793405532837e-01 3.593894243240356445e+00
1.441987800598144531e+01 2.300385832786560059e-01 3.594352006912231445e+00
1.428275394439697266e+01 2.369622290134429932e-01 3.593600749969482422e+00
1.422647666931152344e+01 2.398254424333572388e-01 3.592378854751586914e+00
1.416449737548828125e+01 2.429877221584320068e-01 3.590615987777709961e+00
1.407035255432128906e+01 2.478054910898208618e-01 3.587235450744628906e+00
1.396391105651855469e+01 2.532757818698883057e-01 3.582194089889526367e+00
1.390725898742675781e+01 2.561997771263122559e-01 3.578767776489257812e+00
1.379109573364257812e+01 2.622068822383880615e-01 3.570923328399658203e+00
1.370795440673828125e+01 2.665216922760009766e-01 3.564092397689819336e+00
1.359762668609619141e+01 2.722585201263427734e-01 3.553856849670410156e+00
1.354138374328613281e+01 2.751889228820800781e-01 3.547836065292358398e+00
1.341439533233642578e+01 2.818097174167633057e-01 3.533307075500488281e+00
1.338421726226806641e+01 2.833847999572753906e-01 3.529345750808715820e+00
1.327319431304931641e+01 2.891797125339508057e-01 3.514322996139526367e+00
1.322344970703125000e+01 2.917761802673339844e-01 3.506842851638793945e+00
1.309838390350341797e+01 2.983025014400482178e-01 3.487182140350341797e+00
1.299945163726806641e+01 3.034603297710418701e-01 3.469908237457275391e+00
1.292963600158691406e+01 3.070955872535705566e-01 3.456740617752075195e+00
1.286582469940185547e+01 3.104144334793090820e-01 3.444066524505615234e+00
1.279000663757324219e+01 3.143529891967773438e-01 3.428306579589843750e+00
1.268768692016601562e+01 3.196596801280975342e-01 3.405901670455932617e+00
1.260202980041503906e+01 3.240914642810821533e-01 3.385843515396118164e+00
1.251989746093750000e+01 3.283311426639556885e-01 3.365550279617309570e+00
1.247864341735839844e+01 3.304555416107177734e-01 3.354839801788330078e+00
1.236364746093750000e+01 3.363696038722991943e-01 3.324252367019653320e+00
1.233782291412353516e+01 3.376927375793457031e-01 3.316919565200805664e+00
1.225465393066406250e+01 3.419499993324279785e-01 3.292964696884155273e+00
1.218806171417236328e+01 3.453484177589416504e-01 3.272902011871337891e+00
1.210073280334472656e+01 3.497937321662902832e-01 3.245654582977294922e+00
1.199498271942138672e+01 3.551579713821411133e-01 3.211152076721191406e+00
1.191480159759521484e+01 3.592071831226348877e-01 3.183586120605468750e+00
1.184462356567382812e+01 3.627386987209320068e-01 3.158512115478515625e+00
1.177921867370605469e+01 3.660194277763366699e-01 3.134361505508422852e+00
1.171229553222656250e+01 3.693659603595733643e-01 3.108896255493164062e+00
1.162752342224121094e+01 3.735912740230560303e-01 3.075651168823242188e+00
1.157314968109130859e+01 3.762899935245513916e-01 3.053514480590820312e+00
1.147450256347656250e+01 3.811724185943603516e-01 3.012396812438964844e+00
1.141199207305908203e+01 3.842502534389495850e-01 2.985227823257446289e+00
1.133922290802001953e+01 3.878210783004760742e-01 2.952766895294189453e+00
1.127725124359130859e+01 3.908498287200927734e-01 2.924287557601928711e+00
1.118675518035888672e+01 3.952571451663970947e-01 2.881649971008300781e+00
1.115199470520019531e+01 3.969412147998809814e-01 2.864675760269165039e+00
1.107473850250244141e+01 4.006764292716979980e-01 2.826435327529907227e+00
1.098317241668701172e+01 4.050831198692321777e-01 2.779742717742919922e+00
1.092981529235839844e+01 4.076366424560546875e-01 2.751574993133544922e+00
1.083938312530517578e+01 4.119501411914825439e-01 2.702875375747680664e+00
1.080073547363281250e+01 4.137830734252929688e-01 2.681359291076660156e+00
1.073155879974365234e+01 4.170556962490081787e-01 2.642303228378295898e+00
1.063599967956542969e+01 4.215561151504516602e-01 2.586993932723999023e+00
1.059172439575195312e+01 4.236281216144561768e-01 2.560485839843750000e+00
1.052227592468261719e+01 4.268685579299926758e-01 2.518257141113281250e+00
1.046564769744873047e+01 4.294983744621276855e-01 2.482985734939575195e+00
1.040268611907958984e+01 4.324109554290771484e-01 2.443001270294189453e+00
1.031721782684326172e+01 4.363473951816558838e-01 2.387551784515380859e+00
1.027997303009033203e+01 4.380524456501007080e-01 2.362685918807983398e+00
1.017577266693115234e+01 4.428101480007171631e-01 2.292252063751220703e+00
1.011666107177734375e+01 4.454888999462127686e-01 2.250903606414794922e+00
1.008278751373291016e+01 4.470173716545104980e-01 2.226749420166015625e+00
9.993488311767578125e+00 4.510367512702941895e-01 2.162373781204223633e+00
9.934932708740234375e+00 4.536549448966979980e-01 2.118937253952026367e+00
9.893109321594238281e+00 4.555168151855468750e-01 2.087332010269165039e+00
9.826090812683105469e+00 4.584909081459045410e-01 2.036015987396240234e+00
9.757162094116210938e+00 4.615342617034912109e-01 1.982120037078857422e+00
9.681065559387207031e+00 4.648764133453369141e-01 1.921334624290466309e+00
9.622717857360839844e+00 4.674240648746490479e-01 1.873623728752136230e+00
9.566893577575683594e+00 4.698505103588104248e-01 1.827157139778137207e+00
9.494831085205078125e+00 4.729691743850708008e-01 1.766151189804077148e+00
9.435085296630859375e+00 4.755402207374572754e-01 1.714464068412780762e+00
9.381927490234375000e+00 4.778169989585876465e-01 1.667648434638977051e+00
9.314312934875488281e+00 4.807008504867553711e-01 1.607152700424194336e+00
9.276563644409179688e+00 4.823022782802581787e-01 1.572697043418884277e+00
9.191868782043457031e+00 4.858844578266143799e-01 1.494530797004699707e+00
9.145897865295410156e+00 4.878156483173370361e-01 1.451041340827941895e+00
9.078086853027343750e+00 4.906538426876068115e-01 1.386029481887817383e+00
9.033044815063476562e+00 4.925288259983062744e-01 1.341992616653442383e+00
8.990633010864257812e+00 4.942879378795623779e-01 1.299987554550170898e+00
8.918590545654296875e+00 4.972659051418304443e-01 1.227763652801513672e+00
8.869542121887207031e+00 4.992816150188446045e-01 1.177572727203369141e+00
8.798274040222167969e+00 5.021989941596984863e-01 1.103622674942016602e+00
8.752120971679687500e+00 5.040774345397949219e-01 1.054759383201599121e+00
8.680235862731933594e+00 5.069923996925354004e-01 9.776602983474731445e-01
8.631858825683593750e+00 5.089427828788757324e-01 9.247204065322875977e-01
8.576430320739746094e+00 5.111688375473022461e-01 8.632404208183288574e-01
8.542104721069335938e+00 5.125412940979003906e-01 8.245772123336791992e-01
8.454104423522949219e+00 5.160503983497619629e-01 7.245083451271057129e-01
8.406241416931152344e+00 5.179456472396850586e-01 6.687445640563964844e-01
8.354719161987304688e+00 5.199781060218811035e-01 6.079226136207580566e-01
8.320854187011718750e+00 5.213086605072021484e-01 5.673768520355224609e-01
8.258847236633300781e+00 5.237385630607604980e-01 4.924469888210296631e-01
8.222792625427246094e+00 5.251446962356567383e-01 4.481363296508789062e-01
8.153278350830078125e+00 5.278484225273132324e-01 3.618612885475158691e-01
8.117374420166015625e+00 5.292375683784484863e-01 3.164530992507934570e-01
8.048453330993652344e+00 5.318970680236816406e-01 2.284369617700576782e-01
7.992892265319824219e+00 5.340302586555480957e-01 1.561502069234848022e-01
7.952188014984130859e+00 5.355868339538574219e-01 1.023948490619659424e-01
7.896701335906982422e+00 5.377026796340942383e-01 2.831207960844039917e-02
7.830739021301269531e+00 5.402083396911621094e-01 -6.107736378908157349e-02
7.813379287719726562e+00 5.428429245948791504e-01 -3.463414311408996582e-02
7.743537425994873047e+00 5.534078478813171387e-01 6.950972229242324829e-02
7.719930648803710938e+00 5.569355487823486328e-01 1.018410027027130127e-01
7.677652835845947266e+00 5.632315874099731445e-01 1.581817567348480225e-01
7.623708724975585938e+00 5.712185502052307129e-01 2.266636788845062256e-01
7.551695823669433594e+00 5.818109512329101562e-01 3.126835227012634277e-01
7.515688419342041016e+00 5.870673656463623047e-01 3.523851335048675537e-01
7.445456027984619141e+00 5.972878336906433105e-01 4.268568754196166992e-01
7.407722949981689453e+00 6.027488112449645996e-01 4.639239609241485596e-01
7.376148700714111328e+00 6.073073744773864746e-01 4.937084615230560303e-01
7.293449878692626953e+00 6.192255020141601562e-01 5.691193342208862305e-01
7.265418529510498047e+00 6.232482194900512695e-01 5.924717783927917480e-01
7.181189060211181641e+00 6.353226900100708008e-01 6.605338454246520996e-01
7.153174400329589844e+00 6.393273472785949707e-01 6.811388731002807617e-01
7.089413642883300781e+00 6.484362483024597168e-01 7.265827059745788574e-01
7.014172554016113281e+00 6.591729521751403809e-01 7.764109969139099121e-01
6.948246479034423828e+00 6.685735583305358887e-01 8.163224458694458008e-01
6.917415142059326172e+00 6.729697585105895996e-01 8.335220217704772949e-01
6.838363170623779297e+00 6.842440366744995117e-01 8.759226202964782715e-01
6.809730529785156250e+00 6.883308291435241699e-01 8.897362351417541504e-01
6.722380638122558594e+00 7.008050084114074707e-01 9.302282333374023438e-01
6.670372486114501953e+00 7.082458734512329102e-01 9.513955712318420410e-01
6.633098125457763672e+00 7.135870456695556641e-01 9.653508663177490234e-01
6.568516254425048828e+00 7.228531241416931152e-01 9.880465865135192871e-01
6.516983032226562500e+00 7.302652597427368164e-01 1.004133582115173340e+00
6.445217609405517578e+00 7.406108975410461426e-01 1.024328231811523438e+00
6.393826007843017578e+00 7.480454444885253906e-01 1.036617636680603027e+00
6.312699317932128906e+00 7.598150968551635742e-01 1.053597927093505859e+00
6.235732078552246094e+00 7.710357308387756348e-01 1.066118001937866211e+00
6.222783565521240234e+00 7.729333043098449707e-01 1.067657589912414551e+00
6.137218475341796875e+00 7.854843735694885254e-01 1.077205538749694824e+00
6.075566291809082031e+00 7.945865988731384277e-01 1.081107020378112793e+00
5.999238491058349609e+00 8.059139847755432129e-01 1.083289265632629395e+00
5.958874225616455078e+00 8.119454979896545410e-01 1.082707643508911133e+00
5.897291183471679688e+00 8.211839795112609863e-01 1.080416798591613770e+00
5.841150283813476562e+00 8.296591043472290039e-01 1.076367497444152832e+00
5.791388034820556641e+00 8.372171521186828613e-01 1.071182966232299805e+00
5.742254257202148438e+00 8.447225093841552734e-01 1.064656496047973633e+00
5.666718959808349609e+00 8.563293218612670898e-01 1.052467226982116699e+00
5.624830245971679688e+00 8.628278374671936035e-01 1.043845891952514648e+00
5.543375968933105469e+00 8.755366206169128418e-01 1.025041580200195312e+00
5.496818542480468750e+00 8.828850984573364258e-01 1.011988401412963867e+00
5.429021358489990234e+00 8.936625123023986816e-01 9.910171627998352051e-01
5.390226840972900391e+00 8.998969197273254395e-01 9.773472547531127930e-01
5.297623634338378906e+00 9.148777127265930176e-01 9.423795938491821289e-01
5.243577480316162109e+00 9.237664937973022461e-01 9.186275601387023926e-01
5.219442367553710938e+00 9.277779459953308105e-01 9.071126580238342285e-01
5.157814502716064453e+00 9.380719065666198730e-01 8.766478300094604492e-01
5.091894149780273438e+00 9.492271542549133301e-01 8.410942554473876953e-01
5.060542106628417969e+00 9.546120762825012207e-01 8.226115703582763672e-01
4.996569633483886719e+00 9.656831026077270508e-01 7.833105921745300293e-01
4.948739051818847656e+00 9.740942120552062988e-01 7.514241933822631836e-01
4.869958400726318359e+00 9.881270527839660645e-01 6.956701278686523438e-01
4.822203636169433594e+00 9.968265891075134277e-01 6.584710478782653809e-01
4.783501625061035156e+00 1.003982663154602051e+00 6.265360713005065918e-01
4.737026691436767578e+00 1.012686491012573242e+00 5.863626003265380859e-01
4.673353195190429688e+00 1.024805545806884766e+00 5.281748771667480469e-01
4.626515865325927734e+00 1.033933639526367188e+00 4.819917082786560059e-01
4.579414844512939453e+00 1.043289065361022949e+00 4.328462779521942139e-01
4.564806938171386719e+00 1.046250462532043457e+00 4.167025089263916016e-01
4.519131660461425781e+00 1.055572986602783203e+00 3.652993440628051758e-01
4.457869529724121094e+00 1.068353056907653809e+00 2.923133969306945801e-01
4.420537948608398438e+00 1.076392412185668945e+00 2.442306876182556152e-01
4.396737098693847656e+00 1.081628799438476562e+00 2.120255678892135620e-01
4.355109214782714844e+00 1.090921521186828613e+00 1.538494080305099487e-01
4.290338039398193359e+00 1.105774402618408203e+00 5.796148627996444702e-02
4.253803730010986328e+00 1.114546656608581543e+00 -1.413170248270034790e-03
4.222266674041748047e+00 1.124271392822265625e+00 3.693612664937973022e-02
4.145251274108886719e+00 1.147940754890441895e+00 1.273032426834106445e-01
4.102789402008056641e+00 1.160893678665161133e+00 1.729802191257476807e-01
4.036782264709472656e+00 1.180959105491638184e+00 2.407495379447937012e-01
3.996541261672973633e+00 1.193131923675537109e+00 2.791782319545745850e-01
3.952838182449340820e+00 1.206317424774169922e+00 3.191294670104980469e-01
3.878683090209960938e+00 1.228632330894470215e+00 3.837731480598449707e-01
3.817413330078125000e+00 1.246996164321899414e+00 4.329972565174102783e-01
3.751884937286376953e+00 1.266581296920776367e+00 4.821794629096984863e-01
3.712075948715209961e+00 1.278448462486267090e+00 5.099234580993652344e-01
3.605835199356079102e+00 1.310076117515563965e+00 5.806608796119689941e-01
3.580242633819580078e+00 1.317670583724975586e+00 5.956604480743408203e-01
3.518924951553344727e+00 1.335855841636657715e+00 6.304861903190612793e-01
3.437968254089355469e+00 1.359835863113403320e+00 6.730189919471740723e-01
3.372637271881103516e+00 1.379162430763244629e+00 7.038005590438842773e-01
3.312457799911499023e+00 1.396952748298645020e+00 7.296211719512939453e-01
3.229435205459594727e+00 1.421486139297485352e+00 7.621122598648071289e-01
3.176879167556762695e+00 1.437012791633605957e+00 7.800148725509643555e-01
3.105678796768188477e+00 1.458049774169921875e+00 8.020424842834472656e-01
3.033142805099487305e+00 1.479488849639892578e+00 8.214614391326904297e-01
3.003667354583740234e+00 1.488206386566162109e+00 8.281241655349731445e-01
2.907860279083251953e+00 1.516552567481994629e+00 8.481811285018920898e-01
2.824252843856811523e+00 1.541323900222778320e+00 8.611782789230346680e-01
2.803649425506591797e+00 1.547438383102416992e+00 8.634250164031982422e-01
2.716024160385131836e+00 1.573456406593322754e+00 8.719857931137084961e-01
2.621430158615112305e+00 1.601606845855712891e+00 8.766636848449707031e-01
2.585282564163208008e+00 1.612395405769348145e+00 8.765717148780822754e-01
2.513150930404663086e+00 1.633952021598815918e+00 8.749539852142333984e-01
2.419129371643066406e+00 1.662128686904907227e+00 8.690987229347229004e-01
2.394384384155273438e+00 1.669574379920959473e+00 8.662608861923217773e-01
2.335616111755371094e+00 1.687279224395751953e+00 8.587027788162231445e-01
2.228635072708129883e+00 1.719605803489685059e+00 8.413794040679931641e-01
2.163394689559936523e+00 1.739436864852905273e+00 8.267878293991088867e-01
2.119389772415161133e+00 1.752868533134460449e+00 8.152471780776977539e-01
2.053290128707885742e+00 1.773105502128601074e+00 7.961577773094177246e-01
1.973664760589599609e+00 1.797601461410522461e+00 7.699254751205444336e-01
1.915919661521911621e+00 1.815478920936584473e+00 7.479888796806335449e-01
1.877362012863159180e+00 1.827476501464843750e+00 7.318820953369140625e-01
1.828003525733947754e+00 1.842890620231628418e+00 7.099819779396057129e-01
1.744532704353332520e+00 1.869084835052490234e+00 6.701044440269470215e-01
1.666569232940673828e+00 1.893767595291137695e+00 6.281973719596862793e-01
1.606069803237915039e+00 1.913097739219665527e+00 5.921066999435424805e-01
1.545426249504089355e+00 1.932627081871032715e+00 5.529951453208923340e-01
1.492102146148681641e+00 1.949946999549865723e+00 5.158817768096923828e-01
1.449593067169189453e+00 1.963867664337158203e+00 4.842822551727294922e-01
1.400472521781921387e+00 1.980067014694213867e+00 4.458192586898803711e-01
1.332058310508728027e+00 2.002825975418090820e+00 3.889590203762054443e-01
1.280814051628112793e+00 2.020097970962524414e+00 3.427118957042694092e-01
1.237551212310791016e+00 2.034839630126953125e+00 3.011674582958221436e-01
1.205172538757324219e+00 2.045983552932739258e+00 2.683866918087005615e-01
1.122111678123474121e+00 2.074802160263061523e+00 1.808594912290573120e-01
1.092371225357055664e+00 2.085354089736938477e+00 1.461116522550582886e-01
1.049028158187866211e+00 2.100873947143554688e+00 9.348338097333908081e-02
9.938092827796936035e-01 2.120930910110473633e+00 2.249827980995178223e-02
9.484062790870666504e-01 2.137758016586303711e+00 -4.040758311748504639e-02
9.092615246772766113e-01 2.155096769332885742e+00 2.387799322605133057e-03
8.146588802337646484e-01 2.196887731552124023e+00 1.014055535197257996e-01
7.779235839843750000e-01 2.213020563125610352e+00 1.360004246234893799e-01
7.175230383872985840e-01 2.239495992660522461e+00 1.906447112560272217e-01
6.387481093406677246e-01 2.273926496505737305e+00 2.573322057723999023e-01
5.527289509773254395e-01 2.311399936676025391e+00 3.240428566932678223e-01
4.700007736682891846e-01 2.347330808639526367e+00 3.822392523288726807e-01
4.080016016960144043e-01 2.374193906784057617e+00 4.218429327011108398e-01
3.289504349231719971e-01 2.408394813537597656e+00 4.687149524688720703e-01
3.027586042881011963e-01 2.419708251953125000e+00 4.827779233455657959e-01
2.340972423553466797e-01 2.449353933334350586e+00 5.184182524681091309e-01
1.323065757751464844e-01 2.493259191513061523e+00 5.665847659111022949e-01
7.395903766155242920e-02 2.518397092819213867e+00 5.903738737106323242e-01
-3.260318934917449951e-02 2.564289569854736328e+00 6.299788951873779297e-01
-9.835007041692733765e-02 2.592592239379882812e+00 6.501944065093994141e-01
-1.917787492275238037e-01 2.632812500000000000e+00 6.753352284431457520e-01
-2.242043763399124146e-01 2.646775484085083008e+00 6.823237538337707520e-01
-3.139542043209075928e-01 2.685431480407714844e+00 7.000277042388916016e-01
-3.908296823501586914e-01 2.718566179275512695e+00 7.113306522369384766e-01
-4.508533179759979248e-01 2.744460344314575195e+00 7.176025509834289551e-01
-5.479777455329895020e-01 2.786396265029907227e+00 7.245447039604187012e-01
-6.147941946983337402e-01 2.815293312072753906e+00 7.257560491561889648e-01
-6.905178427696228027e-01 2.848088502883911133e+00 7.243491411209106445e-01
-7.607037425041198730e-01 2.878540277481079102e+00 7.201115489006042480e-01
-8.149091601371765137e-01 2.902103662490844727e+00 7.147224545478820801e-01
-9.195464849472045898e-01 2.947665214538574219e+00 7.011340856552124023e-01
-9.824128150939941406e-01 2.975134372711181641e+00 6.892204284667968750e-01
-1.036191105842590332e+00 2.998689889907836914e+00 6.770601868629455566e-01
-1.126902937889099121e+00 3.038513183593750000e+00 6.536563634872436523e-01
-1.197206258773803711e+00 3.069505453109741211e+00 6.316472887992858887e-01
-1.274920225143432617e+00 3.103889226913452148e+00 6.038905978202819824e-01
-1.330498218536376953e+00 3.128588199615478516e+00 5.812373757362365723e-01
-1.420818328857421875e+00 3.168867349624633789e+00 5.410452485084533691e-01
-1.499039053916931152e+00 3.203966617584228516e+00 5.012903809547424316e-01
-1.562587022781372070e+00 3.232654809951782227e+00 4.653106927871704102e-01
-1.637465715408325195e+00 3.266643285751342773e+00 4.191950857639312744e-01
-1.683762550354003906e+00 3.287807226181030273e+00 3.878169357776641846e-01
-1.750556111335754395e+00 3.318489789962768555e+00 3.398360908031463623e-01
-1.826942324638366699e+00 3.353845357894897461e+00 2.802485823631286621e-01
-1.868773221969604492e+00 3.373394727706909180e+00 2.444312721490859985e-01
-1.940869688987731934e+00 3.407289028167724609e+00 1.794512271881103516e-01
-1.985917687416076660e+00 3.428704261779785156e+00 1.351038217544555664e-01
-2.041150093078613281e+00 3.455167770385742188e+00 7.759070396423339844e-02
-2.110316753387451172e+00 3.488659381866455078e+00 3.638565540313720703e-04
-2.138066768646240234e+00 3.502297878265380859e+00 -3.351898863911628723e-02
-2.221158266067504883e+00 3.550157546997070312e+00 5.434330180287361145e-02
-2.289936780929565430e+00 3.589582681655883789e+00 1.205863356590270996e-01
-2.375612258911132812e+00 3.638526916503906250e+00 1.970376372337341309e-01
-2.446729421615600586e+00 3.679004669189453125e+00 2.547073960304260254e-01
-2.549769163131713867e+00 3.737498283386230469e+00 3.318345546722412109e-01
-2.646540880203247070e+00 3.792252063751220703e+00 3.961024880409240723e-01
-2.729612350463867188e+00 3.839133977890014648e+00 4.451799392700195312e-01
-2.785966157913208008e+00 3.870880126953125000e+00 4.751383364200592041e-01
-2.914202213287353516e+00 3.943045616149902344e+00 5.383859872817993164e-01
-2.973705291748046875e+00 3.976463079452514648e+00 5.627263188362121582e-01
-3.047439813613891602e+00 4.017845153808593750e+00 5.901501774787902832e-01
-3.165860414505004883e+00 4.084260940551757812e+00 6.288700103759765625e-01
-3.246842622756958008e+00 4.129642963409423828e+00 6.496551036834716797e-01
-3.336971521377563477e+00 4.180138587951660156e+00 6.685781478881835938e-01
-3.386618137359619141e+00 4.207952022552490234e+00 6.764615774154663086e-01
-3.494857788085937500e+00 4.268597602844238281e+00 6.906358003616333008e-01
-3.611623525619506836e+00 4.334046363830566406e+00 6.988722681999206543e-01
-3.674965143203735352e+00 4.369579315185546875e+00 6.992314457893371582e-01
-3.775961160659790039e+00 4.426273822784423828e+00 6.962487101554870605e-01
-3.857118606567382812e+00 4.471890449523925781e+00 6.892642974853515625e-01
-3.962173938751220703e+00 4.531017780303955078e+00 6.753951311111450195e-01
-4.010112762451171875e+00 4.558053493499755859e+00 6.661640405654907227e-01
-4.115995883941650391e+00 4.617833614349365234e+00 6.427915692329406738e-01
-4.170180797576904297e+00 4.648508548736572266e+00 6.273842453956604004e-01
-4.292426586151123047e+00 4.717826843261718750e+00 5.885220766067504883e-01
-4.377559661865234375e+00 4.766297340393066406e+00 5.547912120819091797e-01
-4.414077281951904297e+00 4.787159442901611328e+00 5.382219552993774414e-01
-4.535131454467773438e+00 4.856430053710937500e+00 4.801902472972869873e-01
-4.596984863281250000e+00 4.892033100128173828e+00 4.450471103191375732e-01
-4.655969142913818359e+00 4.926105976104736328e+00 4.086594581604003906e-01
-4.749314785003662109e+00 4.980231285095214844e+00 3.465123474597930908e-01
-4.809337615966796875e+00 5.015265464782714844e+00 3.015995025634765625e-01
-4.893604755401611328e+00 5.064692974090576172e+00 2.336921840906143188e-01
-4.961091518402099609e+00 5.104585647583007812e+00 1.734085083007812500e-01
-5.047127723693847656e+00 5.155809402465820312e+00 8.990491926670074463e-02
-5.113169670104980469e+00 5.195546150207519531e+00 1.857121288776397705e-02
-5.166665077209472656e+00 5.228044033050537109e+00 -4.432306438684463501e-02
-5.215468883514404297e+00 5.262903690338134766e+00 4.909131675958633423e-03
-5.375620365142822266e+00 5.376943111419677734e+00 1.579018086194992065e-01
-5.453829765319824219e+00 5.432126998901367188e+00 2.200405299663543701e-01
-5.501280784606933594e+00 5.465488433837890625e+00 2.544943392276763916e-01
-5.663718700408935547e+00 5.579470157623291016e+00 3.660745322704315186e-01
-5.715798377990722656e+00 5.615789413452148438e+00 3.952436745166778564e-01
-5.850686073303222656e+00 5.709705829620361328e+00 4.657701253890991211e-01
-5.946505069732666016e+00 5.776164054870605469e+00 5.069749355316162109e-01
-6.048764228820800781e+00 5.846928596496582031e+00 5.445882678031921387e-01
-6.195820331573486328e+00 5.948479175567626953e+00 5.892653465270996094e-01
-6.264624118804931641e+00 5.995870113372802734e+00 6.040413975715637207e-01
-6.341279029846191406e+00 6.048620223999023438e+00 6.174046993255615234e-01
-6.524149894714355469e+00 6.174351692199707031e+00 6.411339044570922852e-01
-6.629576683044433594e+00 6.246710300445556641e+00 6.436818242073059082e-01
-6.716529369354248047e+00 6.306358814239501953e+00 6.405218839645385742e-01
-6.804708003997802734e+00 6.366837501525878906e+00 6.328908205032348633e-01
-6.878874301910400391e+00 6.417706966400146484e+00 6.226549744606018066e-01
-7.042353153228759766e+00 6.529857635498046875e+00 5.929106473922729492e-01
-7.086548805236816406e+00 6.560202598571777344e+00 5.804674625396728516e-01
-7.188368797302246094e+00 6.630144119262695312e+00 5.489587783813476562e-01
-7.326546192169189453e+00 6.725176811218261719e+00 4.970701336860656738e-01
-7.395038604736328125e+00 6.772388935089111328e+00 4.648653268814086914e-01
-7.479638576507568359e+00 6.830793380737304688e+00 4.208583235740661621e-01
-7.605163097381591797e+00 6.917643070220947266e+00 3.474168479442596436e-01
-7.675341606140136719e+00 6.966393947601318359e+00 2.990661859512329102e-01
-7.765727519989013672e+00 7.029361724853515625e+00 2.310332953929901123e-01
-7.845695018768310547e+00 7.085310935974121094e+00 1.637362539768218994e-01
-7.936946392059326172e+00 7.149448871612548828e+00 7.901287823915481567e-02
-8.048320770263671875e+00 7.228224277496337891e+00 -3.673990815877914429e-02
-8.128117561340332031e+00 7.285208702087402344e+00 -1.322294771671295166e-01
-8.213068008422851562e+00 7.357729434967041016e+00 -4.777832329273223877e-02
-8.339950561523437500e+00 7.465257644653320312e+00 6.650982797145843506e-02
-8.418082237243652344e+00 7.530828952789306641e+00 1.270365267992019653e-01
-8.549334526062011719e+00 7.640404224395751953e+00 2.195497900247573853e-01
-8.699466705322265625e+00 7.764734745025634766e+00 3.089559674263000488e-01
-8.862981796264648438e+00 7.899053573608398438e+00 3.876392841339111328e-01
-9.019121170043945312e+00 8.026325225830078125e+00 4.448484778404235840e-01
-9.140663146972656250e+00 8.124755859375000000e+00 4.769019186496734619e-01
-9.254019737243652344e+00 8.216146469116210938e+00 4.981212019920349121e-01
-9.360619544982910156e+00 8.301761627197265625e+00 5.106381177902221680e-01
-9.568498611450195312e+00 8.468165397644042969e+00 5.215783119201660156e-01
-9.658336639404296875e+00 8.539646148681640625e+00 5.149436593055725098e-01
-9.831631660461425781e+00 8.677223205566406250e+00 4.926249086856842041e-01
-9.939305305480957031e+00 8.762359619140625000e+00 4.670684933662414551e-01
-1.009135532379150391e+01 8.882328033447265625e+00 4.203423559665679932e-01
-1.023366546630859375e+01 8.994305610656738281e+00 3.618687689304351807e-01
-1.035656547546386719e+01 9.090807914733886719e+00 2.985790371894836426e-01
-1.043791103363037109e+01 9.154593467712402344e+00 2.487455308437347412e-01
-1.055038833618164062e+01 9.242736816406250000e+00 1.719622611999511719e-01
-1.063890171051025391e+01 9.312062263488769531e+00 1.022256463766098022e-01
-1.080193519592285156e+01 9.439753532409667969e+00 -4.123724997043609619e-02
-1.086266422271728516e+01 9.487355232238769531e+00 -1.065612882375717163e-01
-1.098811054229736328e+01 9.606238365173339844e+00 1.741874217987060547e-02
-1.120768260955810547e+01 9.811191558837890625e+00 2.032548338174819946e-01
-1.134751701354980469e+01 9.938735008239746094e+00 2.918070554733276367e-01
-1.159282588958740234e+01 1.015969753265380859e+01 4.189912080764770508e-01
-1.179510784149169922e+01 1.033827209472656250e+01 4.868220388889312744e-01
-1.195481872558593750e+01 1.047717571258544922e+01 5.186166167259216309e-01
-1.210770988464355469e+01 1.060867977142333984e+01 5.334294438362121582e-01
-1.243478775024414062e+01 1.088711547851562500e+01 5.337780714035034180e-01
-1.259733390808105469e+01 1.102245140075683594e+01 5.003070235252380371e-01
-1.279059410095214844e+01 1.118160820007324219e+01 4.400543570518493652e-01
-1.290081596374511719e+01 1.127116012573242188e+01 3.909884393215179443e-01
-1.312726593017578125e+01 1.145367336273193359e+01 2.716885209083557129e-01
-1.325314712524414062e+01 1.155332088470458984e+01 1.820205152034759521e-01
-1.337221336364746094e+01 1.164653491973876953e+01 8.297426998615264893e-02
-1.350908851623535156e+01 1.175245189666748047e+01 -4.849636554718017578e-02
-1.366841220855712891e+01 1.187386703491210938e+01 -2.292410284280776978e-01
-1.394255924224853516e+01 1.212308216094970703e+01 -2.795536816120147705e-02
-1.452455043792724609e+01 1.262744617462158203e+01 2.638991475105285645e-01
-1.461251640319824219e+01 1.269713878631591797e+01 2.732090353965759277e-01
-1.508794689178466797e+01 1.306920242309570312e+01 3.003222048282623291e-01
-1.544356060028076172e+01 1.332855796813964844e+01 2.257435917854309082e-01
-1.573735713958740234e+01 1.353052616119384766e+01 1.042602807283401489e-01
-1.611761665344238281e+01 1.377711963653564453e+01 -1.239783763885498047e-01
-1.630092430114746094e+01 1.388462257385253906e+01 -2.880230545997619629e-01
-1.775335121154785156e+01 1.493648433685302734e+01 4.828496575355529785e-01
-1.847387313842773438e+01 1.528793621063232422e+01 2.587566673755645752e-01
-1.965157699584960938e+01 1.573021125793457031e+01 -5.216164588928222656e-01
-2.028935050964355469e+01 1.573444175720214844e+01 -1.663964390754699707e+00
-6.530123138427734375e+01 -1.585245208740234375e+02 -7.888236999511718750e+01
2.921656227568025600e+16 9.458427981987840000e+14 -2.771399158949478400e+16
nan nan nan
nan nan nan
nan nan nan
nan nan nan
nan nan nan
nan nan nan
nan nan nan
nan nan nan
nan nan nan
nan nan nan
nan nan nan
nan nan nan
nan nan nan
nan nan nan
nan nan nan
nan nan nan
nan nan nan
nan nan nan
nan nan nan
nan nan nan
nan nan nan
nan nan nan
nan nan nan
nan nan nan
nan nan nan
nan nan nan
nan nan nan
nan nan nan
nan nan nan
nan nan nan
nan nan nan
nan nan nan
nan nan nan
nan nan nan
nan nan nan
nan nan nan
nan nan nan
nan nan nan
nan nan nan
nan nan nan
nan nan nan
nan nan nan
