2.336949729919433594e+01 -2.383978366851806641e-01 2.593953311443328857e-01
2.327641487121582031e+01 -2.518703341484069824e-01 3.194439113140106201e-01
2.306060218811035156e+01 -2.831570506095886230e-01 4.577933251857757568e-01
2.293819236755371094e+01 -3.009684085845947266e-01 5.350961089134216309e-01
2.274117279052734375e+01 -3.296933472156524658e-01 6.584306359291076660e-01
2.264044761657714844e+01 -3.444250822067260742e-01 7.205756902694702148e-01
2.250062751770019531e+01 -3.649066090583801270e-01 8.061882853507995605e-01
2.231937789916992188e+01 -3.915129899978637695e-01 9.159761071205139160e-01
2.228082847595214844e+01 -3.971869945526123047e-01 9.389925599098205566e-01
2.212409591674804688e+01 -4.202682673931121826e-01 1.032278299331665039e+00
2.194748115539550781e+01 -4.463347196578979492e-01 1.136044621467590332e+00
2.184984397888183594e+01 -4.607792794704437256e-01 1.192550778388977051e+00
2.171318054199218750e+01 -4.810231328010559082e-01 1.270970225334167480e+00
2.152322387695312500e+01 -5.092101693153381348e-01 1.378644347190856934e+00
2.142515754699707031e+01 -5.237958431243896484e-01 1.433263182640075684e+00
2.134457397460937500e+01 -5.357947349548339844e-01 1.477727174758911133e+00
2.119369316101074219e+01 -5.582814216613769531e-01 1.560332298278808594e+00
2.108949470520019531e+01 -5.738365054130554199e-01 1.616530776023864746e+00
2.091323280334472656e+01 -6.001782417297363281e-01 1.710591197013854980e+00
2.082567024230957031e+01 -6.132875084877014160e-01 1.756459832191467285e+00
2.063179588317871094e+01 -6.423376798629760742e-01 1.857063770294189453e+00
2.053553390502929688e+01 -6.567873954772949219e-01 1.905946373939514160e+00
2.046328926086425781e+01 -6.676408648490905762e-01 1.942228555679321289e+00
2.031695365905761719e+01 -6.896381974220275879e-01 2.015100002288818359e+00
2.016474533081054688e+01 -7.125449180603027344e-01 2.089572429656982422e+00
2.007129669189453125e+01 -7.266244292259216309e-01 2.134435415267944336e+00
1.993457412719726562e+01 -7.472370862960815430e-01 2.199291229248046875e+00
1.977826309204101562e+01 -7.708240747451782227e-01 2.272113561630249023e+00
1.971314620971679688e+01 -7.806591987609863281e-01 2.301807880401611328e+00
1.959736824035644531e+01 -7.981523871421813965e-01 2.354123830795288086e+00
1.943613624572753906e+01 -8.225274085998535156e-01 2.425774574279785156e+00
1.936707305908203125e+01 -8.329761624336242676e-01 2.455736875534057617e+00
1.927450180053710938e+01 -8.469849824905395508e-01 2.495473146438598633e+00
1.915117835998535156e+01 -8.656535744667053223e-01 2.547645807266235352e+00
1.896876907348632812e+01 -8.932766318321228027e-01 2.623290061950683594e+00
1.885837554931640625e+01 -9.100013375282287598e-01 2.667680501937866211e+00
1.881016349792480469e+01 -9.173066020011901855e-01 2.686693668365478516e+00
1.867049217224121094e+01 -9.384708404541015625e-01 2.741298675537109375e+00
1.859726905822753906e+01 -9.495671987533569336e-01 2.769193887710571289e+00
1.844127464294433594e+01 -9.732065796852111816e-01 2.827794790267944336e+00
1.837541198730468750e+01 -9.831866621971130371e-01 2.851782798767089844e+00
1.827943420410156250e+01 -9.977285861968994141e-01 2.886269092559814453e+00
1.810632514953613281e+01 -1.023952364921569824e+00 2.947222471237182617e+00
1.804274368286132812e+01 -1.033580183982849121e+00 2.968770265579223633e+00
1.795563697814941406e+01 -1.046767950057983398e+00 2.997863292694091797e+00
1.779027557373046875e+01 -1.071795225143432617e+00 3.051968812942504883e+00
1.769256973266601562e+01 -1.086572885513305664e+00 3.082658052444458008e+00
1.759608268737792969e+01 -1.101159214973449707e+00 3.112206220626831055e+00
1.747519874572753906e+01 -1.119423627853393555e+00 3.148276090621948242e+00
1.740794563293457031e+01 -1.129577517509460449e+00 3.167673110961914062e+00
1.733602523803710938e+01 -1.140430927276611328e+00 3.188012838363647461e+00
1.724082183837890625e+01 -1.154790639877319336e+00 3.214361667633056641e+00
1.712038993835449219e+01 -1.172942399978637695e+00 3.246719121932983398e+00
1.703959655761718750e+01 -1.185107707977294922e+00 3.267589092254638672e+00
1.690570449829101562e+01 -1.205253720283508301e+00 3.301232576370239258e+00
1.684861564636230469e+01 -1.213832855224609375e+00 3.314902782440185547e+00
1.671791267395019531e+01 -1.233463048934936523e+00 3.345534324645996094e+00
1.664185905456542969e+01 -1.244869828224182129e+00 3.362460136413574219e+00
1.653131484985351562e+01 -1.261435389518737793e+00 3.386292934417724609e+00
1.641270256042480469e+01 -1.279186844825744629e+00 3.410651683807373047e+00
1.634265327453613281e+01 -1.289655089378356934e+00 3.424257516860961914e+00
1.624932289123535156e+01 -1.303589820861816406e+00 3.441764831542968750e+00
1.610737991333007812e+01 -1.324756145477294922e+00 3.467120647430419922e+00
1.603491783142089844e+01 -1.335540175437927246e+00 3.479063749313354492e+00
1.595787143707275391e+01 -1.346994280815124512e+00 3.491211891174316406e+00
1.586148738861083984e+01 -1.361306667327880859e+00 3.505670070648193359e+00
1.576750946044921875e+01 -1.375240921974182129e+00 3.518856048583984375e+00
1.572009754180908203e+01 -1.382260203361511230e+00 3.525054693222045898e+00
1.562595844268798828e+01 -1.396186828613281250e+00 3.536904096603393555e+00
1.549576473236083984e+01 -1.415417194366455078e+00 3.552021741867065430e+00
1.542722892761230469e+01 -1.425517797470092773e+00 3.559041738510131836e+00
1.536073589324951172e+01 -1.435305714607238770e+00 3.565367698669433594e+00
1.525587368011474609e+01 -1.450723528861999512e+00 3.574595689773559570e+00
1.518027400970458984e+01 -1.461817860603332520e+00 3.580388307571411133e+00
1.503905296325683594e+01 -1.482513666152954102e+00 3.590037107467651367e+00
1.500209712982177734e+01 -1.487915396690368652e+00 3.591981172561645508e+00
1.492045497894287109e+01 -1.499840259552001953e+00 3.595936298370361328e+00
1.480250263214111328e+01 -1.517042398452758789e+00 3.600558280944824219e+00
1.472505378723144531e+01 -1.528312325477600098e+00 3.602543354034423828e+00
1.463745880126953125e+01 -1.541039943695068359e+00 3.603999376296997070e+00
1.456333732604980469e+01 -1.551791906356811523e+00 3.604467868804931641e+00
1.447826766967773438e+01 -1.564114809036254883e+00 3.604256153106689453e+00
1.437522602081298828e+01 -1.579017400741577148e+00 3.602946996688842773e+00
1.432988929748535156e+01 -1.585561752319335938e+00 3.601803064346313477e+00
1.423675155639648438e+01 -1.598994970321655273e+00 3.598934412002563477e+00
1.411938095092773438e+01 -1.615894794464111328e+00 3.593964576721191406e+00
1.408829212188720703e+01 -1.620361924171447754e+00 3.592189550399780273e+00
1.400146198272705078e+01 -1.632831573486328125e+00 3.586889028549194336e+00
1.392831134796142578e+01 -1.643321156501770020e+00 3.581610679626464844e+00
1.385990715026855469e+01 -1.653118252754211426e+00 3.576027631759643555e+00
1.376538944244384766e+01 -1.666640520095825195e+00 3.567468404769897461e+00
1.370107555389404297e+01 -1.675827980041503906e+00 3.560841083526611328e+00
1.361645412445068359e+01 -1.687904953956604004e+00 3.551394224166870117e+00
1.352620124816894531e+01 -1.700769901275634766e+00 3.540287494659423828e+00
1.347030258178710938e+01 -1.708727955818176270e+00 3.532718896865844727e+00
1.334898948669433594e+01 -1.725986480712890625e+00 3.515356540679931641e+00
1.327056884765625000e+01 -1.737125992774963379e+00 3.502801656723022461e+00
1.321829891204833984e+01 -1.744544148445129395e+00 3.493851661682128906e+00
1.310884380340576172e+01 -1.760069489479064941e+00 3.474289894104003906e+00
1.305254554748535156e+01 -1.768046021461486816e+00 3.463334321975708008e+00
1.297457122802734375e+01 -1.779088020324707031e+00 3.447516202926635742e+00
1.293330860137939453e+01 -1.784927368164062500e+00 3.438668012619018555e+00
1.282201766967773438e+01 -1.800671815872192383e+00 3.414116382598876953e+00
1.274293136596679688e+01 -1.811850905418395996e+00 3.395336627960205078e+00
1.271149253845214844e+01 -1.816292762756347656e+00 3.387489080429077148e+00
1.261335277557373047e+01 -1.830155849456787109e+00 3.362514257431030273e+00
1.253824424743652344e+01 -1.840760111808776855e+00 3.342246770858764648e+00
1.249213504791259766e+01 -1.847268104553222656e+00 3.329255104064941406e+00
1.241156196594238281e+01 -1.858638286590576172e+00 3.305958271026611328e+00
1.236230468750000000e+01 -1.865587592124938965e+00 3.291074037551879883e+00
1.228783988952636719e+01 -1.876092076301574707e+00 3.267973184585571289e+00
1.222425270080566406e+01 -1.885060787200927734e+00 3.247465610504150391e+00
1.212715148925781250e+01 -1.898755431175231934e+00 3.215119123458862305e+00
1.205465412139892578e+01 -1.908979535102844238e+00 3.189778804779052734e+00
1.197025108337402344e+01 -1.920882821083068848e+00 3.159228324890136719e+00
1.192252445220947266e+01 -1.927614092826843262e+00 3.141254425048828125e+00
1.187000370025634766e+01 -1.935022115707397461e+00 3.121035337448120117e+00
1.181336402893066406e+01 -1.943011999130249023e+00 3.098704099655151367e+00
1.170194435119628906e+01 -1.958731412887573242e+00 3.053648710250854492e+00
1.165696811676025391e+01 -1.965078711509704590e+00 3.034554719924926758e+00
1.157698822021484375e+01 -1.976367831230163574e+00 2.999940633773803711e+00
1.154914665222167969e+01 -1.980298876762390137e+00 2.987478971481323242e+00
1.145860290527343750e+01 -1.993084788322448730e+00 2.946480512619018555e+00
1.140185928344726562e+01 -2.001101255416870117e+00 2.919816732406616211e+00
1.135229969024658203e+01 -2.008104801177978516e+00 2.895991325378417969e+00
1.124925136566162109e+01 -2.022671461105346680e+00 2.845465660095214844e+00
1.119864273071289062e+01 -2.029829740524291992e+00 2.819632768630981445e+00
1.114401626586914062e+01 -2.037559032440185547e+00 2.791201353073120117e+00
1.105663394927978516e+01 -2.049927711486816406e+00 2.744767189025878906e+00
1.101170063018798828e+01 -2.056291818618774414e+00 2.720095634460449219e+00
1.097116565704345703e+01 -2.062035083770751953e+00 2.697466373443603516e+00
1.086170864105224609e+01 -2.077548265457153320e+00 2.635446071624755859e+00
1.083384704589843750e+01 -2.081500530242919922e+00 2.619022130966186523e+00
1.074373817443847656e+01 -2.094286203384399414e+00 2.565372943878173828e+00
1.068318557739257812e+01 -2.102884769439697266e+00 2.528154850006103516e+00
1.065407943725585938e+01 -2.107020139694213867e+00 2.509883403778076172e+00
1.057818126678466797e+01 -2.117806911468505859e+00 2.461755514144897461e+00
1.053873538970947266e+01 -2.123417139053344727e+00 2.436082363128662109e+00
1.046350288391113281e+01 -2.134121179580688477e+00 2.386456966400146484e+00
1.038582611083984375e+01 -2.145180940628051758e+00 2.333904743194580078e+00
1.034993362426757812e+01 -2.150295495986938477e+00 2.308984994888305664e+00
1.029649257659912109e+01 -2.157913446426391602e+00 2.271439552307128906e+00
1.021937465667724609e+01 -2.168912649154663086e+00 2.216301441192626953e+00
1.015958881378173828e+01 -2.177446603775024414e+00 2.172470569610595703e+00
1.009510421752929688e+01 -2.186657428741455078e+00 2.124275922775268555e+00
1.003356075286865234e+01 -2.195454120635986328e+00 2.077322721481323242e+00
9.979080200195312500e+00 -2.203246593475341797e+00 2.034939765930175781e+00
9.915198326110839844e+00 -2.212389230728149414e+00 1.984384417533874512e+00
9.886672973632812500e+00 -2.216474533081054688e+00 1.961355447769165039e+00
9.814435958862304688e+00 -2.226823568344116211e+00 1.902517795562744141e+00
9.767682075500488281e+00 -2.233527183532714844e+00 1.863577604293823242e+00
9.684896469116210938e+00 -2.245403528213500977e+00 1.793632626533508301e+00
9.652541160583496094e+00 -2.250049591064453125e+00 1.765598297119140625e+00
9.574341773986816406e+00 -2.261282444000244141e+00 1.697176575660705566e+00
9.527821540832519531e+00 -2.267970561981201172e+00 1.655505299568176270e+00
9.475431442260742188e+00 -2.275506734848022461e+00 1.607918858528137207e+00
9.430963516235351562e+00 -2.281907081604003906e+00 1.566894531250000000e+00
9.378972053527832031e+00 -2.289394140243530273e+00 1.518293380737304688e+00
9.321636199951171875e+00 -2.297655344009399414e+00 1.463870048522949219e+00
9.278102874755859375e+00 -2.303931951522827148e+00 1.421847462654113770e+00
9.198941230773925781e+00 -2.315350770950317383e+00 1.344456911087036133e+00
9.150768280029296875e+00 -2.322305440902709961e+00 1.296267867088317871e+00
9.097935676574707031e+00 -2.329936981201171875e+00 1.242677450180053711e+00
9.061054229736328125e+00 -2.335267305374145508e+00 1.204694271087646484e+00
9.024101257324218750e+00 -2.340610265731811523e+00 1.166233420372009277e+00
8.946930885314941406e+00 -2.351772069931030273e+00 1.085062980651855469e+00
8.908173561096191406e+00 -2.357382297515869141e+00 1.043392658233642578e+00
8.836730957031250000e+00 -2.367727994918823242e+00 9.657321572303771973e-01
8.789580345153808594e+00 -2.374560832977294922e+00 9.134352803230285645e-01
8.764665603637695312e+00 -2.378173112869262695e+00 8.854322433471679688e-01
8.695908546447753906e+00 -2.388143777847290039e+00 8.076125383377075195e-01
8.642251014709472656e+00 -2.395929813385009766e+00 7.457045316696166992e-01
8.597452163696289062e+00 -2.402433633804321289e+00 6.932400465011596680e-01
8.550139427185058594e+00 -2.409305095672607422e+00 6.371380090713500977e-01
8.512139320373535156e+00 -2.414826154708862305e+00 5.914855599403381348e-01
8.462849617004394531e+00 -2.421989917755126953e+00 5.316450595855712891e-01
8.393391609191894531e+00 -2.432089090347290039e+00 4.461662769317626953e-01
8.373988151550292969e+00 -2.434911727905273438e+00 4.218278527259826660e-01
8.296467781066894531e+00 -2.446190595626831055e+00 3.240728378295898438e-01
8.258290290832519531e+00 -2.451748371124267578e+00 2.748989164829254150e-01
8.195126533508300781e+00 -2.460945606231689453e+00 1.926911771297454834e-01
8.145577430725097656e+00 -2.468163251876831055e+00 1.270847618579864502e-01
8.111133575439453125e+00 -2.473181724548339844e+00 8.086229860782623291e-02
8.073740005493164062e+00 -2.478631019592285156e+00 3.021099418401718140e-02
8.024822235107421875e+00 -2.485760927200317383e+00 -3.672459721565246582e-02
7.992185115814208984e+00 -2.486793279647827148e+00 1.332217827439308167e-02
7.953342914581298828e+00 -2.488061428070068359e+00 7.055848836898803711e-02
7.893620014190673828e+00 -2.490077495574951172e+00 1.545804440975189209e-01
7.841177463531494141e+00 -2.491926908493041992e+00 2.233947217464447021e-01
7.815503597259521484e+00 -2.492861270904541016e+00 2.551455497741699219e-01
7.763877868652343750e+00 -2.494765281677246094e+00 3.172117769718170166e-01
7.712122440338134766e+00 -2.496720790863037109e+00 3.760094046592712402e-01
7.651223182678222656e+00 -2.499069929122924805e+00 4.414272308349609375e-01
7.632552146911621094e+00 -2.499805212020874023e+00 4.602135419845581055e-01
7.580061912536621094e+00 -2.501883506774902344e+00 5.119951367378234863e-01
7.503821849822998047e+00 -2.504944562911987305e+00 5.831133723258972168e-01
7.488819599151611328e+00 -2.505557298660278320e+00 5.960065722465515137e-01
7.413472175598144531e+00 -2.508642911911010742e+00 6.597365140914916992e-01
7.362815856933593750e+00 -2.510743141174316406e+00 6.992097496986389160e-01
7.321587562561035156e+00 -2.512463092803955078e+00 7.295967340469360352e-01
7.265815734863281250e+00 -2.514798879623413086e+00 7.688582539558410645e-01
7.196799755096435547e+00 -2.517701625823974609e+00 8.144552111625671387e-01
7.172858238220214844e+00 -2.518712043762207031e+00 8.290412425994873047e-01
7.116515159606933594e+00 -2.521091222763061523e+00 8.623990416526794434e-01
7.050586700439453125e+00 -2.523876905441284180e+00 8.988146185874938965e-01
7.000727176666259766e+00 -2.525982141494750977e+00 9.241132736206054688e-01
6.938974857330322266e+00 -2.528585195541381836e+00 9.534129500389099121e-01
6.868876457214355469e+00 -2.531530380249023438e+00 9.838830232620239258e-01
6.813826560974121094e+00 -2.533831357955932617e+00 1.005391240119934082e+00
6.788780689239501953e+00 -2.534872531890869141e+00 1.014333367347717285e+00
6.730082035064697266e+00 -2.537305355072021484e+00 1.034405946731567383e+00
6.680572509765625000e+00 -2.539342164993286133e+00 1.049604535102844238e+00
6.590590476989746094e+00 -2.543017148971557617e+00 1.074615120887756348e+00
6.558237552642822266e+00 -2.544318914413452148e+00 1.081924200057983398e+00
6.499825000762939453e+00 -2.546654462814331055e+00 1.094046115875244141e+00
6.427848339080810547e+00 -2.549496889114379883e+00 1.106607079505920410e+00
6.384637355804443359e+00 -2.551174640655517578e+00 1.112405419349670410e+00
6.346067905426025391e+00 -2.552655220031738281e+00 1.116654396057128906e+00
6.275630474090576172e+00 -2.555329799652099609e+00 1.122908473014831543e+00
6.210864543914794922e+00 -2.557736873626708984e+00 1.126134991645812988e+00
6.150825500488281250e+00 -2.559919595718383789e+00 1.126977920532226562e+00
6.098159790039062500e+00 -2.561791658401489258e+00 1.125968933105468750e+00
6.065801620483398438e+00 -2.562917232513427734e+00 1.124403953552246094e+00
6.001835823059082031e+00 -2.565110206604003906e+00 1.120158791542053223e+00
5.927278041839599609e+00 -2.567589998245239258e+00 1.112543106079101562e+00
5.865546226501464844e+00 -2.569564104080200195e+00 1.103638648986816406e+00
5.847157955169677734e+00 -2.570131063461303711e+00 1.100337386131286621e+00
5.792491912841796875e+00 -2.571796417236328125e+00 1.089942932128906250e+00
5.711676120758056641e+00 -2.574168443679809570e+00 1.072006464004516602e+00
5.661631107330322266e+00 -2.575549840927124023e+00 1.058505773544311523e+00
5.624686241149902344e+00 -2.576525926589965820e+00 1.047421097755432129e+00
5.554287433624267578e+00 -2.578321218490600586e+00 1.024701356887817383e+00
5.483158588409423828e+00 -2.580004692077636719e+00 9.986112713813781738e-01
5.445049285888671875e+00 -2.580830335617065430e+00 9.828842282295227051e-01
5.400462150573730469e+00 -2.581744432449340820e+00 9.633563756942749023e-01
5.333059787750244141e+00 -2.583030462265014648e+00 9.317998290061950684e-01
5.307022094726562500e+00 -2.583467960357666016e+00 9.183853268623352051e-01
5.248047351837158203e+00 -2.584403276443481445e+00 8.868960142135620117e-01
5.193294525146484375e+00 -2.585149526596069336e+00 8.552795648574829102e-01
5.144634246826171875e+00 -2.585704326629638672e+00 8.251373767852783203e-01
5.079418182373046875e+00 -2.586309194564819336e+00 7.822079062461853027e-01
5.055418968200683594e+00 -2.586458444595336914e+00 7.651061415672302246e-01
5.016670703887939453e+00 -2.586652278900146484e+00 7.366843819618225098e-01
4.936988353729248047e+00 -2.586888074874877930e+00 6.754769682884216309e-01
4.916682720184326172e+00 -2.586856603622436523e+00 6.583580970764160156e-01
4.865035057067871094e+00 -2.586710929870605469e+00 6.137659549713134766e-01
4.814721584320068359e+00 -2.586398839950561523e+00 5.676345825195312500e-01
4.755113601684570312e+00 -2.585814952850341797e+00 5.096804499626159668e-01
4.727311611175537109e+00 -2.585412979125976562e+00 4.806968271732330322e-01
4.687941074371337891e+00 -2.584749698638916016e+00 4.382724463939666748e-01
4.641869544982910156e+00 -2.583807706832885742e+00 3.862294852733612061e-01
4.588776588439941406e+00 -2.582479715347290039e+00 3.228030800819396973e-01
4.554212093353271484e+00 -2.581413745880126953e+00 2.787022292613983154e-01
4.535652160644531250e+00 -2.580762863159179688e+00 2.539511919021606445e-01
4.478247165679931641e+00 -2.578609943389892578e+00 1.755162477493286133e-01
4.440526008605957031e+00 -2.576889514923095703e+00 1.198949813842773438e-01
4.409188270568847656e+00 -2.575269222259521484e+00 7.119293510913848877e-02
4.375434398651123047e+00 -2.573334693908691406e+00 1.630414649844169617e-02
4.333382606506347656e+00 -2.568234205245971680e+00 6.662338972091674805e-02
4.273427009582519531e+00 -2.561049699783325195e+00 1.351642608642578125e-01
4.216537952423095703e+00 -2.554340124130249023e+00 1.961470544338226318e-01
4.189146041870117188e+00 -2.551152706146240234e+00 2.237977087497711182e-01
4.129009246826171875e+00 -2.544196367263793945e+00 2.827987968921661377e-01
4.076516151428222656e+00 -2.538198471069335938e+00 3.311671018600463867e-01
3.991469383239746094e+00 -2.528574466705322266e+00 4.053703248500823975e-01
3.941583871841430664e+00 -2.523009300231933594e+00 4.451743662357330322e-01
3.894303321838378906e+00 -2.517772674560546875e+00 4.809713959693908691e-01
3.818324804306030273e+00 -2.509410381317138672e+00 5.356773734092712402e-01
3.764208793640136719e+00 -2.503508806228637695e+00 5.715500712394714355e-01
3.694912910461425781e+00 -2.495994806289672852e+00 6.148061752319335938e-01
3.674877643585205078e+00 -2.493836402893066406e+00 6.263581514358520508e-01
3.593259572982788086e+00 -2.485058069229125977e+00 6.723328828811645508e-01
3.522239685058593750e+00 -2.477467298507690430e+00 7.085676193237304688e-01
3.485004186630249023e+00 -2.473505258560180664e+00 7.259166836738586426e-01
3.417016983032226562e+00 -2.466284751892089844e+00 7.560628652572631836e-01
3.349931716918945312e+00 -2.459181785583496094e+00 7.831035852432250977e-01
3.268259048461914062e+00 -2.450554370880126953e+00 8.128617405891418457e-01
3.220248460769653320e+00 -2.445492744445800781e+00 8.281477689743041992e-01
3.156934976577758789e+00 -2.438821792602539062e+00 8.466350436210632324e-01
3.096526384353637695e+00 -2.432459115982055664e+00 8.622004389762878418e-01
3.043082714080810547e+00 -2.426828861236572266e+00 8.742474317550659180e-01
2.943938732147216797e+00 -2.416377782821655273e+00 8.938013911247253418e-01
2.910897731781005859e+00 -2.412888288497924805e+00 8.986080288887023926e-01
2.834249019622802734e+00 -2.404784440994262695e+00 9.084530472755432129e-01
2.791704893112182617e+00 -2.400273561477661133e+00 9.122420549392700195e-01
2.713256835937500000e+00 -2.391938686370849609e+00 9.175230860710144043e-01
2.625549554824829102e+00 -2.382580995559692383e+00 9.199138879776000977e-01
2.557255268096923828e+00 -2.375253200531005859e+00 9.187157154083251953e-01
2.525935411453247070e+00 -2.371875047683715820e+00 9.170700907707214355e-01
2.473128557205200195e+00 -2.366163730621337891e+00 9.134445190429687500e-01
2.401934862136840820e+00 -2.358426332473754883e+00 9.066128134727478027e-01
2.338505029678344727e+00 -2.351483821868896484e+00 8.981712460517883301e-01
2.260175943374633789e+00 -2.342850208282470703e+00 8.851250410079956055e-01
2.205459594726562500e+00 -2.336761713027954102e+00 8.737160563468933105e-01
2.130375385284423828e+00 -2.328345298767089844e+00 8.558205366134643555e-01
2.072502136230468750e+00 -2.321787595748901367e+00 8.396136760711669922e-01
2.033606767654418945e+00 -2.317339897155761719e+00 8.274417519569396973e-01
1.947568058967590332e+00 -2.307436466217041016e+00 7.985770106315612793e-01
1.884972810745239258e+00 -2.300120592117309570e+00 7.743820548057556152e-01
1.837740421295166016e+00 -2.294532060623168945e+00 7.543070912361145020e-01
1.763930678367614746e+00 -2.285711526870727539e+00 7.207275032997131348e-01
1.712924480438232422e+00 -2.279514789581298828e+00 6.950604319572448730e-01
1.664499044418334961e+00 -2.273558378219604492e+00 6.690098643302917480e-01
1.594131946563720703e+00 -2.264794588088989258e+00 6.287556886672973633e-01
1.552278876304626465e+00 -2.259480953216552734e+00 6.026538014411926270e-01
1.500988125801086426e+00 -2.252888202667236328e+00 5.690155029296875000e-01
1.454094290733337402e+00 -2.246763467788696289e+00 5.363400578498840332e-01
1.378508567810058594e+00 -2.236736774444580078e+00 4.807117581367492676e-01
1.358098387718200684e+00 -2.233956098556518555e+00 4.643300175666809082e-01
1.292118668556213379e+00 -2.224895954132080078e+00 4.101129472255706787e-01
1.239237427711486816e+00 -2.217440843582153320e+00 3.632622063159942627e-01
1.189347624778747559e+00 -2.210243701934814453e+00 3.162983357906341553e-01
1.137431979179382324e+00 -2.202577352523803711e+00 2.645260691642761230e-01
1.095895528793334961e+00 -2.196281433105468750e+00 2.205118685960769653e-01
1.059031009674072266e+00 -2.190566062927246094e+00 1.794682145118713379e-01
9.923199415206909180e-01 -2.180000066757202148e+00 1.018010079860687256e-01
9.558542370796203613e-01 -2.173980474472045898e+00 5.570513382554054260e-02
9.067091345787048340e-01 -2.165661096572875977e+00 -9.403068572282791138e-03
8.741846680641174316e-01 -2.157961130142211914e+00 2.410716563463211060e-02
7.951300144195556641e-01 -2.139322519302368164e+00 1.028511375188827515e-01
7.283251285552978516e-01 -2.123719215393066406e+00 1.641307473182678223e-01
6.811057329177856445e-01 -2.112766742706298828e+00 2.045606374740600586e-01
5.938659906387329102e-01 -2.092620611190795898e+00 2.757216691970825195e-01
5.704118013381958008e-01 -2.087244510650634766e+00 2.931904792785644531e-01
4.721560478210449219e-01 -2.064762353897094727e+00 3.646121621131896973e-01
4.030842781066894531e-01 -2.049067497253417969e+00 4.098124206066131592e-01
3.386187553405761719e-01 -2.034480333328247070e+00 4.489283561706542969e-01
2.636514306068420410e-01 -2.017575025558471680e+00 4.912317097187042236e-01
2.192485034465789795e-01 -2.007597684860229492e+00 5.141816735267639160e-01
1.192375645041465759e-01 -1.985166072845458984e+00 5.631667375564575195e-01
6.754040718078613281e-02 -1.973614096641540527e+00 5.854277014732360840e-01
-1.111441105604171753e-02 -1.956065177917480469e+00 6.169866919517517090e-01
-7.672808319330215454e-02 -1.941455602645874023e+00 6.404492855072021484e-01
-1.577597856521606445e-01 -1.923437118530273438e+00 6.665551662445068359e-01
-2.396238446235656738e-01 -1.905256867408752441e+00 6.894259452819824219e-01
-3.258185684680938721e-01 -1.886131763458251953e+00 7.098623514175415039e-01
-3.786649107933044434e-01 -1.874411940574645996e+00 7.200832366943359375e-01
-4.430284798145294189e-01 -1.860138416290283203e+00 7.308329939842224121e-01
-5.265983939170837402e-01 -1.841602444648742676e+00 7.421250343322753906e-01
-6.123828291893005371e-01 -1.822565078735351562e+00 7.501891851425170898e-01
-6.660265922546386719e-01 -1.810648798942565918e+00 7.529811859130859375e-01
-7.437112927436828613e-01 -1.793376684188842773e+00 7.549921870231628418e-01
-8.260006308555603027e-01 -1.775052309036254883e+00 7.540010809898376465e-01
-8.835452198982238770e-01 -1.762211799621582031e+00 7.509872317314147949e-01
-9.515752196311950684e-01 -1.747005105018615723e+00 7.454943060874938965e-01
-1.020317912101745605e+00 -1.731603264808654785e+00 7.376201152801513672e-01
-1.104875922203063965e+00 -1.712607026100158691e+00 7.250141501426696777e-01
-1.159221172332763672e+00 -1.700352430343627930e+00 7.145686149597167969e-01
-1.261048316955566406e+00 -1.677327394485473633e+00 6.921246051788330078e-01
-1.308631300926208496e+00 -1.666507005691528320e+00 6.790687441825866699e-01
-1.389996051788330078e+00 -1.647948026657104492e+00 6.546359062194824219e-01
-1.453251361846923828e+00 -1.633438348770141602e+00 6.327736377716064453e-01
-1.541562795639038086e+00 -1.613082051277160645e+00 5.990384817123413086e-01
-1.620925545692443848e+00 -1.594651103019714355e+00 5.645481348037719727e-01
-1.675840735435485840e+00 -1.581800818443298340e+00 5.379655361175537109e-01
-1.736710429191589355e+00 -1.567474007606506348e+00 5.063256025314331055e-01
-1.807986378669738770e+00 -1.550580739974975586e+00 4.663445055484771729e-01
-1.839099287986755371e+00 -1.543140769004821777e+00 4.473221600055694580e-01
-1.906718492507934570e+00 -1.526902079582214355e+00 4.044217467308044434e-01
-1.967103362083435059e+00 -1.512258648872375488e+00 3.629733622074127197e-01
-2.027842044830322266e+00 -1.497387647628784180e+00 3.182925283908843994e-01
-2.094869613647460938e+00 -1.480802774429321289e+00 2.654624581336975098e-01
-2.165302276611328125e+00 -1.463150739669799805e+00 2.055777311325073242e-01
-2.202762842178344727e+00 -1.453620433807373047e+00 1.710801571607589722e-01
-2.294225692749023438e+00 -1.430143952369689941e+00 8.314059674739837646e-02
-2.343695163726806641e+00 -1.417143344879150391e+00 3.027432039380073547e-02
-2.399986982345581055e+00 -1.402128934860229492e+00 -3.356015309691429138e-02
-2.419130802154541016e+00 -1.395591855049133301e+00 -1.568738743662834167e-02
-2.542139530181884766e+00 -1.353657603263854980e+00 9.696444869041442871e-02
-2.616693735122680664e+00 -1.328496932983398438e+00 1.571418046951293945e-01
-2.701820611953735352e+00 -1.299915313720703125e+00 2.208367586135864258e-01
-2.758208990097045898e+00 -1.281081914901733398e+00 2.594823241233825684e-01
-2.856453418731689453e+00 -1.248370409011840820e+00 3.229648768901824951e-01
-2.890488386154174805e+00 -1.237094283103942871e+00 3.427429795265197754e-01
-2.975337743759155273e+00 -1.209025263786315918e+00 3.902374804019927979e-01
-3.062427282333374023e+00 -1.180317878723144531e+00 4.344748854637145996e-01
-3.201758146286010742e+00 -1.134538888931274414e+00 4.981785416603088379e-01
-3.229320526123046875e+00 -1.125523924827575684e+00 5.086471438407897949e-01
-3.318636417388916016e+00 -1.096332192420959473e+00 5.412662029266357422e-01
-3.463768959045410156e+00 -1.049003362655639648e+00 5.875006914138793945e-01
-3.493942260742187500e+00 -1.039193868637084961e+00 5.948978662490844727e-01
-3.635735511779785156e+00 -9.931177496910095215e-01 6.275627613067626953e-01
-3.718587160110473633e+00 -9.662495851516723633e-01 6.409493684768676758e-01
-3.754229784011840820e+00 -9.546995759010314941e-01 6.453058123588562012e-01
-3.841536045074462891e+00 -9.264141321182250977e-01 6.545113921165466309e-01
-3.966373443603515625e+00 -8.859860897064208984e-01 6.625526547431945801e-01
-4.087309360504150391e+00 -8.468291759490966797e-01 6.632667183876037598e-01
-4.166937351226806641e+00 -8.210374116897583008e-01 6.592143774032592773e-01
-4.214692115783691406e+00 -8.055599331855773926e-01 6.549853086471557617e-01
-4.307138919830322266e+00 -7.755820155143737793e-01 6.446932554244995117e-01
-4.393832683563232422e+00 -7.474359869956970215e-01 6.311768293380737305e-01
-4.503416538238525391e+00 -7.118060588836669922e-01 6.094265580177307129e-01
-4.561608791351318359e+00 -6.928418874740600586e-01 5.946680307388305664e-01
-4.632771492004394531e+00 -6.696150302886962891e-01 5.744786858558654785e-01
-4.755910873413085938e+00 -6.293386220932006836e-01 5.349082350730895996e-01
-4.818721771240234375e+00 -6.087080836296081543e-01 5.104796886444091797e-01
-4.874938011169433594e+00 -5.901951789855957031e-01 4.865850806236267090e-01
-5.000220775604248047e+00 -5.488300919532775879e-01 4.291501045227050781e-01
-5.065225124359130859e+00 -5.272287130355834961e-01 3.942745327949523926e-01
-5.135865688323974609e+00 -5.036595463752746582e-01 3.533109724521636963e-01
-5.221812248229980469e+00 -4.748435020446777344e-01 2.992110848426818848e-01
-5.285117149353027344e+00 -4.534765779972076416e-01 2.552974224090576172e-01
-5.364827632904052734e+00 -4.264203310012817383e-01 1.959537863731384277e-01
-5.446512699127197266e+00 -3.984729051589965820e-01 1.295356303453445435e-01
-5.500107288360595703e+00 -3.799639344215393066e-01 8.183446526527404785e-02
-5.568198204040527344e+00 -3.562821745872497559e-01 1.747067272663116455e-02
-5.629390239715576172e+00 -3.347862362861633301e-01 -4.502798989415168762e-02
-5.717608451843261719e+00 -2.958576083183288574e-01 3.237239643931388855e-02
-5.786538124084472656e+00 -2.656558156013488770e-01 8.774159103631973267e-02
-5.897686004638671875e+00 -2.171988934278488159e-01 1.710759699344635010e-01
-6.027141094207763672e+00 -1.611763089895248413e-01 2.576989233493804932e-01
-6.108179569244384766e+00 -1.263720691204071045e-01 3.049531877040863037e-01
-6.210889339447021484e+00 -8.244481682777404785e-02 3.597217798233032227e-01
-6.346529960632324219e+00 -2.471642196178436279e-02 4.238834083080291748e-01
-6.389264583587646484e+00 -6.634213030338287354e-03 4.408809840679168701e-01
-6.554952144622802734e+00 6.335982680320739746e-02 5.030417442321777344e-01
-6.647603511810302734e+00 1.022671610116958618e-01 5.298927426338195801e-01
-6.747375488281250000e+00 1.440459489822387695e-01 5.542613267898559570e-01
-6.854210853576660156e+00 1.886582076549530029e-01 5.752267837524414062e-01
-6.949699878692626953e+00 2.284256815910339355e-01 5.891470313072204590e-01
-7.074075698852539062e+00 2.801133990287780762e-01 6.017459034919738770e-01
-7.189270019531250000e+00 3.278677761554718018e-01 6.067905426025390625e-01
-7.302970886230468750e+00 3.749129176139831543e-01 6.057373881340026855e-01
-7.432534217834472656e+00 4.284380674362182617e-01 5.977294445037841797e-01
-7.521860122680664062e+00 4.652889668941497803e-01 5.868006348609924316e-01
-7.658525943756103516e+00 5.216332077980041504e-01 5.642828345298767090e-01
-7.751156806945800781e+00 5.597979426383972168e-01 5.428668260574340820e-01
-7.818085193634033203e+00 5.873714089393615723e-01 5.242819786071777344e-01
-7.928921699523925781e+00 6.330415010452270508e-01 4.896781444549560547e-01
-8.014537811279296875e+00 6.683377623558044434e-01 4.578900039196014404e-01
-8.183999061584472656e+00 7.382538914680480957e-01 3.868796229362487793e-01
-8.276151657104492188e+00 7.763565778732299805e-01 3.389998972415924072e-01
-8.310169219970703125e+00 7.904489636421203613e-01 3.192964494228363037e-01
-8.440311431884765625e+00 8.444116115570068359e-01 2.408975809812545776e-01
-8.558098793029785156e+00 8.934383392333984375e-01 1.588944196701049805e-01
-8.629832267761230469e+00 9.234358072280883789e-01 1.021324694156646729e-01
-8.696683883666992188e+00 9.514942169189453125e-01 4.492472857236862183e-02
-8.761921882629394531e+00 9.789853692054748535e-01 -1.516549661755561829e-02
-8.893320083618164062e+00 1.048750758171081543e+00 9.434659779071807861e-02
-9.072953224182128906e+00 1.143034815788269043e+00 2.252995669841766357e-01
-9.213966369628906250e+00 1.216038346290588379e+00 3.102593421936035156e-01
-9.324902534484863281e+00 1.272940874099731445e+00 3.673199117183685303e-01
-9.419781684875488281e+00 1.321288824081420898e+00 4.100259840488433838e-01
-9.653632164001464844e+00 1.439836740493774414e+00 5.030775666236877441e-01
-9.787535667419433594e+00 1.506911993026733398e+00 5.399425029754638672e-01
-9.850867271423339844e+00 1.538448214530944824e+00 5.532209277153015137e-01
-9.985964775085449219e+00 1.605545878410339355e+00 5.774618983268737793e-01
-1.018606376647949219e+01 1.704393744468688965e+00 6.005870699882507324e-01
-1.030126667022705078e+01 1.760880827903747559e+00 6.031360030174255371e-01
-1.044440460205078125e+01 1.830793976783752441e+00 5.986555814743041992e-01
-1.056397628784179688e+01 1.888931512832641602e+00 5.869047641754150391e-01
-1.080116462707519531e+01 2.003848791122436523e+00 5.501103997230529785e-01
-1.092425441741943359e+01 2.063086986541748047e+00 5.166139006614685059e-01
-1.098162746429443359e+01 2.090615987777709961e+00 4.973213970661163330e-01
-1.119471740722656250e+01 2.192730903625488281e+00 4.190515279769897461e-01
-1.130206775665283203e+01 2.243933916091918945e+00 3.665075600147247314e-01
-1.139031219482421875e+01 2.285944461822509766e+00 3.173297941684722900e-01
-1.156328010559082031e+01 2.368178844451904297e+00 2.105884253978729248e-01
-1.165234375000000000e+01 2.410425424575805664e+00 1.440953612327575684e-01
-1.178427028656005859e+01 2.472961902618408203e+00 3.552956879138946533e-02
-1.185649394989013672e+01 2.507181644439697266e+00 -3.313574939966201782e-02
-1.205068016052246094e+01 2.622699499130249023e+00 1.289934813976287842e-01
-1.221518707275390625e+01 2.718139410018920898e+00 2.413921058177947998e-01
-1.243371677398681641e+01 2.842583894729614258e+00 3.666524887084960938e-01
-1.267156791687011719e+01 2.975013494491577148e+00 4.719294905662536621e-01
-1.294712924957275391e+01 3.125041246414184570e+00 5.588304400444030762e-01
-1.310113048553466797e+01 3.206877708435058594e+00 5.865337252616882324e-01
-1.323686885833740234e+01 3.278086185455322266e+00 6.012614369392395020e-01
-1.342485618591308594e+01 3.375605583190917969e+00 6.100304126739501953e-01
-1.377519416809082031e+01 3.554538249969482422e+00 5.964312553405761719e-01
-1.389928436279296875e+01 3.616046428680419922e+00 5.714108347892761230e-01
-1.409086894989013672e+01 3.709981441497802734e+00 5.213464498519897461e-01
-1.435905170440673828e+01 3.839170932769775391e+00 4.253325164318084717e-01
-1.456281375885009766e+01 3.934695720672607422e+00 3.221110999584197998e-01
-1.470816040039062500e+01 4.001254558563232422e+00 2.296832501888275146e-01
-1.479704570770263672e+01 4.041190147399902344e+00 1.637537777423858643e-01
-1.498274803161621094e+01 4.123548507690429688e+00 1.251377165317535400e-02
-1.517058277130126953e+01 4.204265117645263672e+00 -1.734323948621749878e-01
-1.558341026306152344e+01 4.426054477691650391e+00 7.978369295597076416e-02
-1.600025177001953125e+01 4.632785797119140625e+00 2.362825125455856323e-01
-1.624137878417968750e+01 4.743791580200195312e+00 2.795540392398834229e-01
-1.673086547851562500e+01 4.959732532501220703e+00 3.175815641880035400e-01
-1.687609863281250000e+01 5.018095016479492188e+00 2.991915941238403320e-01
-1.732218551635742188e+01 5.192011356353759766e+00 2.158689200878143311e-01
-1.769643020629882812e+01 5.322974681854248047e+00 7.158240675926208496e-02
-1.817162322998046875e+01 5.470319271087646484e+00 -2.037303447723388672e-01
-1.846305656433105469e+01 5.564313411712646484e+00 -2.121468186378479004e-01
-4.810470581054687500e+01 1.603768920898437500e+01 2.254620790481567383e+00
-1.529965972900390625e+01 -7.475151062011718750e+01 -2.705300598144531250e+02
1.157764648437500000e+03 -1.802826232910156250e+02 4.727365417480468750e+02
-8.143627343750000000e+04 1.994175000000000000e+04 -1.935977539062500000e+04
2.656424320000000000e+08 -7.946630400000000000e+07 1.507779250000000000e+06
-1.227642716028928000e+15 4.795860474920960000e+14 2.740747816140800000e+14
2.814059603851966444e+28 -1.284838215004244937e+28 -1.397689787437001566e+28
7.776551338825808812e+28 -3.550603326291958712e+28 -3.862464630927483786e+28
nan nan nan
nan nan nan
nan nan nan
nan nan nan
nan nan nan
