2.385268783569335938e+01 -2.003244608640670776e-01 1.377927809953689575e-01
2.366567420959472656e+01 -1.647574305534362793e-01 2.466700971126556396e-01
2.354726982116699219e+01 -1.422750651836395264e-01 3.151137530803680420e-01
2.331687736511230469e+01 -9.857013076543807983e-02 4.476612210273742676e-01
2.319633102416992188e+01 -7.574342191219329834e-02 5.163431763648986816e-01
2.302131843566894531e+01 -4.263107106089591980e-02 6.155213117599487305e-01
2.288036155700683594e+01 -1.599300093948841095e-02 6.947509050369262695e-01
2.277776527404785156e+01 3.378748893737792969e-03 7.520204782485961914e-01
2.261906433105468750e+01 3.332689404487609863e-02 8.401466608047485352e-01
2.250803947448730469e+01 5.426046252250671387e-02 9.012826085090637207e-01
2.235253524780273438e+01 8.356488496065139771e-02 9.863873124122619629e-01
2.215634918212890625e+01 1.205103024840354919e-01 1.092801809310913086e+00
2.200472259521484375e+01 1.490423977375030518e-01 1.174075603485107422e+00
2.188638305664062500e+01 1.712998747825622559e-01 1.236895322799682617e+00
2.177902603149414062e+01 1.914854198694229126e-01 1.293437480926513672e+00
2.168549728393554688e+01 2.090666741132736206e-01 1.342333078384399414e+00
2.155571746826171875e+01 2.334579229354858398e-01 1.409729719161987305e+00
2.139108657836914062e+01 2.643932104110717773e-01 1.494412899017333984e+00
2.125245666503906250e+01 2.904383838176727295e-01 1.564824461936950684e+00
2.110987472534179688e+01 3.172245621681213379e-01 1.636438250541687012e+00
2.104443931579589844e+01 3.295179307460784912e-01 1.668912053108215332e+00
2.082065200805664062e+01 3.715627789497375488e-01 1.779339790344238281e+00
2.075918579101562500e+01 3.831137120723724365e-01 1.809060215950012207e+00
2.058979797363281250e+01 4.149487614631652832e-01 1.890483498573303223e+00
2.049956703186035156e+01 4.319132566452026367e-01 1.933138012886047363e+00
2.041877174377441406e+01 4.471074640750885010e-01 1.970978260040283203e+00
2.023719024658203125e+01 4.812644422054290771e-01 2.055297374725341797e+00
2.012879562377929688e+01 5.016674399375915527e-01 2.104632616043090820e+00
2.003016853332519531e+01 5.202405452728271484e-01 2.148962020874023438e+00
1.991691970825195312e+01 5.415774583816528320e-01 2.199265480041503906e+00
1.984226608276367188e+01 5.556509494781494141e-01 2.231962442398071289e+00
1.967866897583007812e+01 5.865049958229064941e-01 2.302932262420654297e+00
1.954514694213867188e+01 6.117118597030639648e-01 2.359605073928833008e+00
1.950712394714355469e+01 6.188964247703552246e-01 2.375443696975708008e+00
1.938303375244140625e+01 6.423500180244445801e-01 2.426849842071533203e+00
1.921987533569335938e+01 6.732166409492492676e-01 2.493203163146972656e+00
1.916591644287109375e+01 6.834381818771362305e-01 2.514593124389648438e+00
1.902862739562988281e+01 7.094573378562927246e-01 2.568538665771484375e+00
1.893384933471679688e+01 7.274420261383056641e-01 2.604926109313964844e+00
1.882486915588378906e+01 7.481401562690734863e-01 2.646071195602416992e+00
1.873680305480957031e+01 7.648844718933105469e-01 2.678661823272705078e+00
1.864413070678710938e+01 7.825209498405456543e-01 2.712385892868041992e+00
1.856317138671875000e+01 7.979438900947570801e-01 2.741312980651855469e+00
1.840670585632324219e+01 8.277781009674072266e-01 2.796300172805786133e+00
1.830732727050781250e+01 8.467620611190795898e-01 2.830072402954101562e+00
1.821485900878906250e+01 8.644476532936096191e-01 2.860796928405761719e+00
1.811935997009277344e+01 8.827344179153442383e-01 2.891843557357788086e+00
1.805345726013183594e+01 8.953696489334106445e-01 2.912771224975585938e+00
1.797420310974121094e+01 9.105785489082336426e-01 2.937520027160644531e+00
1.781855010986328125e+01 9.404811263084411621e-01 2.985122203826904297e+00
1.774811935424804688e+01 9.540415406227111816e-01 3.005749702453613281e+00
1.766812896728515625e+01 9.694586396217346191e-01 3.028697729110717773e+00
1.759021377563476562e+01 9.844940900802612305e-01 3.050512790679931641e+00
1.750056838989257812e+01 1.001813769340515137e+00 3.075000047683715820e+00
1.738774490356445312e+01 1.023642539978027344e+00 3.104918479919433594e+00
1.726366615295410156e+01 1.047692537307739258e+00 3.136551380157470703e+00
1.716545295715332031e+01 1.066768050193786621e+00 3.160459518432617188e+00
1.707774162292480469e+01 1.083832502365112305e+00 3.180995225906372070e+00
1.698747444152832031e+01 1.101420998573303223e+00 3.201365947723388672e+00
1.690038299560546875e+01 1.118417501449584961e+00 3.220248937606811523e+00
1.683959388732910156e+01 1.130299448966979980e+00 3.232901334762573242e+00
1.677407264709472656e+01 1.143120765686035156e+00 3.246136188507080078e+00
1.664776229858398438e+01 1.167866945266723633e+00 3.270803451538085938e+00
1.660215568542480469e+01 1.176822900772094727e+00 3.279110431671142578e+00
1.651335334777832031e+01 1.194276571273803711e+00 3.294856786727905273e+00
1.643110847473144531e+01 1.210468888282775879e+00 3.308658123016357422e+00
1.632826232910156250e+01 1.230749249458312988e+00 3.324996232986450195e+00
1.625785446166992188e+01 1.244660735130310059e+00 3.335379838943481445e+00
1.618617439270019531e+01 1.258843421936035156e+00 3.345383644104003906e+00
1.608426475524902344e+01 1.279035806655883789e+00 3.358773708343505859e+00
1.597528553009033203e+01 1.300672888755798340e+00 3.371807098388671875e+00
1.591402339935302734e+01 1.312862753868103027e+00 3.378345966339111328e+00
1.581382465362548828e+01 1.332824587821960449e+00 3.388304948806762695e+00
1.577752017974853516e+01 1.340071916580200195e+00 3.391470909118652344e+00
1.569982528686523438e+01 1.355593204498291016e+00 3.397898674011230469e+00
1.559502601623535156e+01 1.376561999320983887e+00 3.405555486679077148e+00
1.552370834350585938e+01 1.390861868858337402e+00 3.409820556640625000e+00
1.543359184265136719e+01 1.408957242965698242e+00 3.414383649826049805e+00
1.534799480438232422e+01 1.426176309585571289e+00 3.417711734771728516e+00
1.527389621734619141e+01 1.441107869148254395e+00 3.419752120971679688e+00
1.518598175048828125e+01 1.458849430084228516e+00 3.421296834945678711e+00
1.514314270019531250e+01 1.467509508132934570e+00 3.421535730361938477e+00
1.507923984527587891e+01 1.480438709259033203e+00 3.421514034271240234e+00
1.498352622985839844e+01 1.499827861785888672e+00 3.420628786087036133e+00
1.493522644042968750e+01 1.509630322456359863e+00 3.419528484344482422e+00
1.485050487518310547e+01 1.526840209960937500e+00 3.417012214660644531e+00
1.478161239624023438e+01 1.540857076644897461e+00 3.414119958877563477e+00
1.469734764099121094e+01 1.558023333549499512e+00 3.409729242324829102e+00
1.464119434356689453e+01 1.569480419158935547e+00 3.406098365783691406e+00
1.457339954376220703e+01 1.583326458930969238e+00 3.401140213012695312e+00
1.446551418304443359e+01 1.605386614799499512e+00 3.392134428024291992e+00
1.439683914184570312e+01 1.619455456733703613e+00 3.385253906250000000e+00
1.432036685943603516e+01 1.635139465332031250e+00 3.376765727996826172e+00
1.425260353088378906e+01 1.649054765701293945e+00 3.368417739868164062e+00
1.421308898925781250e+01 1.657177925109863281e+00 3.363117456436157227e+00
1.413340377807617188e+01 1.673568964004516602e+00 3.351915359497070312e+00
1.407298946380615234e+01 1.686010956764221191e+00 3.342629194259643555e+00
1.396467590332031250e+01 1.708337545394897461e+00 3.324888467788696289e+00
1.390154647827148438e+01 1.721370697021484375e+00 3.313390493392944336e+00
1.386315155029296875e+01 1.729304075241088867e+00 3.305980682373046875e+00
1.378780174255371094e+01 1.744881272315979004e+00 3.290936946868896484e+00
1.368683052062988281e+01 1.765775680541992188e+00 3.269444227218627930e+00
1.363991928100585938e+01 1.775495529174804688e+00 3.258615255355834961e+00
1.356243419647216797e+01 1.791558861732482910e+00 3.240072965621948242e+00
1.352467918395996094e+01 1.799392700195312500e+00 3.230504512786865234e+00
1.346171092987060547e+01 1.812463402748107910e+00 3.214107751846313477e+00
1.336623764038085938e+01 1.832294583320617676e+00 3.188128471374511719e+00
1.330638980865478516e+01 1.844737887382507324e+00 3.170765638351440430e+00
1.324205303192138672e+01 1.858122110366821289e+00 3.151363611221313477e+00
1.318441104888916016e+01 1.870120644569396973e+00 3.133263111114501953e+00
1.311995697021484375e+01 1.883543848991394043e+00 3.112296581268310547e+00
1.304769611358642578e+01 1.898600816726684570e+00 3.087869405746459961e+00
1.300804424285888672e+01 1.906867742538452148e+00 3.073891639709472656e+00
1.294099140167236328e+01 1.920851469039916992e+00 3.049716711044311523e+00
1.285257530212402344e+01 1.939299225807189941e+00 3.016628026962280273e+00
1.281842231750488281e+01 1.946429252624511719e+00 3.003221035003662109e+00
1.274487686157226562e+01 1.961786508560180664e+00 2.973823308944702148e+00
1.267580127716064453e+01 1.976216554641723633e+00 2.945136785507202148e+00
1.260029697418212891e+01 1.991995573043823242e+00 2.912661075592041016e+00
1.256701850891113281e+01 1.998952865600585938e+00 2.897800922393798828e+00
1.250695800781250000e+01 2.011511087417602539e+00 2.870542287826538086e+00
1.242700958251953125e+01 2.028231859207153320e+00 2.833193302154541016e+00
1.236915588378906250e+01 2.040335655212402344e+00 2.805126905441284180e+00
1.231338596343994141e+01 2.052006006240844727e+00 2.777336835861206055e+00
1.226702022552490234e+01 2.061710119247436523e+00 2.753637790679931641e+00
1.221483325958251953e+01 2.072633981704711914e+00 2.726401090621948242e+00
1.214312553405761719e+01 2.087646007537841797e+00 2.688098192214965820e+00
1.207271671295166016e+01 2.102388858795166016e+00 2.649289608001708984e+00
1.201474952697753906e+01 2.114528417587280273e+00 2.616355419158935547e+00
1.199291992187500000e+01 2.119100570678710938e+00 2.603644132614135742e+00
1.192115211486816406e+01 2.134132385253906250e+00 2.561468601226806641e+00
1.186274051666259766e+01 2.146368026733398438e+00 2.526101350784301758e+00
1.178320026397705078e+01 2.163030624389648438e+00 2.476772546768188477e+00
1.174061107635498047e+01 2.171953201293945312e+00 2.449495315551757812e+00
1.169692134857177734e+01 2.181106567382812500e+00 2.421032667160034180e+00
1.165831851959228516e+01 2.189194202423095703e+00 2.395444631576538086e+00
1.157924938201904297e+01 2.205760240554809570e+00 2.342230081558227539e+00
1.154497051239013672e+01 2.212942361831665039e+00 2.318438529968261719e+00
1.145814514160156250e+01 2.231133699417114258e+00 2.257375001907348633e+00
1.140755844116210938e+01 2.241732120513916016e+00 2.220599412918090820e+00
1.136627292633056641e+01 2.250381708145141602e+00 2.190006971359252930e+00
1.131401252746582031e+01 2.261330366134643555e+00 2.150678634643554688e+00
1.124079322814941406e+01 2.276669740676879883e+00 2.094496011734008789e+00
1.121362113952636719e+01 2.282361984252929688e+00 2.073076248168945312e+00
1.116256046295166016e+01 2.293058156967163086e+00 2.032423496246337891e+00
1.108124732971191406e+01 2.310090780258178711e+00 1.966470718383789062e+00
1.103468418121337891e+01 2.319843530654907227e+00 1.927579879760742188e+00
1.098253154754638672e+01 2.330766201019287109e+00 1.883290052413940430e+00
1.095680809020996094e+01 2.336153268814086914e+00 1.861036419868469238e+00
1.090770149230957031e+01 2.346436977386474609e+00 1.818165302276611328e+00
1.086152935028076172e+01 2.356105566024780273e+00 1.777153253555297852e+00
1.080232143402099609e+01 2.368503093719482422e+00 1.723705053329467773e+00
1.073041534423828125e+01 2.383558034896850586e+00 1.657443284988403320e+00
1.070179653167724609e+01 2.389549493789672852e+00 1.630406975746154785e+00
1.063264751434326172e+01 2.404025077819824219e+00 1.564436316490173340e+00
1.060211658477783203e+01 2.410415649414062500e+00 1.534611701965332031e+00
1.054734992980957031e+01 2.421878576278686523e+00 1.480552792549133301e+00
1.047562408447265625e+01 2.436890125274658203e+00 1.408425927162170410e+00
1.045576190948486328e+01 2.441046714782714844e+00 1.387963533401489258e+00
1.040242385864257812e+01 2.452208280563354492e+00 1.332646369934082031e+00
1.035735797882080078e+01 2.461638212203979492e+00 1.285065054893493652e+00
1.031696891784667969e+01 2.470088720321655273e+00 1.241775751113891602e+00
1.025513362884521484e+01 2.483025789260864258e+00 1.174603700637817383e+00
1.021225261688232422e+01 2.491996765136718750e+00 1.127056360244750977e+00
1.015363883972167969e+01 2.504258394241333008e+00 1.061136960983276367e+00
1.010264587402343750e+01 2.514925241470336914e+00 1.002670645713806152e+00
1.006658172607421875e+01 2.522468805313110352e+00 9.606227278709411621e-01
1.003944015502929688e+01 2.528145790100097656e+00 9.286020398139953613e-01
9.972268104553222656e+00 2.542195558547973633e+00 8.486474752426147461e-01
9.947332382202148438e+00 2.547410964965820312e+00 8.183093070983886719e-01
9.881921768188476562e+00 2.561091661453247070e+00 7.380778789520263672e-01
9.834693908691406250e+00 2.570969104766845703e+00 6.789052486419677734e-01
9.807518005371093750e+00 2.576652765274047852e+00 6.443308591842651367e-01
9.741218566894531250e+00 2.590518951416015625e+00 5.592349767684936523e-01
9.694107055664062500e+00 2.600372314453125000e+00 4.974568784236907959e-01
9.653918266296386719e+00 2.608777999877929688e+00 4.439487159252166748e-01
9.628151893615722656e+00 2.614167451858520508e+00 4.091946184635162354e-01
9.575260162353515625e+00 2.625230789184570312e+00 3.372596800327301025e-01
9.521183013916015625e+00 2.636542797088623047e+00 2.624477744102478027e-01
9.498840332031250000e+00 2.641216754913330078e+00 2.309959232807159424e-01
9.439585685729980469e+00 2.653613328933715820e+00 1.469810009002685547e-01
9.424770355224609375e+00 2.656713247299194336e+00 1.255711019039154053e-01
9.383073806762695312e+00 2.665437698364257812e+00 6.502641737461090088e-02
9.316324234008789062e+00 2.679405689239501953e+00 -3.320451825857162476e-02
9.282760620117187500e+00 2.689539432525634766e+00 2.355082333087921143e-02
9.247740745544433594e+00 2.700036048889160156e+00 8.003886044025421143e-02
9.208785057067871094e+00 2.711631298065185547e+00 1.399411559104919434e-01
9.196195602416992188e+00 2.715352058410644531e+00 1.583219915628433228e-01
9.156863212585449219e+00 2.726951599121093750e+00 2.148211002349853516e-01
9.100331306457519531e+00 2.743517160415649414e+00 2.920162975788116455e-01
9.084446907043457031e+00 2.748132944107055664e+00 3.122100830078125000e-01
9.030998229980468750e+00 2.763631343841552734e+00 3.788466453552246094e-01
8.996741294860839844e+00 2.773496627807617188e+00 4.188386797904968262e-01
8.971337318420410156e+00 2.780783414840698242e+00 4.472940564155578613e-01
8.925004005432128906e+00 2.794036149978637695e+00 4.976356327533721924e-01
8.876812934875488281e+00 2.807753562927246094e+00 5.471607446670532227e-01
8.824637413024902344e+00 2.822536230087280273e+00 5.977711081504821777e-01
8.787555694580078125e+00 2.832993507385253906e+00 6.315551400184631348e-01
8.748064994812011719e+00 2.844096183776855469e+00 6.659649610519409180e-01
8.709512710571289062e+00 2.854901552200317383e+00 6.979885101318359375e-01
8.673037528991699219e+00 2.865095615386962891e+00 7.268916964530944824e-01
8.635602951049804688e+00 2.875531196594238281e+00 7.552472949028015137e-01
8.581315040588378906e+00 2.890627384185791016e+00 7.944836020469665527e-01
8.550245285034179688e+00 2.899237394332885742e+00 8.154280185699462891e-01
8.498775482177734375e+00 2.913474798202514648e+00 8.487442135810852051e-01
8.445361137390136719e+00 2.928207159042358398e+00 8.810093402862548828e-01
8.400023460388183594e+00 2.940676450729370117e+00 9.064325094223022461e-01
8.367625236511230469e+00 2.949567317962646484e+00 9.234477877616882324e-01
8.300970077514648438e+00 2.967831373214721680e+00 9.568022489547729492e-01
8.255511283874511719e+00 2.980250597000122070e+00 9.772852659225463867e-01
8.226060867309570312e+00 2.988281250000000000e+00 9.895857572555541992e-01
8.145896911621093750e+00 3.010116577148437500e+00 1.021391749382019043e+00
8.130270004272460938e+00 3.014360666275024414e+00 1.026719450950622559e+00
8.053363800048828125e+00 3.035235643386840820e+00 1.052122354507446289e+00
8.037997245788574219e+00 3.039396286010742188e+00 1.056405067443847656e+00
7.955467224121093750e+00 3.061731815338134766e+00 1.078572869300842285e+00
7.940280437469482422e+00 3.065832138061523438e+00 1.081836342811584473e+00
7.862667083740234375e+00 3.086778879165649414e+00 1.097760081291198730e+00
7.829093933105468750e+00 3.095821857452392578e+00 1.102993965148925781e+00
7.765109062194824219e+00 3.113043308258056641e+00 1.111623048782348633e+00
7.729012012481689453e+00 3.122745513916015625e+00 1.115054488182067871e+00
7.692640781402587891e+00 3.132514476776123047e+00 1.117701530456542969e+00
7.615630149841308594e+00 3.153184890747070312e+00 1.121583580970764160e+00
7.593605518341064453e+00 3.159088611602783203e+00 1.121654987335205078e+00
7.510298252105712891e+00 3.181411504745483398e+00 1.120804309844970703e+00
7.495180130004882812e+00 3.185457706451416016e+00 1.119881391525268555e+00
7.428553581237792969e+00 3.203286170959472656e+00 1.115198731422424316e+00
7.369273185729980469e+00 3.219136238098144531e+00 1.108616590499877930e+00
7.332755088806152344e+00 3.228894472122192383e+00 1.103231310844421387e+00
7.290197849273681641e+00 3.240262985229492188e+00 1.095994472503662109e+00
7.219367027282714844e+00 3.259178400039672852e+00 1.082075476646423340e+00
7.169089794158935547e+00 3.272598981857299805e+00 1.069962501525878906e+00
7.114516258239746094e+00 3.287163257598876953e+00 1.055070281028747559e+00
7.086919784545898438e+00 3.294526815414428711e+00 1.046570062637329102e+00
7.032990455627441406e+00 3.308916091918945312e+00 1.028987646102905273e+00
6.989916801452636719e+00 3.320408582687377930e+00 1.013412237167358398e+00
6.945589065551757812e+00 3.332236289978027344e+00 9.961014986038208008e-01
6.878378868103027344e+00 3.350171089172363281e+00 9.678215980529785156e-01
6.846264362335205078e+00 3.358742713928222656e+00 9.528046250343322754e-01
6.795281887054443359e+00 3.372353315353393555e+00 9.277934432029724121e-01
6.748930454254150391e+00 3.384732007980346680e+00 9.033321142196655273e-01
6.690415382385253906e+00 3.400365829467773438e+00 8.704226613044738770e-01
6.636328220367431641e+00 3.414826154708862305e+00 8.375670909881591797e-01
6.599538803100585938e+00 3.424669265747070312e+00 8.136317729949951172e-01
6.560985565185546875e+00 3.434990406036376953e+00 7.873796820640563965e-01
6.504567623138427734e+00 3.450104713439941406e+00 7.471204996109008789e-01
6.464789390563964844e+00 3.460773468017578125e+00 7.167694568634033203e-01
6.441031455993652344e+00 3.467151403427124023e+00 6.977783441543579102e-01
6.395806312561035156e+00 3.479300022125244141e+00 6.606152653694152832e-01
6.354360103607177734e+00 3.490447521209716797e+00 6.247419714927673340e-01
6.297084331512451172e+00 3.505872249603271484e+00 5.727689266204833984e-01
6.242512702941894531e+00 3.520597934722900391e+00 5.199368596076965332e-01
6.218081951141357422e+00 3.527204513549804688e+00 4.947814941406250000e-01
6.174767017364501953e+00 3.538930416107177734e+00 4.489233493804931641e-01
6.117560386657714844e+00 3.554447889328002930e+00 3.852977156639099121e-01
6.080492019653320312e+00 3.564532518386840820e+00 3.412807881832122803e-01
6.047116756439208984e+00 3.573632001876831055e+00 2.998998165130615234e-01
6.021159172058105469e+00 3.580724000930786133e+00 2.664216160774230957e-01
5.988097667694091797e+00 3.589772939682006836e+00 2.224335074424743652e-01
5.954186439514160156e+00 3.599076986312866211e+00 1.754673421382904053e-01
5.915386676788330078e+00 3.609750747680664062e+00 1.194294244050979614e-01
5.874831676483154297e+00 3.620944976806640625e+00 5.791243165731430054e-02
5.833331108093261719e+00 3.632444858551025391e+00 -8.449487388134002686e-03
5.807601451873779297e+00 3.640500307083129883e+00 2.505106478929519653e-02
5.762421131134033203e+00 3.654598951339721680e+00 8.204279839992523193e-02
5.717160701751708984e+00 3.668645620346069336e+00 1.360823810100555420e-01
5.656469821929931641e+00 3.687386274337768555e+00 2.047397792339324951e-01
5.611250400543212891e+00 3.701262712478637695e+00 2.523715794086456299e-01
5.567036628723144531e+00 3.714773178100585938e+00 2.965746521949768066e-01
5.530996322631835938e+00 3.725743532180786133e+00 3.308256566524505615e-01
5.478373527526855469e+00 3.741714000701904297e+00 3.788226842880249023e-01
5.440234184265136719e+00 3.753241062164306641e+00 4.115765094757080078e-01
5.385697841644287109e+00 3.769678115844726562e+00 4.564140439033508301e-01
5.308582305908203125e+00 3.792831897735595703e+00 5.159470438957214355e-01
5.253962516784667969e+00 3.809149265289306641e+00 5.544580817222595215e-01
5.215779781341552734e+00 3.820518732070922852e+00 5.796785354614257812e-01
5.152106761932373047e+00 3.839437484741210938e+00 6.198300719261169434e-01
5.110594749450683594e+00 3.851728916168212891e+00 6.440047025680541992e-01
5.083087444305419922e+00 3.859856367111206055e+00 6.591925024986267090e-01
4.987786293029785156e+00 3.887975931167602539e+00 7.099499702453613281e-01
4.972265243530273438e+00 3.892534732818603516e+00 7.171961069107055664e-01
4.891715049743652344e+00 3.916177272796630859e+00 7.539744377136230469e-01
4.855166435241699219e+00 3.926867246627807617e+00 7.687487006187438965e-01
4.793023109436035156e+00 3.945015907287597656e+00 7.924406528472900391e-01
4.725195407867431641e+00 3.964775562286376953e+00 8.157001733779907227e-01
4.677843570709228516e+00 3.978534698486328125e+00 8.300081491470336914e-01
4.629176616668701172e+00 3.992651700973510742e+00 8.433594703674316406e-01
4.567898750305175781e+00 4.010396480560302734e+00 8.584453463554382324e-01
4.509816646575927734e+00 4.027180671691894531e+00 8.707175254821777344e-01
4.423168659210205078e+00 4.052172183990478516e+00 8.862045407295227051e-01
4.372273921966552734e+00 4.066811561584472656e+00 8.928667902946472168e-01
4.329614162445068359e+00 4.079063892364501953e+00 8.972690701484680176e-01
4.283054351806640625e+00 4.092419624328613281e+00 9.010000824928283691e-01
4.195563316345214844e+00 4.117483615875244141e+00 9.058206677436828613e-01
4.167372703552246094e+00 4.125540256500244141e+00 9.060555696487426758e-01
4.105846881866455078e+00 4.143110752105712891e+00 9.056445360183715820e-01
4.039433002471923828e+00 4.162047386169433594e+00 9.030278325080871582e-01
3.956056594848632812e+00 4.185781002044677734e+00 8.967986702919006348e-01
3.932280302047729492e+00 4.192535400390625000e+00 8.939660191535949707e-01
3.873664379119873047e+00 4.209178447723388672e+00 8.862361311912536621e-01
3.797158241271972656e+00 4.230872154235839844e+00 8.737375140190124512e-01
3.748521804809570312e+00 4.244640350341796875e+00 8.637768030166625977e-01
3.676077604293823242e+00 4.265126705169677734e+00 8.470104932785034180e-01
3.623029708862304688e+00 4.280105590820312500e+00 8.326052427291870117e-01
3.565486431121826172e+00 4.296337127685546875e+00 8.152621388435363770e-01
3.522390127182006836e+00 4.308479785919189453e+00 8.008574843406677246e-01
3.463188171386718750e+00 4.325147151947021484e+00 7.795889973640441895e-01
3.374408960342407227e+00 4.350114822387695312e+00 7.445954084396362305e-01
3.314458847045898438e+00 4.366948604583740234e+00 7.177467346191406250e-01
3.287296056747436523e+00 4.374567985534667969e+00 7.045630216598510742e-01
3.236386299133300781e+00 4.388842582702636719e+00 6.789674758911132812e-01
3.183117389678955078e+00 4.403767108917236328e+00 6.504179239273071289e-01
3.103054046630859375e+00 4.426180839538574219e+00 6.046494245529174805e-01
3.043649435043334961e+00 4.442791938781738281e+00 5.673875212669372559e-01
3.004345417022705078e+00 4.453773498535156250e+00 5.410341620445251465e-01
2.937548160552978516e+00 4.472427368164062500e+00 4.942623972892761230e-01
2.883289098739624023e+00 4.487567901611328125e+00 4.534314274787902832e-01
2.821882247924804688e+00 4.504692554473876953e+00 4.044765532016754150e-01
2.806235790252685547e+00 4.509053230285644531e+00 3.911711275577545166e-01
2.749977827072143555e+00 4.524729728698730469e+00 3.425342738628387451e-01
2.704729795455932617e+00 4.537332057952880859e+00 3.010475337505340576e-01
2.623674392700195312e+00 4.559899806976318359e+00 2.231244742870330811e-01
2.578477621078491211e+00 4.572476863861083984e+00 1.758384257555007935e-01
2.539454221725463867e+00 4.583334445953369141e+00 1.330017149448394775e-01
2.511198043823242188e+00 4.591195583343505859e+00 1.006539314985275269e-01
2.458357095718383789e+00 4.605896472930908203e+00 3.826758638024330139e-02
2.412718772888183594e+00 4.618593692779541016e+00 -1.884051412343978882e-02
2.349273920059204102e+00 4.637843608856201172e+00 5.107044428586959839e-02
2.308320283889770508e+00 4.650202274322509766e+00 9.307293593883514404e-02
2.261489391326904297e+00 4.664289474487304688e+00 1.389778554439544678e-01
2.176088809967041016e+00 4.689889907836914062e+00 2.185031324625015259e-01
2.138207674026489258e+00 4.701179027557373047e+00 2.506296336650848389e-01
2.072502851486206055e+00 4.720714092254638672e+00 3.041202425956726074e-01
2.028225421905517578e+00 4.733827114105224609e+00 3.376800715923309326e-01
1.935042858123779297e+00 4.761355876922607422e+00 4.049789905548095703e-01
1.884672999382019043e+00 4.776164054870605469e+00 4.377688169479370117e-01
1.804892301559448242e+00 4.799561023712158203e+00 4.868299067020416260e-01
1.761594057083129883e+00 4.812212467193603516e+00 5.110934376716613770e-01
1.673914313316345215e+00 4.837783813476562500e+00 5.577514171600341797e-01
1.610721468925476074e+00 4.856146812438964844e+00 5.878947377204895020e-01
1.560936570167541504e+00 4.870578289031982422e+00 6.097546815872192383e-01
1.474699258804321289e+00 4.895530223846435547e+00 6.451233029365539551e-01
1.439865112304687500e+00 4.905578136444091797e+00 6.577142477035522461e-01
1.369226217269897461e+00 4.925929546356201172e+00 6.819003820419311523e-01
1.317898750305175781e+00 4.940682888031005859e+00 6.975271701812744141e-01
1.218405604362487793e+00 4.969234466552734375e+00 7.251400947570800781e-01
1.140835046768188477e+00 4.991427421569824219e+00 7.427113652229309082e-01
1.067278742790222168e+00 5.012424468994140625e+00 7.565248012542724609e-01
1.031599521636962891e+00 5.022588729858398438e+00 7.619389295578002930e-01
9.436120986938476562e-01 5.047630310058593750e+00 7.737706899642944336e-01
8.872513771057128906e-01 5.063633918762207031e+00 7.789719700813293457e-01
7.875558137893676758e-01 5.091903209686279297e+00 7.855077385902404785e-01
7.444387674331665039e-01 5.104099750518798828e+00 7.863121628761291504e-01
6.291369795799255371e-01 5.136682510375976562e+00 7.861369252204895020e-01
5.956518650054931641e-01 5.146120548248291016e+00 7.842851281166076660e-01
5.196806192398071289e-01 5.167517662048339844e+00 7.788960933685302734e-01
4.148531854152679443e-01 5.196995258331298828e+00 7.677379250526428223e-01
3.651493787765502930e-01 5.210942268371582031e+00 7.599996924400329590e-01
3.179355859756469727e-01 5.224177837371826172e+00 7.515357136726379395e-01
2.186386585235595703e-01 5.251988887786865234e+00 7.314949631690979004e-01
1.702844202518463135e-01 5.265507221221923828e+00 7.194188833236694336e-01
4.702752828598022461e-02 5.299936771392822266e+00 6.857094764709472656e-01
-1.544862985610961914e-03 5.313475608825683594e+00 6.694365143775939941e-01
-5.363310128450393677e-02 5.327983379364013672e+00 6.506846547126770020e-01
-1.414186358451843262e-01 5.352414131164550781e+00 6.166911125183105469e-01
-1.841267496347427368e-01 5.364284038543701172e+00 5.981482267379760742e-01
-2.937553822994232178e-01 5.394734859466552734e+00 5.479691028594970703e-01
-3.691498935222625732e-01 5.415645122528076172e+00 5.087757706642150879e-01
-4.341464042663574219e-01 5.433654308319091797e+00 4.720695912837982178e-01
-4.726526141166687012e-01 5.444315433502197266e+00 4.487712681293487549e-01
-5.383302569389343262e-01 5.462491989135742188e+00 4.074082672595977783e-01
-5.887590646743774414e-01 5.476438999176025391e+00 3.734551668167114258e-01
-6.856884956359863281e-01 5.503233432769775391e+00 3.048146367073059082e-01
-7.432978749275207520e-01 5.519145488739013672e+00 2.599649429321289062e-01
-8.020873069763183594e-01 5.535377025604248047e+00 2.115593999624252319e-01
-8.856323957443237305e-01 5.558435916900634766e+00 1.387389004230499268e-01
-9.101747274398803711e-01 5.565207481384277344e+00 1.155501157045364380e-01
-9.621118307113647461e-01 5.579536437988281250e+00 6.528004258871078491e-02
-1.023424506187438965e+00 5.596451282501220703e+00 2.827748656272888184e-03
-1.099535465240478516e+00 5.618245124816894531e+00 7.448994368314743042e-02
-1.159064531326293945e+00 5.635237693786621094e+00 1.262100338935852051e-01
-1.257764816284179688e+00 5.663348197937011719e+00 2.068129181861877441e-01
-1.320879578590393066e+00 5.681262493133544922e+00 2.533126771450042725e-01
-1.388583302497863770e+00 5.700441360473632812e+00 3.000230789184570312e-01
-1.501008987426757812e+00 5.732225418090820312e+00 3.722586929798126221e-01
-1.545938968658447266e+00 5.744888782501220703e+00 3.978212773799896240e-01
-1.657426357269287109e+00 5.776276588439941406e+00 4.581844508647918701e-01
-1.717602610588073730e+00 5.793174266815185547e+00 4.868375360965728760e-01
-1.811845660209655762e+00 5.819603443145751953e+00 5.285743474960327148e-01
-1.925280690193176270e+00 5.851354122161865234e+00 5.731204748153686523e-01
-1.949838876724243164e+00 5.858213424682617188e+00 5.813521742820739746e-01
-2.068581819534301758e+00 5.891365528106689453e+00 6.197262406349182129e-01
-2.181590318679809570e+00 5.922853946685791016e+00 6.498211622238159180e-01
-2.251847505569458008e+00 5.942396640777587891e+00 6.648754477500915527e-01
-2.319382667541503906e+00 5.961163997650146484e+00 6.772201061248779297e-01
-2.418473243713378906e+00 5.988676071166992188e+00 6.923818588256835938e-01
-2.530072927474975586e+00 6.019623756408691406e+00 7.046585083007812500e-01
-2.637169122695922852e+00 6.049285411834716797e+00 7.113384604454040527e-01
-2.666799068450927734e+00 6.057483196258544922e+00 7.118487358093261719e-01
-2.761266708374023438e+00 6.083612442016601562e+00 7.123008966445922852e-01
-2.872448921203613281e+00 6.114340305328369141e+00 7.084380388259887695e-01
-2.958247184753417969e+00 6.138032913208007812e+00 7.014701366424560547e-01
-3.053244352340698242e+00 6.164251327514648438e+00 6.903354525566101074e-01
-3.142535924911499023e+00 6.188882350921630859e+00 6.762871742248535156e-01
-3.232975006103515625e+00 6.213820457458496094e+00 6.586112380027770996e-01
-3.320188045501708984e+00 6.237862110137939453e+00 6.381521224975585938e-01
-3.470539331436157227e+00 6.279301166534423828e+00 5.971068739891052246e-01
-3.504061460494995117e+00 6.288539409637451172e+00 5.856807827949523926e-01
-3.598876237869262695e+00 6.314669609069824219e+00 5.518786311149597168e-01
-3.691550970077514648e+00 6.340214252471923828e+00 5.146656632423400879e-01
-3.828998565673828125e+00 6.378111839294433594e+00 4.532084763050079346e-01
-3.903893947601318359e+00 6.398777484893798828e+00 4.144237637519836426e-01
-3.992479324340820312e+00 6.423234939575195312e+00 3.649310469627380371e-01
-4.030974388122558594e+00 6.433872699737548828e+00 3.414797484874725342e-01
-4.164559841156005859e+00 6.470805168151855469e+00 2.570329606533050537e-01
-4.218583583831787109e+00 6.485768795013427734e+00 2.183808684349060059e-01
-4.290206909179687500e+00 6.505627155303955078e+00 1.645234227180480957e-01
-4.389635562896728516e+00 6.533235549926757812e+00 8.470736443996429443e-02
-4.482204914093017578e+00 6.559001922607421875e+00 3.388494253158569336e-03
-4.554676532745361328e+00 6.579230308532714844e+00 -6.589630246162414551e-02
-4.654964923858642578e+00 6.606995105743408203e+00 2.252636849880218506e-02
-4.753798961639404297e+00 6.634355068206787109e+00 1.013949885964393616e-01
-4.798414707183837891e+00 6.646705627441406250e+00 1.337015181779861450e-01
-4.914125442504882812e+00 6.678736686706542969e+00 2.139208614826202393e-01
-4.984360694885253906e+00 6.698180198669433594e+00 2.573287785053253174e-01
-5.163984298706054688e+00 6.747910499572753906e+00 3.607729375362396240e-01
-5.210731983184814453e+00 6.760856628417968750e+00 3.830266892910003662e-01
-5.385915756225585938e+00 6.809377193450927734e+00 4.622293710708618164e-01
-5.452456951141357422e+00 6.827816486358642578e+00 4.866306185722351074e-01
-5.572946071624755859e+00 6.861214160919189453e+00 5.271454453468322754e-01
-5.660590171813964844e+00 6.885520935058593750e+00 5.519431233406066895e-01
-5.808325290679931641e+00 6.926513195037841797e+00 5.882219076156616211e-01
-5.985087394714355469e+00 6.975604057312011719e+00 6.208450198173522949e-01
-6.023635387420654297e+00 6.986323356628417969e+00 6.252480149269104004e-01
-6.185592651367187500e+00 7.031375885009765625e+00 6.413125395774841309e-01
-6.273408889770507812e+00 7.055840969085693359e+00 6.445428133010864258e-01
-6.433216094970703125e+00 7.100404739379882812e+00 6.450699567794799805e-01
-6.539459228515625000e+00 7.130087852478027344e+00 6.389789581298828125e-01
-6.673776149749755859e+00 7.167669296264648438e+00 6.258509159088134766e-01
-6.862915039062500000e+00 7.220697879791259766e+00 5.976375341415405273e-01
-6.944205760955810547e+00 7.243563652038574219e+00 5.795303583145141602e-01
-7.053050041198730469e+00 7.274230003356933594e+00 5.517475008964538574e-01
-7.208565711975097656e+00 7.318150520324707031e+00 5.051480531692504883e-01
-7.287485599517822266e+00 7.340523719787597656e+00 4.763304591178894043e-01
-7.420684814453125000e+00 7.378368377685546875e+00 4.230708777904510498e-01
-7.568141937255859375e+00 7.420433998107910156e+00 3.551604747772216797e-01
-7.656751155853271484e+00 7.445842266082763672e+00 3.080325722694396973e-01
-7.813517570495605469e+00 7.490954399108886719e+00 2.174791842699050903e-01
-7.909250259399414062e+00 7.518697738647460938e+00 1.539159715175628662e-01
-8.044168472290039062e+00 7.557995319366455078e+00 5.653982609510421753e-02
-8.165747642517089844e+00 7.593695640563964844e+00 -4.196719825267791748e-02
-8.213418006896972656e+00 7.607512474060058594e+00 -6.793368607759475708e-03
-8.383315086364746094e+00 7.656844139099121094e+00 1.128546893596649170e-01
-8.534600257873535156e+00 7.701032638549804688e+00 2.027676254510879517e-01
-8.672807693481445312e+00 7.741597175598144531e+00 2.730596363544464111e-01
-8.924475669860839844e+00 7.815774440765380859e+00 3.831725716590881348e-01
-9.090791702270507812e+00 7.865154266357421875e+00 4.364374279975891113e-01
-9.229334831237792969e+00 7.906487941741943359e+00 4.710175991058349609e-01
-9.417589187622070312e+00 7.962885379791259766e+00 5.074514150619506836e-01
-9.531276702880859375e+00 7.997140407562255859e+00 5.211219787597656250e-01
-9.790070533752441406e+00 8.075403213500976562e+00 5.410894751548767090e-01
-1.001353740692138672e+01 8.143565177917480469e+00 5.368674397468566895e-01
-1.016968631744384766e+01 8.191585540771484375e+00 5.210646986961364746e-01
-1.031194686889648438e+01 8.235611915588378906e+00 4.983882308006286621e-01
-1.056035804748535156e+01 8.312971115112304688e+00 4.453738033771514893e-01
-1.070082950592041016e+01 8.357236862182617188e+00 4.017411470413208008e-01
-1.091152667999267578e+01 8.424146652221679688e+00 3.240388035774230957e-01
-1.108314037322998047e+01 8.479348182678222656e+00 2.449280619621276855e-01
-1.124381828308105469e+01 8.531662940979003906e+00 1.577183902263641357e-01
-1.146062469482421875e+01 8.603179931640625000e+00 2.188995480537414551e-02
-1.164517211914062500e+01 8.665320396423339844e+00 -1.171160191297531128e-01
-1.172531318664550781e+01 8.692113876342773438e+00 -6.738352775573730469e-02
-1.220489883422851562e+01 8.853329658508300781e+00 2.067920565605163574e-01
-1.241315937042236328e+01 8.925302505493164062e+00 2.744315564632415771e-01
-1.278670501708984375e+01 9.055824279785156250e+00 3.624812662601470947e-01
-1.316774749755859375e+01 9.191549301147460938e+00 3.961915075778961182e-01
-1.340708732604980469e+01 9.278567314147949219e+00 3.833906650543212891e-01
-1.385684204101562500e+01 9.444455146789550781e+00 3.191979229450225830e-01
-1.402027606964111328e+01 9.506543159484863281e+00 2.676195800304412842e-01
-1.435431575775146484e+01 9.635126113891601562e+00 1.392375528812408447e-01
-1.481023788452148438e+01 9.815979003906250000e+00 -1.053812801837921143e-01
-1.516118335723876953e+01 9.962703704833984375e+00 -3.822278380393981934e-01
-1.602345275878906250e+01 1.034602165222167969e+01 -5.488017201423645020e-02
-1.680844879150390625e+01 1.071434020996093750e+01 -4.151059314608573914e-02
-1.770952224731445312e+01 1.116057395935058594e+01 -2.966072857379913330e-01
-2.678593063354492188e+01 1.706120109558105469e+01 -5.457769870758056641e+00
-1.176162031250000000e+05 1.095653515625000000e+05 -9.725635156250000000e+04
-1.418400170430106173e+20 1.617742596116127416e+20 -1.979440404095366595e+20
nan nan nan
nan nan nan
nan nan nan
nan nan nan
nan nan nan
nan nan nan
nan nan nan
nan nan nan
nan nan nan
nan nan nan
nan nan nan
nan nan nan
