2.352728652954101562e+01 -2.017684131860733032e-01 1.675049215555191040e-01
2.334608650207519531e+01 -2.309377789497375488e-01 2.844688892364501953e-01
2.322061538696289062e+01 -2.511918842792510986e-01 3.644567728042602539e-01
2.302874565124511719e+01 -2.822215259075164795e-01 4.856968224048614502e-01
2.297110366821289062e+01 -2.915694415569305420e-01 5.216172933578491211e-01
2.283680152893066406e+01 -3.133664727210998535e-01 6.049519181251525879e-01
2.260761070251464844e+01 -3.506322801113128662e-01 7.457327246665954590e-01
2.251275634765625000e+01 -3.661029040813446045e-01 8.029660582542419434e-01
2.232582473754882812e+01 -3.966279327869415283e-01 9.149023890495300293e-01
2.218121147155761719e+01 -4.202977716922760010e-01 1.000174760818481445e+00
2.213462829589843750e+01 -4.279356002807617188e-01 1.027307748794555664e+00
2.190630531311035156e+01 -4.653915464878082275e-01 1.159761905670166016e+00
2.181753921508789062e+01 -4.799916744232177734e-01 1.210222125053405762e+00
2.167548370361328125e+01 -5.033787488937377930e-01 1.290320158004760742e+00
2.152884483337402344e+01 -5.275567173957824707e-01 1.371909141540527344e+00
2.136399078369140625e+01 -5.547779798507690430e-01 1.462342500686645508e+00
2.132768058776855469e+01 -5.607833266258239746e-01 1.481936693191528320e+00
2.114823532104492188e+01 -5.904711484909057617e-01 1.578412652015686035e+00
2.099634933471679688e+01 -6.156405806541442871e-01 1.658559679985046387e+00
2.086396026611328125e+01 -6.376074552536010742e-01 1.727282404899597168e+00
2.073924255371093750e+01 -6.583234071731567383e-01 1.791075706481933594e+00
2.066893959045410156e+01 -6.700118780136108398e-01 1.826525211334228516e+00
2.052605056762695312e+01 -6.937804818153381348e-01 1.897985339164733887e+00
2.039494705200195312e+01 -7.156102657318115234e-01 1.962436079978942871e+00
2.022660827636718750e+01 -7.436639666557312012e-01 2.043858528137207031e+00
2.015530776977539062e+01 -7.555584311485290527e-01 2.077607631683349609e+00
2.003962898254394531e+01 -7.748637199401855469e-01 2.131849288940429688e+00
1.984574890136718750e+01 -8.072394728660583496e-01 2.221348047256469727e+00
1.981663513183593750e+01 -8.121058344841003418e-01 2.234426021575927734e+00
1.960225486755371094e+01 -8.479433059692382812e-01 2.330321788787841797e+00
1.951436424255371094e+01 -8.626484870910644531e-01 2.368397951126098633e+00
1.938260459899902344e+01 -8.846992254257202148e-01 2.424704790115356445e+00
1.931571578979492188e+01 -8.958975076675415039e-01 2.452692985534667969e+00
1.922562599182128906e+01 -9.109820723533630371e-01 2.489976882934570312e+00
1.904353141784667969e+01 -9.414767622947692871e-01 2.564204454421997070e+00
1.892069625854492188e+01 -9.620527029037475586e-01 2.612706661224365234e+00
1.881595611572265625e+01 -9.795988798141479492e-01 2.653146266937255859e+00
1.875718307495117188e+01 -9.894444942474365234e-01 2.675392866134643555e+00
1.859055519104003906e+01 -1.017356991767883301e+00 2.737750291824340820e+00
1.847836494445800781e+01 -1.036147594451904297e+00 2.778352260589599609e+00
1.837803649902343750e+01 -1.052948474884033203e+00 2.813815832138061523e+00
1.825933265686035156e+01 -1.072822093963623047e+00 2.854868412017822266e+00
1.814395332336425781e+01 -1.092132925987243652e+00 2.893715620040893555e+00
1.805626869201660156e+01 -1.106802940368652344e+00 2.922447443008422852e+00
1.799408912658691406e+01 -1.117202281951904297e+00 2.942390680313110352e+00
1.785351943969726562e+01 -1.140706300735473633e+00 2.986779928207397461e+00
1.778246116638183594e+01 -1.152579903602600098e+00 3.008411884307861328e+00
1.764962768554687500e+01 -1.174767374992370605e+00 3.048077583312988281e+00
1.754543304443359375e+01 -1.192157983779907227e+00 3.078045129776000977e+00
1.747011756896972656e+01 -1.204720258712768555e+00 3.099047660827636719e+00
1.734387969970703125e+01 -1.225764751434326172e+00 3.133442878723144531e+00
1.726112747192382812e+01 -1.239547133445739746e+00 3.155091524124145508e+00
1.710301208496093750e+01 -1.265864133834838867e+00 3.195317745208740234e+00
1.699133682250976562e+01 -1.284426689147949219e+00 3.222168684005737305e+00
1.696129608154296875e+01 -1.289414763450622559e+00 3.229090213775634766e+00
1.679157829284667969e+01 -1.317587494850158691e+00 3.267732858657836914e+00
1.672715377807617188e+01 -1.328263640403747559e+00 3.281398534774780273e+00
1.664662361145019531e+01 -1.341599225997924805e+00 3.297997951507568359e+00
1.656649398803710938e+01 -1.354856610298156738e+00 3.313909292221069336e+00
1.643680000305175781e+01 -1.376294612884521484e+00 3.338677644729614258e+00
1.631818962097167969e+01 -1.395869970321655273e+00 3.359852075576782227e+00
1.622956085205078125e+01 -1.410475254058837891e+00 3.374648809432983398e+00
1.618451881408691406e+01 -1.417889118194580078e+00 3.381774425506591797e+00
1.608839225769042969e+01 -1.433701992034912109e+00 3.396550655364990234e+00
1.596990394592285156e+01 -1.453167557716369629e+00 3.413619518280029297e+00
1.588487529754638672e+01 -1.467112779617309570e+00 3.424842357635498047e+00
1.579704761505126953e+01 -1.481498956680297852e+00 3.435664415359497070e+00
1.570157527923583984e+01 -1.497116804122924805e+00 3.446554183959960938e+00
1.557219886779785156e+01 -1.518249869346618652e+00 3.460008144378662109e+00
1.547265338897705078e+01 -1.534477114677429199e+00 3.468981742858886719e+00
1.542041969299316406e+01 -1.542978286743164062e+00 3.473125934600830078e+00
1.529512596130371094e+01 -1.563352704048156738e+00 3.482349634170532227e+00
1.524781417846679688e+01 -1.571030259132385254e+00 3.485175132751464844e+00
1.514847469329833984e+01 -1.587137937545776367e+00 3.490581274032592773e+00
1.507822799682617188e+01 -1.598509192466735840e+00 3.493614673614501953e+00
1.496199512481689453e+01 -1.617302179336547852e+00 3.497699975967407227e+00
1.485195732116699219e+01 -1.635058403015136719e+00 3.500086545944213867e+00
1.479179096221923828e+01 -1.644748806953430176e+00 3.500613451004028320e+00
1.472301673889160156e+01 -1.655814290046691895e+00 3.500724315643310547e+00
1.461817646026611328e+01 -1.672663211822509766e+00 3.500029325485229492e+00
1.456910228729248047e+01 -1.680535912513732910e+00 3.499080419540405273e+00
1.443344497680664062e+01 -1.702281117439270020e+00 3.495642423629760742e+00
1.437575531005859375e+01 -1.711507678031921387e+00 3.493210077285766602e+00
1.429632663726806641e+01 -1.724199295043945312e+00 3.489285707473754883e+00
1.420482158660888672e+01 -1.738802075386047363e+00 3.483843564987182617e+00
1.412030982971191406e+01 -1.752269506454467773e+00 3.477825641632080078e+00
1.407483196258544922e+01 -1.759507298469543457e+00 3.474088430404663086e+00
1.395407581329345703e+01 -1.778712868690490723e+00 3.463446140289306641e+00
1.390194988250732422e+01 -1.786988735198974609e+00 3.458018302917480469e+00
1.379162979125976562e+01 -1.804491162300109863e+00 3.445760011672973633e+00
1.370527648925781250e+01 -1.818170905113220215e+00 3.434872627258300781e+00
1.362751007080078125e+01 -1.830476760864257812e+00 3.424144268035888672e+00
1.356478786468505859e+01 -1.840392708778381348e+00 3.414812803268432617e+00
1.348869228363037109e+01 -1.852414250373840332e+00 3.402820825576782227e+00
1.343443012237548828e+01 -1.860979318618774414e+00 3.393683433532714844e+00
1.331804561614990234e+01 -1.879339814186096191e+00 3.373179435729980469e+00
1.327223491668701172e+01 -1.886558294296264648e+00 3.364334583282470703e+00
1.318213176727294922e+01 -1.900750160217285156e+00 3.346331596374511719e+00
1.311914539337158203e+01 -1.910663127899169922e+00 3.332904100418090820e+00
1.305274391174316406e+01 -1.921108365058898926e+00 3.318120718002319336e+00
1.294794940948486328e+01 -1.937584757804870605e+00 3.293734550476074219e+00
1.290767955780029297e+01 -1.943911671638488770e+00 3.283715248107910156e+00
1.279229640960693359e+01 -1.962035417556762695e+00 3.254285573959350586e+00
1.274405097961425781e+01 -1.969608545303344727e+00 3.241104841232299805e+00
1.268934917449951172e+01 -1.978193283081054688e+00 3.225739717483520508e+00
1.258660697937011719e+01 -1.994313359260559082e+00 3.195978879928588867e+00
1.254107475280761719e+01 -2.001454353332519531e+00 3.182029485702514648e+00
1.245576381683349609e+01 -2.014832496643066406e+00 3.155254602432250977e+00
1.235952186584472656e+01 -2.029921293258666992e+00 3.123684644699096680e+00
1.232503032684326172e+01 -2.035327911376953125e+00 3.111810922622680664e+00
1.221023845672607422e+01 -2.053320884704589844e+00 3.071619033813476562e+00
1.218686103820800781e+01 -2.056984901428222656e+00 3.062971115112304688e+00
1.210320758819580078e+01 -2.070095539093017578e+00 3.031684875488281250e+00
1.200617599487304688e+01 -2.085303068161010742e+00 2.993967294692993164e+00
1.196055984497070312e+01 -2.092452764511108398e+00 2.975445508956909180e+00
1.190356159210205078e+01 -2.101387023925781250e+00 2.951832532882690430e+00
1.182100868225097656e+01 -2.114328384399414062e+00 2.916775465011596680e+00
1.175792598724365234e+01 -2.124219179153442383e+00 2.889026641845703125e+00
1.165941715240478516e+01 -2.139666795730590820e+00 2.844535350799560547e+00
1.162071418762207031e+01 -2.145737648010253906e+00 2.826334238052368164e+00
1.152851581573486328e+01 -2.160202026367187500e+00 2.782292366027832031e+00
1.145675563812255859e+01 -2.171463966369628906e+00 2.746733427047729492e+00
1.141496562957763672e+01 -2.178024530410766602e+00 2.725436925888061523e+00
1.132435321807861328e+01 -2.192252397537231445e+00 2.678510189056396484e+00
1.128690528869628906e+01 -2.198134899139404297e+00 2.658436536788940430e+00
1.119155311584472656e+01 -2.213116645812988281e+00 2.606600284576416016e+00
1.117213535308837891e+01 -2.216169118881225586e+00 2.595664501190185547e+00
1.107718372344970703e+01 -2.231097698211669922e+00 2.541807651519775391e+00
1.102327251434326172e+01 -2.239578485488891602e+00 2.510158777236938477e+00
1.096520519256591797e+01 -2.248716354370117188e+00 2.475406646728515625e+00
1.088974761962890625e+01 -2.260595560073852539e+00 2.429308652877807617e+00
1.082349777221679688e+01 -2.271030664443969727e+00 2.387752532958984375e+00
1.079598617553710938e+01 -2.275366067886352539e+00 2.370095968246459961e+00
1.072575855255126953e+01 -2.286435127258300781e+00 2.324597120285034180e+00
1.063706970214843750e+01 -2.300421476364135742e+00 2.265747308731079102e+00
1.057809925079345703e+01 -2.309727668762207031e+00 2.225432872772216797e+00
1.050259017944335938e+01 -2.321649312973022461e+00 2.172790050506591797e+00
1.045199203491210938e+01 -2.329642772674560547e+00 2.136626482009887695e+00
1.038265228271484375e+01 -2.340601682662963867e+00 2.086243391036987305e+00
1.033468246459960938e+01 -2.348187446594238281e+00 2.050597190856933594e+00
1.029436874389648438e+01 -2.354565143585205078e+00 2.020175457000732422e+00
1.024416923522949219e+01 -2.362509489059448242e+00 1.981802940368652344e+00
1.015323543548583984e+01 -2.376906633377075195e+00 1.911176681518554688e+00
1.010112762451171875e+01 -2.385163307189941406e+00 1.869531631469726562e+00
1.007060337066650391e+01 -2.390002012252807617e+00 1.844737172126770020e+00
9.998081207275390625e+00 -2.401501655578613281e+00 1.785267710685729980e+00
9.912948608398437500e+00 -2.415009498596191406e+00 1.713878870010375977e+00
9.876605987548828125e+00 -2.420780181884765625e+00 1.682600617408752441e+00
9.822710990905761719e+00 -2.429340839385986328e+00 1.635700821876525879e+00
9.764922142028808594e+00 -2.438524484634399414e+00 1.584587335586547852e+00
9.719768524169921875e+00 -2.445703983306884766e+00 1.543950080871582031e+00
9.656521797180175781e+00 -2.455764055252075195e+00 1.486256837844848633e+00
9.600740432739257812e+00 -2.464641809463500977e+00 1.434407711029052734e+00
9.559373855590820312e+00 -2.471228599548339844e+00 1.395318627357482910e+00
9.472685813903808594e+00 -2.485036849975585938e+00 1.312400579452514648e+00
9.433318138122558594e+00 -2.491312265396118164e+00 1.273778080940246582e+00
9.361215591430664062e+00 -2.502809762954711914e+00 1.202226281166076660e+00
9.305933952331542969e+00 -2.511630296707153320e+00 1.146210193634033203e+00
9.279584884643554688e+00 -2.515836477279663086e+00 1.119082570075988770e+00
9.206925392150878906e+00 -2.527437686920166016e+00 1.043708920478820801e+00
9.161591529846191406e+00 -2.534680366516113281e+00 9.956945180892944336e-01
9.091430664062500000e+00 -2.545893430709838867e+00 9.204202294349670410e-01
9.066761970520019531e+00 -2.549838066101074219e+00 8.934227228164672852e-01
8.995044708251953125e+00 -2.561308145523071289e+00 8.143852949142456055e-01
8.945961952209472656e+00 -2.569162607192993164e+00 7.591889500617980957e-01
8.907156944274902344e+00 -2.575374364852905273e+00 7.149462699890136719e-01
8.862199783325195312e+00 -2.582572937011718750e+00 6.631302237510681152e-01
8.789906501770019531e+00 -2.594152212142944336e+00 5.787565708160400391e-01
8.735556602478027344e+00 -2.602861881256103516e+00 5.140374302864074707e-01
8.702106475830078125e+00 -2.608224153518676758e+00 4.736013412475585938e-01
8.638555526733398438e+00 -2.618413686752319336e+00 3.960657119750976562e-01
8.598560333251953125e+00 -2.624828815460205078e+00 3.464073538780212402e-01
8.536203384399414062e+00 -2.634832620620727539e+00 2.681305110454559326e-01
8.507099151611328125e+00 -2.639503240585327148e+00 2.309665083885192871e-01
8.430747032165527344e+00 -2.651757717132568359e+00 1.326899230480194092e-01
8.405449867248535156e+00 -2.655819177627563477e+00 9.944415092468261719e-02
8.353700637817382812e+00 -2.664128541946411133e+00 3.096328675746917725e-02
8.317324638366699219e+00 -2.669970512390136719e+00 -1.785523071885108948e-02
8.272741317749023438e+00 -2.672072649002075195e+00 5.031030252575874329e-02
8.214828491210937500e+00 -2.674881219863891602e+00 1.341470032930374146e-01
8.178723335266113281e+00 -2.676687479019165039e+00 1.829338073730468750e-01
8.112232208251953125e+00 -2.680068254470825195e+00 2.691326141357421875e-01
8.096031188964843750e+00 -2.680913925170898438e+00 2.886113822460174561e-01
8.034990310668945312e+00 -2.684116840362548828e+00 3.607082664966583252e-01
7.988278388977050781e+00 -2.686614274978637695e+00 4.122987985610961914e-01
7.951677322387695312e+00 -2.688594579696655273e+00 4.507315456867218018e-01
7.897913932800292969e+00 -2.691527366638183594e+00 5.050133466720581055e-01
7.835924625396728516e+00 -2.694945335388183594e+00 5.640905499458312988e-01
7.781505107879638672e+00 -2.697977066040039062e+00 6.126073598861694336e-01
7.733322143554687500e+00 -2.700681209564208984e+00 6.531142592430114746e-01
7.675625324249267578e+00 -2.703936815261840820e+00 6.991456747055053711e-01
7.619894027709960938e+00 -2.707098245620727539e+00 7.408686280250549316e-01
7.591356277465820312e+00 -2.708723306655883789e+00 7.609386444091796875e-01
7.518006801605224609e+00 -2.712906122207641602e+00 8.108819723129272461e-01
7.441812038421630859e+00 -2.717263936996459961e+00 8.584976196289062500e-01
7.406288146972656250e+00 -2.719298124313354492e+00 8.787302970886230469e-01
7.343961238861083984e+00 -2.722866296768188477e+00 9.126827120780944824e-01
7.304505825042724609e+00 -2.725122690200805664e+00 9.324975609779357910e-01
7.227903842926025391e+00 -2.729497671127319336e+00 9.689638614654541016e-01
7.171564579010009766e+00 -2.732704639434814453e+00 9.929855465888977051e-01
7.126308917999267578e+00 -2.735271453857421875e+00 1.010678172111511230e+00
7.048855781555175781e+00 -2.739649057388305664e+00 1.038798213005065918e+00
7.030524253845214844e+00 -2.740677833557128906e+00 1.044593811035156250e+00
6.978320598602294922e+00 -2.743602037429809570e+00 1.060530185699462891e+00
6.886567592620849609e+00 -2.748710870742797852e+00 1.085715651512145996e+00
6.827358245849609375e+00 -2.751969099044799805e+00 1.098810791969299316e+00
6.801353931427001953e+00 -2.753387212753295898e+00 1.103682994842529297e+00
6.737057209014892578e+00 -2.756878376007080078e+00 1.114783644676208496e+00
6.690817832946777344e+00 -2.759360551834106445e+00 1.121091127395629883e+00
6.620460987091064453e+00 -2.763103485107421875e+00 1.128867506980895996e+00
6.540750980377197266e+00 -2.767281293869018555e+00 1.134549379348754883e+00
6.494925975799560547e+00 -2.769638538360595703e+00 1.135784149169921875e+00
6.445243835449218750e+00 -2.772163629531860352e+00 1.135857820510864258e+00
6.386793613433837891e+00 -2.775093078613281250e+00 1.134328246116638184e+00
6.346485614776611328e+00 -2.777077913284301758e+00 1.131957650184631348e+00
6.275775432586669922e+00 -2.780514001846313477e+00 1.126200199127197266e+00
6.203188419342041016e+00 -2.783954858779907227e+00 1.117391347885131836e+00
6.131819248199462891e+00 -2.787243843078613281e+00 1.105772137641906738e+00
6.081305980682373047e+00 -2.789500713348388672e+00 1.095460295677185059e+00
6.062146663665771484e+00 -2.790336132049560547e+00 1.090979814529418945e+00
5.967305660247802734e+00 -2.794431447982788086e+00 1.067721128463745117e+00
5.917145252227783203e+00 -2.796488046646118164e+00 1.052551507949829102e+00
5.862378120422363281e+00 -2.798663616180419922e+00 1.034287214279174805e+00
5.821921348571777344e+00 -2.800211191177368164e+00 1.019395112991333008e+00
5.770378589630126953e+00 -2.802123546600341797e+00 9.990760087966918945e-01
5.720757961273193359e+00 -2.803887844085693359e+00 9.778292179107666016e-01
5.677603721618652344e+00 -2.805354356765747070e+00 9.579035043716430664e-01
5.617947101593017578e+00 -2.807295083999633789e+00 9.285724759101867676e-01
5.564985275268554688e+00 -2.808905601501464844e+00 9.002783894538879395e-01
5.503598213195800781e+00 -2.810648202896118164e+00 8.650779128074645996e-01
5.442021846771240234e+00 -2.812241315841674805e+00 8.268637657165527344e-01
5.402863979339599609e+00 -2.813147544860839844e+00 8.006231188774108887e-01
5.369755268096923828e+00 -2.813851594924926758e+00 7.773468494415283203e-01
5.285365581512451172e+00 -2.815504789352416992e+00 7.155940532684326172e-01
5.238072395324707031e+00 -2.816216468811035156e+00 6.773620843887329102e-01
5.196882247924804688e+00 -2.816718578338623047e+00 6.421640515327453613e-01
5.142818927764892578e+00 -2.817233324050903320e+00 5.936838984489440918e-01
5.113568305969238281e+00 -2.817401409149169922e+00 5.657462477684020996e-01
5.053633689880371094e+00 -2.817613124847412109e+00 5.064964294433593750e-01
5.040862560272216797e+00 -2.817596197128295898e+00 4.929489493370056152e-01
4.987275123596191406e+00 -2.817464828491210938e+00 4.352257549762725830e-01
4.949625492095947266e+00 -2.817185640335083008e+00 3.919792175292968750e-01
4.909042358398437500e+00 -2.816728353500366211e+00 3.431619405746459961e-01
4.870207786560058594e+00 -2.816115617752075195e+00 2.940231561660766602e-01
4.815274238586425781e+00 -2.814989328384399414e+00 2.209830582141876221e-01
4.772140502929687500e+00 -2.813785552978515625e+00 1.593558192253112793e-01
4.741052150726318359e+00 -2.812712192535400391e+00 1.122411862015724182e-01
4.717314243316650391e+00 -2.811766386032104492e+00 7.464024424552917480e-02
4.663005352020263672e+00 -2.809362888336181641e+00 -1.443820446729660034e-02
4.617461204528808594e+00 -2.804497957229614258e+00 3.834335505962371826e-02
4.574256896972656250e+00 -2.799946784973144531e+00 8.603624999523162842e-02
4.507106304168701172e+00 -2.792958736419677734e+00 1.568653583526611328e-01
4.469713211059570312e+00 -2.789134740829467773e+00 1.936253011226654053e-01
4.409381866455078125e+00 -2.783018350601196289e+00 2.506901621818542480e-01
4.325706958770751953e+00 -2.774646043777465820e+00 3.250417113304138184e-01
4.296409606933593750e+00 -2.771762132644653320e+00 3.488994240760803223e-01
4.228905677795410156e+00 -2.765150785446166992e+00 4.022272825241088867e-01
4.148913860321044922e+00 -2.757401227951049805e+00 4.610817134380340576e-01
4.096937656402587891e+00 -2.752423048019409180e+00 4.961679577827453613e-01
4.067189693450927734e+00 -2.749592065811157227e+00 5.151372551918029785e-01
4.001326560974121094e+00 -2.743345022201538086e+00 5.557705760002136230e-01
3.945956468582153320e+00 -2.738129377365112305e+00 5.874508619308471680e-01
3.851971864700317383e+00 -2.729320764541625977e+00 6.378186345100402832e-01
3.797758579254150391e+00 -2.724277257919311523e+00 6.636530756950378418e-01
3.749883174896240234e+00 -2.719838142395019531e+00 6.848952770233154297e-01
3.643553495407104492e+00 -2.710003614425659180e+00 7.290616631507873535e-01
3.600959062576293945e+00 -2.706081867218017578e+00 7.441391348838806152e-01
3.550957202911376953e+00 -2.701483011245727539e+00 7.606496810913085938e-01
3.472419500350952148e+00 -2.694265842437744141e+00 7.844202518463134766e-01
3.397713422775268555e+00 -2.687405824661254883e+00 8.038503527641296387e-01
3.363758087158203125e+00 -2.684287071228027344e+00 8.113326430320739746e-01
3.287765741348266602e+00 -2.677303552627563477e+00 8.267251253128051758e-01
3.194149971008300781e+00 -2.668687105178833008e+00 8.419824838638305664e-01
3.146638154983520508e+00 -2.664300918579101562e+00 8.474348783493041992e-01
3.076338052749633789e+00 -2.657796382904052734e+00 8.537976145744323730e-01
3.016634464263916016e+00 -2.652251005172729492e+00 8.570644259452819824e-01
2.971412181854248047e+00 -2.648034334182739258e+00 8.581671714782714844e-01
2.899560451507568359e+00 -2.641311883926391602e+00 8.582683801651000977e-01
2.819660186767578125e+00 -2.633792161941528320e+00 8.554563522338867188e-01
2.766892671585083008e+00 -2.628788709640502930e+00 8.514399528503417969e-01
2.710308074951171875e+00 -2.623392820358276367e+00 8.455927968025207520e-01
2.604816198348999023e+00 -2.613266944885253906e+00 8.315880298614501953e-01
2.533759117126464844e+00 -2.606354951858520508e+00 8.182022571563720703e-01
2.479718208312988281e+00 -2.601043701171875000e+00 8.059549927711486816e-01
2.413454055786132812e+00 -2.594474792480468750e+00 7.889753580093383789e-01
2.381384611129760742e+00 -2.591259717941284180e+00 7.795715332031250000e-01
2.283133983612060547e+00 -2.581351280212402344e+00 7.489685416221618652e-01
2.259109020233154297e+00 -2.578882217407226562e+00 7.401128411293029785e-01
2.160820960998535156e+00 -2.568729639053344727e+00 7.024674415588378906e-01
2.098395347595214844e+00 -2.562140226364135742e+00 6.747896671295166016e-01
2.052248001098632812e+00 -2.557193756103515625e+00 6.524783372879028320e-01
1.980484247207641602e+00 -2.549407482147216797e+00 6.155818700790405273e-01
1.941444158554077148e+00 -2.545086383819580078e+00 5.935821533203125000e-01
1.898102164268493652e+00 -2.540232658386230469e+00 5.679441690444946289e-01
1.833059668540954590e+00 -2.532848834991455078e+00 5.273849964141845703e-01
1.770071983337402344e+00 -2.525542497634887695e+00 4.849535524845123291e-01
1.737944364547729492e+00 -2.521731138229370117e+00 4.616651833057403564e-01
1.659673333168029785e+00 -2.512330532073974609e+00 4.027815461158752441e-01
1.591466665267944336e+00 -2.503877401351928711e+00 3.466911613941192627e-01
1.572412252426147461e+00 -2.501443862915039062e+00 3.297613561153411865e-01
1.496425509452819824e+00 -2.491649866104125977e+00 2.607553005218505859e-01
1.442137360572814941e+00 -2.484384298324584961e+00 2.069955319166183472e-01
1.392282843589782715e+00 -2.477510929107666016e+00 1.544167548418045044e-01
1.344407200813293457e+00 -2.470712900161743164e+00 1.008634269237518311e-01
1.314487695693969727e+00 -2.466332912445068359e+00 6.540656089782714844e-02
1.252793073654174805e+00 -2.457114219665527344e+00 -1.046320050954818726e-02
1.200340390205383301e+00 -2.445795297622680664e+00 4.056575149297714233e-02
1.166422724723815918e+00 -2.438521146774291992e+00 7.181309908628463745e-02
1.084635496139526367e+00 -2.421044588088989258e+00 1.445760279893875122e-01
1.004906535148620605e+00 -2.404147386550903320e+00 2.097238898277282715e-01
9.623715281486511230e-01 -2.395195007324218750e+00 2.417031824588775635e-01
8.719622492790222168e-01 -2.376228332519531250e+00 3.067174255847930908e-01
8.004044294357299805e-01 -2.361311435699462891e+00 3.534145057201385498e-01
7.579605579376220703e-01 -2.352501392364501953e+00 3.790158033370971680e-01
6.634982824325561523e-01 -2.332937479019165039e+00 4.333425462245941162e-01
5.790071487426757812e-01 -2.315517902374267578e+00 4.768345952033996582e-01
5.216388702392578125e-01 -2.303729534149169922e+00 5.034241676330566406e-01
4.765243530273437500e-01 -2.294476270675659180e+00 5.228241086006164551e-01
4.025797843933105469e-01 -2.279328584671020508e+00 5.527219176292419434e-01
3.072181344032287598e-01 -2.259828090667724609e+00 5.873485207557678223e-01
1.978754550218582153e-01 -2.237507820129394531e+00 6.214064359664916992e-01
1.643449366092681885e-01 -2.230671882629394531e+00 6.299263238906860352e-01
6.403985619544982910e-02 -2.210225343704223633e+00 6.536914110183715820e-01
1.302171871066093445e-02 -2.199827909469604492e+00 6.631845235824584961e-01
-6.915199756622314453e-02 -2.183077096939086914e+00 6.763846874237060547e-01
-1.773571521043777466e-01 -2.161005973815917969e+00 6.893659234046936035e-01
-2.462888807058334351e-01 -2.146925926208496094e+00 6.939742565155029297e-01
-2.838912010192871094e-01 -2.139234781265258789e+00 6.952232122421264648e-01
-3.801171481609344482e-01 -2.119534492492675781e+00 6.966555714607238770e-01
-4.316889941692352295e-01 -2.108948469161987305e+00 6.949969530105590820e-01
-5.344732999801635742e-01 -2.087813615798950195e+00 6.890895962715148926e-01
-6.204525232315063477e-01 -2.070065975189208984e+00 6.797749400138854980e-01
-6.626461744308471680e-01 -2.061322450637817383e+00 6.733836531639099121e-01
-7.470690011978149414e-01 -2.043789625167846680e+00 6.587849259376525879e-01
-8.271738886833190918e-01 -2.027075052261352539e+00 6.414467096328735352e-01
-9.306244254112243652e-01 -2.005379676818847656e+00 6.146858334541320801e-01
-1.006923317909240723e+00 -1.989260792732238770e+00 5.906639695167541504e-01
-1.024219632148742676e+00 -1.985584020614624023e+00 5.844758749008178711e-01
-1.135859251022338867e+00 -1.961815118789672852e+00 5.434216260910034180e-01
-1.183875679969787598e+00 -1.951485753059387207e+00 5.225976109504699707e-01
-1.254033803939819336e+00 -1.936315774917602539e+00 4.900857210159301758e-01
-1.341671347618103027e+00 -1.917214393615722656e+00 4.455392062664031982e-01
-1.417028427124023438e+00 -1.900608301162719727e+00 4.027945101261138916e-01
-1.484060764312744141e+00 -1.885679364204406738e+00 3.611646294593811035e-01
-1.529027462005615234e+00 -1.875559687614440918e+00 3.309563696384429932e-01
-1.581125736236572266e+00 -1.863744974136352539e+00 2.940877079963684082e-01
-1.664597868919372559e+00 -1.844635128974914551e+00 2.313852310180664062e-01
-1.699071288108825684e+00 -1.836611270904541016e+00 2.029263675212860107e-01
-1.773429632186889648e+00 -1.819171309471130371e+00 1.390809416770935059e-01
-1.821630954742431641e+00 -1.807664990425109863e+00 9.404541552066802979e-02
-1.891444683074951172e+00 -1.790784597396850586e+00 2.508118748664855957e-02
-1.927794814109802246e+00 -1.781814932823181152e+00 -1.388158276677131653e-02
-2.002090454101562500e+00 -1.757920265197753906e+00 5.497769638895988464e-02
-2.127019166946411133e+00 -1.717998862266540527e+00 1.623744368553161621e-01
-2.155500650405883789e+00 -1.708983659744262695e+00 1.839248538017272949e-01
-2.264371633529663086e+00 -1.674585700035095215e+00 2.639729678630828857e-01
-2.329451799392700195e+00 -1.654159069061279297e+00 3.067159056663513184e-01
-2.402344942092895508e+00 -1.631357789039611816e+00 3.514165878295898438e-01
-2.488454818725585938e+00 -1.604515433311462402e+00 4.002096354961395264e-01
-2.585618019104003906e+00 -1.574338436126708984e+00 4.501633942127227783e-01
-2.723053216934204102e+00 -1.531808733940124512e+00 5.130695700645446777e-01
-2.771010637283325195e+00 -1.517033457756042480e+00 5.313869714736938477e-01
-2.909377574920654297e+00 -1.474455714225769043e+00 5.807515978813171387e-01
-2.973709583282470703e+00 -1.454723119735717773e+00 5.991373062133789062e-01
-3.054594278335571289e+00 -1.429940938949584961e+00 6.196811199188232422e-01
-3.156886339187622070e+00 -1.398636937141418457e+00 6.416370868682861328e-01
-3.244243383407592773e+00 -1.371934652328491211e+00 6.561126112937927246e-01
-3.354188919067382812e+00 -1.338349580764770508e+00 6.698060631752014160e-01
-3.411276102066040039e+00 -1.320918917655944824e+00 6.739854812622070312e-01
-3.508468866348266602e+00 -1.291242361068725586e+00 6.785275936126708984e-01
-3.639892816543579102e+00 -1.251104235649108887e+00 6.787431836128234863e-01
-3.734984636306762695e+00 -1.222038269042968750e+00 6.730769872665405273e-01
-3.821801900863647461e+00 -1.195472002029418945e+00 6.640217304229736328e-01
-3.877894401550292969e+00 -1.178284049034118652e+00 6.558510065078735352e-01
-3.993386268615722656e+00 -1.142855644226074219e+00 6.358983516693115234e-01
-4.060495853424072266e+00 -1.122215270996093750e+00 6.204886436462402344e-01
-4.149877548217773438e+00 -1.094672441482543945e+00 5.969318151473999023e-01
-4.216402530670166016e+00 -1.074113726615905762e+00 5.763151049613952637e-01
-4.328868865966796875e+00 -1.039270520210266113e+00 5.374590158462524414e-01
-4.385940551757812500e+00 -1.021504998207092285e+00 5.141800642013549805e-01
-4.479043006896972656e+00 -9.924405813217163086e-01 4.731187224388122559e-01
-4.595017433166503906e+00 -9.560499191284179688e-01 4.154466688632965088e-01
-4.633447170257568359e+00 -9.439015984535217285e-01 3.934660553932189941e-01
-4.703670501708984375e+00 -9.216383695602416992e-01 3.514494299888610840e-01
-4.780759811401367188e+00 -8.970599174499511719e-01 3.014622926712036133e-01
-4.908615112304687500e+00 -8.560115694999694824e-01 2.110718041658401489e-01
-4.955761432647705078e+00 -8.406730890274047852e-01 1.727270483970642090e-01
-5.021018505096435547e+00 -8.193169236183166504e-01 1.168038696050643921e-01
-5.111866950988769531e+00 -7.893189191818237305e-01 3.308803588151931763e-02
-5.179052352905273438e+00 -7.668177485466003418e-01 -3.548831492662429810e-02
-5.238173961639404297e+00 -7.417789697647094727e-01 1.569909602403640747e-02
-5.367549896240234375e+00 -6.872490644454956055e-01 1.214286983013153076e-01
-5.477495670318603516e+00 -6.413539648056030273e-01 2.004049569368362427e-01
-5.573473453521728516e+00 -6.015729904174804688e-01 2.620731592178344727e-01
-5.637810707092285156e+00 -5.750532150268554688e-01 2.994655370712280273e-01
-5.809138774871826172e+00 -5.046689510345458984e-01 3.923753499984741211e-01
-5.890295028686523438e+00 -4.716045856475830078e-01 4.283898174762725830e-01
-5.979276657104492188e+00 -4.354732632637023926e-01 4.640154242515563965e-01
-6.104835033416748047e+00 -3.846623897552490234e-01 5.085047483444213867e-01
-6.183346271514892578e+00 -3.530292510986328125e-01 5.313913822174072266e-01
-6.305695533752441406e+00 -3.038522601127624512e-01 5.624119639396667480e-01
-6.478673458099365234e+00 -2.345660924911499023e-01 5.962392091751098633e-01
-6.523363590240478516e+00 -2.167421281337738037e-01 6.013994216918945312e-01
-6.676480293273925781e+00 -1.557283997535705566e-01 6.159726381301879883e-01
-6.800807476043701172e+00 -1.063299328088760376e-01 6.191725134849548340e-01
-6.872278690338134766e+00 -7.798516005277633667e-02 6.169930696487426758e-01
-7.069266796112060547e+00 7.351487874984741211e-05 6.045941710472106934e-01
-7.114529609680175781e+00 1.797472126781940460e-02 5.976338982582092285e-01
-7.233123779296875000e+00 6.486905366182327271e-02 5.768731236457824707e-01
-7.343347549438476562e+00 1.084382534027099609e-01 5.513187646865844727e-01
-7.445638656616210938e+00 1.488754600286483765e-01 5.220297574996948242e-01
-7.533115386962890625e+00 1.834724545478820801e-01 4.923934638500213623e-01
-7.699853897094726562e+00 2.494663298130035400e-01 4.281227588653564453e-01
-7.821352958679199219e+00 2.976530790328979492e-01 3.698532879352569580e-01
-7.861761569976806641e+00 3.137186467647552490e-01 3.474548757076263428e-01
-7.994386196136474609e+00 3.665049672126770020e-01 2.704344987869262695e-01
-8.094909667968750000e+00 4.066767096519470215e-01 2.028217613697052002e-01
-8.194162368774414062e+00 4.465029835700988770e-01 1.283958852291107178e-01
-8.252311706542968750e+00 4.699541032314300537e-01 7.988707721233367920e-02
-8.330019950866699219e+00 5.014063119888305664e-01 1.083477586507797241e-02
-8.414387702941894531e+00 5.357441306114196777e-01 -7.080271840095520020e-02
-8.587998390197753906e+00 6.252420544624328613e-01 7.302522659301757812e-02
-8.737394332885742188e+00 7.010511755943298340e-01 1.769541501998901367e-01
-8.807130813598632812e+00 7.360296249389648438e-01 2.185115665197372437e-01
-8.971558570861816406e+00 8.181045651435852051e-01 3.094798028469085693e-01
-9.179008483886718750e+00 9.205456972122192383e-01 4.044108986854553223e-01
-9.316041946411132812e+00 9.874020814895629883e-01 4.519179165363311768e-01
-9.486619949340820312e+00 1.070041894912719727e+00 4.994348585605621338e-01
-9.609036445617675781e+00 1.128870844841003418e+00 5.235471129417419434e-01
-9.715867996215820312e+00 1.179938316345214844e+00 5.385342240333557129e-01
-9.889307975769042969e+00 1.262485504150390625e+00 5.544155240058898926e-01
-1.004672813415527344e+01 1.336904287338256836e+00 5.564422607421875000e-01
-1.012572002410888672e+01 1.374036312103271484e+00 5.518182516098022461e-01
-1.032715034484863281e+01 1.468476295471191406e+00 5.327599644660949707e-01
-1.049016284942626953e+01 1.544405698776245117e+00 5.020061731338500977e-01
-1.057022094726562500e+01 1.581517338752746582e+00 4.805673658847808838e-01
-1.077788162231445312e+01 1.677574038505554199e+00 4.165731072425842285e-01
-1.089119434356689453e+01 1.729703783988952637e+00 3.691455423831939697e-01
-1.106094455718994141e+01 1.807599067687988281e+00 2.870117425918579102e-01
-1.109533882141113281e+01 1.823326110839843750e+00 2.667178213596343994e-01
-1.124184894561767578e+01 1.890282034873962402e+00 1.768454760313034058e-01
-1.139241218566894531e+01 1.958927631378173828e+00 6.850571185350418091e-02
-1.147720336914062500e+01 1.997517585754394531e+00 -3.142565488815307617e-03
-1.174189090728759766e+01 2.149147033691406250e+00 2.012977302074432373e-01
-1.195794582366943359e+01 2.269378185272216797e+00 3.271584510803222656e-01
-1.205974197387695312e+01 2.324898481369018555e+00 3.732895553112030029e-01
-1.234602546691894531e+01 2.479702234268188477e+00 4.872508049011230469e-01
-1.256400775909423828e+01 2.594865083694458008e+00 5.419217348098754883e-01
-1.275865840911865234e+01 2.696035623550415039e+00 5.705988407135009766e-01
-1.307465744018554688e+01 2.857984066009521484e+00 5.889258384704589844e-01
-1.327072143554687500e+01 2.956207752227783203e+00 5.719623565673828125e-01
-1.345857524871826172e+01 3.049007177352905273e+00 5.386466979980468750e-01
-1.366570568084716797e+01 3.149928331375122070e+00 4.831897318363189697e-01
-1.382303333282470703e+01 3.225372552871704102e+00 4.244099557399749756e-01
-1.408335590362548828e+01 3.348618745803833008e+00 3.045260310173034668e-01
-1.422908878326416016e+01 3.416014671325683594e+00 2.139204591512680054e-01
-1.440290260314941406e+01 3.495215654373168945e+00 8.752854168415069580e-02
-1.457710361480712891e+01 3.573007822036743164e+00 -6.462763249874114990e-02
-1.465352630615234375e+01 3.606314420700073242e+00 -1.451957821846008301e-01
-1.515678405761718750e+01 3.895711421966552734e+00 2.738599479198455811e-01
-1.535649013519287109e+01 3.998623371124267578e+00 3.692163825035095215e-01
-1.579990386962890625e+01 4.219039440155029297e+00 5.357273221015930176e-01
-1.619930076599121094e+01 4.402553558349609375e+00 6.032610535621643066e-01
-1.680143356323242188e+01 4.660148143768310547e+00 6.044886708259582520e-01
-1.714305686950683594e+01 4.789514064788818359e+00 5.193183422088623047e-01
-1.745537757873535156e+01 4.898088455200195312e+00 3.936516046524047852e-01
-1.779298210144042969e+01 5.004342079162597656e+00 2.039072513580322266e-01
-1.805003356933593750e+01 5.073901653289794922e+00 5.054622888565063477e-03
-1.839374351501464844e+01 5.151486873626708984e+00 -3.340780138969421387e-01
-1.914011192321777344e+01 5.322015285491943359e+00 -1.573236137628555298e-01
-2.017972755432128906e+01 5.460097312927246094e+00 -1.876088976860046387e-01
-8.913490295410156250e+01 -8.797011375427246094e-01 -4.774638748168945312e+01
4.144680686059520000e+14 -3.010784154091520000e+14 -1.278857248243712000e+15
nan nan nan
nan nan nan
nan nan nan
nan nan nan
nan nan nan
nan nan nan
nan nan nan
nan nan nan
nan nan nan
nan nan nan
nan nan nan
nan nan nan
nan nan nan
nan nan nan
nan nan nan
nan nan nan
nan nan nan
nan nan nan
nan nan nan
nan nan nan
nan nan nan
nan nan nan
nan nan nan
nan nan nan
nan nan nan
nan nan nan
nan nan nan
