2.340643692016601562e+01 -2.084237933158874512e-01 2.327115982770919800e-01
2.322801780700683594e+01 -1.967137753963470459e-01 3.490110635757446289e-01
2.313726043701171875e+01 -1.908117681741714478e-01 4.074028730392456055e-01
2.297108650207519531e+01 -1.800550073385238647e-01 5.135904550552368164e-01
2.288392257690429688e+01 -1.744599640369415283e-01 5.685830712318420410e-01
2.274057960510253906e+01 -1.652984321117401123e-01 6.584024429321289062e-01
2.261863517761230469e+01 -1.575594842433929443e-01 7.339391112327575684e-01
2.241788482666015625e+01 -1.448947489261627197e-01 8.570472002029418945e-01
2.236496353149414062e+01 -1.415884196758270264e-01 8.889510035514831543e-01
2.216596221923828125e+01 -1.291860640048980713e-01 1.008369922637939453e+00
2.205112266540527344e+01 -1.220956817269325256e-01 1.076068758964538574e+00
2.192108726501464844e+01 -1.141089871525764465e-01 1.151918411254882812e+00
2.177119636535644531e+01 -1.049565523862838745e-01 1.238280415534973145e+00
2.167976188659667969e+01 -9.941041469573974609e-02 1.290198445320129395e+00
2.159994506835937500e+01 -9.458795934915542603e-02 1.335108160972595215e+00
2.139031791687011719e+01 -8.196535706520080566e-02 1.452102780342102051e+00
2.132524299621582031e+01 -7.808154821395874023e-02 1.487630486488342285e+00
2.123265075683593750e+01 -7.256988435983657837e-02 1.537827253341674805e+00
2.106172752380371094e+01 -6.243310868740081787e-02 1.629548668861389160e+00
2.095795631408691406e+01 -5.632022395730018616e-02 1.684165358543395996e+00
2.078519439697265625e+01 -4.618339985609054565e-02 1.773994207382202148e+00
2.070460510253906250e+01 -4.148524999618530273e-02 1.815030455589294434e+00
2.062984275817871094e+01 -3.713931143283843994e-02 1.852718830108642578e+00
2.049489402770996094e+01 -2.931523323059082031e-02 1.920104146003723145e+00
2.037981605529785156e+01 -2.267394214868545532e-02 1.976565003395080566e+00
2.021432685852050781e+01 -1.315905433148145676e-02 2.056512594223022461e+00
2.016361808776855469e+01 -1.025860942900180817e-02 2.080451011657714844e+00
2.002583312988281250e+01 -2.389051020145416260e-03 2.145025730133056641e+00
1.988182449340820312e+01 5.803855136036872864e-03 2.211164951324462891e+00
1.977480316162109375e+01 1.186927221715450287e-02 2.259248495101928711e+00
1.966047477722167969e+01 1.833198405802249908e-02 2.309754610061645508e+00
1.955785751342773438e+01 2.411758713424205780e-02 2.354250669479370117e+00
1.948184967041015625e+01 2.839369326829910278e-02 2.386645317077636719e+00
1.932914161682128906e+01 3.697223961353302002e-02 2.450882911682128906e+00
1.919709968566894531e+01 4.436910897493362427e-02 2.504935026168823242e+00
1.916753768920898438e+01 4.602165520191192627e-02 2.516742467880249023e+00
1.903335762023925781e+01 5.351937934756278992e-02 2.570034027099609375e+00
1.893307495117187500e+01 5.911291018128395081e-02 2.608829259872436523e+00
1.883967208862304688e+01 6.431682407855987549e-02 2.644232988357543945e+00
1.872552108764648438e+01 7.067112624645233154e-02 2.686660766601562500e+00
1.864122962951660156e+01 7.535907626152038574e-02 2.717221975326538086e+00
1.848681259155273438e+01 8.394276350736618042e-02 2.772155523300170898e+00
1.838703918457031250e+01 8.948504924774169922e-02 2.806384801864624023e+00
1.829426193237304688e+01 9.463772922754287720e-02 2.837441682815551758e+00
1.820835685729980469e+01 9.940880537033081055e-02 2.865525722503662109e+00
1.805500221252441406e+01 1.079271063208580017e-01 2.914535045623779297e+00
1.798383903503417969e+01 1.118819415569305420e-01 2.936331510543823242e+00
1.786363220214843750e+01 1.185653358697891235e-01 2.972397804260253906e+00
1.781110191345214844e+01 1.214886233210563660e-01 2.987596750259399414e+00
1.767815017700195312e+01 1.288910657167434692e-01 3.025435924530029297e+00
1.763932228088378906e+01 1.310561150312423706e-01 3.036016941070556641e+00
1.749076271057128906e+01 1.393439471721649170e-01 3.075969457626342773e+00
1.738957405090332031e+01 1.450010687112808228e-01 3.101781606674194336e+00
1.733058929443359375e+01 1.483045369386672974e-01 3.116263151168823242e+00
1.718107604980468750e+01 1.566875725984573364e-01 3.152127027511596680e+00
1.712477302551269531e+01 1.598542034626007080e-01 3.164816379547119141e+00
1.704079818725585938e+01 1.645835041999816895e-01 3.183277845382690430e+00
1.696187782287597656e+01 1.690374314785003662e-01 3.199971199035644531e+00
1.687156677246093750e+01 1.741449087858200073e-01 3.218359708786010742e+00
1.677609634399414062e+01 1.795580089092254639e-01 3.236925601959228516e+00
1.666091346740722656e+01 1.861077398061752319e-01 3.258197546005249023e+00
1.657069206237792969e+01 1.912572830915451050e-01 3.273779630661010742e+00
1.648103713989257812e+01 1.963905245065689087e-01 3.288411617279052734e+00
1.636849975585937500e+01 2.028552442789077759e-01 3.305702924728393555e+00
1.634058761596679688e+01 2.044656723737716675e-01 3.309652328491210938e+00
1.623351287841796875e+01 2.106506675481796265e-01 3.324477672576904297e+00
1.610219383239746094e+01 2.182701826095581055e-01 3.341114282608032227e+00
1.606995391845703125e+01 2.201516628265380859e-01 3.344725847244262695e+00
1.597659015655517578e+01 2.256085872650146484e-01 3.354845523834228516e+00
1.588158607482910156e+01 2.311860173940658569e-01 3.364134311676025391e+00
1.576279544830322266e+01 2.381925135850906372e-01 3.374449968338012695e+00
1.569346618652343750e+01 2.423065006732940674e-01 3.379509449005126953e+00
1.561090850830078125e+01 2.472233325242996216e-01 3.384858846664428711e+00
1.550213146209716797e+01 2.537303566932678223e-01 3.390837430953979492e+00
1.544803619384765625e+01 2.569855451583862305e-01 3.393101215362548828e+00
1.533482933044433594e+01 2.638180255889892578e-01 3.397093534469604492e+00
1.530595207214355469e+01 2.655717730522155762e-01 3.397709846496582031e+00
1.520657730102539062e+01 2.716163098812103271e-01 3.399475336074829102e+00
1.509750080108642578e+01 2.782865166664123535e-01 3.400058984756469727e+00
1.506010818481445312e+01 2.805861234664916992e-01 3.399743318557739258e+00
1.497786140441894531e+01 2.856534123420715332e-01 3.398656845092773438e+00
1.488481330871582031e+01 2.914083003997802734e-01 3.396445035934448242e+00
1.477048206329345703e+01 2.985079288482666016e-01 3.392346858978271484e+00
1.473864936828613281e+01 3.004932403564453125e-01 3.390727281570434570e+00
1.461136245727539062e+01 3.084393441677093506e-01 3.383714199066162109e+00
1.455101108551025391e+01 3.122205436229705811e-01 3.379358768463134766e+00
1.448609638214111328e+01 3.162924349308013916e-01 3.374142169952392578e+00
1.443669891357421875e+01 3.193941414356231689e-01 3.369733333587646484e+00
1.432868289947509766e+01 3.261803388595581055e-01 3.359355688095092773e+00
1.425909614562988281e+01 3.305560052394866943e-01 3.351619720458984375e+00
1.416049671173095703e+01 3.367567062377929688e-01 3.339686870574951172e+00
1.409921169281005859e+01 3.406099379062652588e-01 3.331403255462646484e+00
1.399959850311279297e+01 3.468701839447021484e-01 3.317052602767944336e+00
1.397641086578369141e+01 3.483259379863739014e-01 3.313372611999511719e+00
1.385458850860595703e+01 3.559714555740356445e-01 3.293619155883789062e+00
1.381235122680664062e+01 3.586171865463256836e-01 3.285997867584228516e+00
1.373176097869873047e+01 3.636609911918640137e-01 3.270938396453857422e+00
1.363876628875732422e+01 3.694708943367004395e-01 3.252409696578979492e+00
1.357611083984375000e+01 3.733762800693511963e-01 3.239018678665161133e+00
1.348920154571533203e+01 3.787841200828552246e-01 3.219585180282592773e+00
1.341555118560791016e+01 3.833551704883575439e-01 3.202095031738281250e+00
1.336401557922363281e+01 3.865461647510528564e-01 3.189243078231811523e+00
1.329782676696777344e+01 3.906373083591461182e-01 3.172179698944091797e+00
1.324469184875488281e+01 3.939139544963836670e-01 3.157901763916015625e+00
1.317337894439697266e+01 3.983030021190643311e-01 3.138108491897583008e+00
1.310498809814453125e+01 4.025007486343383789e-01 3.118306159973144531e+00
1.300626277923583984e+01 4.085439145565032959e-01 3.088572263717651367e+00
1.294668579101562500e+01 4.121758341789245605e-01 3.069615125656127930e+00
1.287190055847167969e+01 4.167231321334838867e-01 3.045040369033813477e+00
1.279935550689697266e+01 4.211195111274719238e-01 3.020243644714355469e+00
1.272768402099609375e+01 4.254484474658966064e-01 2.994816064834594727e+00
1.270055103302001953e+01 4.270816743373870850e-01 2.984838247299194336e+00
1.259446430206298828e+01 4.334590733051300049e-01 2.945300579071044922e+00
1.254014015197753906e+01 4.367076754570007324e-01 2.923991441726684570e+00
1.245956420898437500e+01 4.415127336978912354e-01 2.891566753387451172e+00
1.239333629608154297e+01 4.454455673694610596e-01 2.863907098770141602e+00
1.235429191589355469e+01 4.477559328079223633e-01 2.847105741500854492e+00
1.227410793304443359e+01 4.524905979633331299e-01 2.811996698379516602e+00
1.220359897613525391e+01 4.566355347633361816e-01 2.780021190643310547e+00
1.216855525970458984e+01 4.586873948574066162e-01 2.763641119003295898e+00
1.209278488159179688e+01 4.631149768829345703e-01 2.727694988250732422e+00
1.204050731658935547e+01 4.661563038825988770e-01 2.702096939086914062e+00
1.198575878143310547e+01 4.693315625190734863e-01 2.674706697463989258e+00
1.189190387725830078e+01 4.747570157051086426e-01 2.626696825027465820e+00
1.183559703826904297e+01 4.779933393001556396e-01 2.596794843673706055e+00
1.178181648254394531e+01 4.810736477375030518e-01 2.567596435546875000e+00
1.172910404205322266e+01 4.840826094150543213e-01 2.538374423980712891e+00
1.166853332519531250e+01 4.875285923480987549e-01 2.504110574722290039e+00
1.160284709930419922e+01 4.912510812282562256e-01 2.466089725494384766e+00
1.150749778747558594e+01 4.966315329074859619e-01 2.409525156021118164e+00
1.144791603088378906e+01 4.999724924564361572e-01 2.372915029525756836e+00
1.139359283447265625e+01 5.030064582824707031e-01 2.338805675506591797e+00
1.137079143524169922e+01 5.042752623558044434e-01 2.324206352233886719e+00
1.127447795867919922e+01 5.096263289451599121e-01 2.262034654617309570e+00
1.121887016296386719e+01 5.126953721046447754e-01 2.224896192550659180e+00
1.115135955810546875e+01 5.164068937301635742e-01 2.178925514221191406e+00
1.111483573913574219e+01 5.184053778648376465e-01 2.153468132019042969e+00
1.105429744720458984e+01 5.217093229293823242e-01 2.110741376876831055e+00
1.099391078948974609e+01 5.249907374382019043e-01 2.067235469818115234e+00
1.093708610534667969e+01 5.280652046203613281e-01 2.025455236434936523e+00
1.089036369323730469e+01 5.305827260017395020e-01 1.990444421768188477e+00
1.084009647369384766e+01 5.332819819450378418e-01 1.952190399169921875e+00
1.075833797454833984e+01 5.376561284065246582e-01 1.888932824134826660e+00
1.069277667999267578e+01 5.411424636840820312e-01 1.836837053298950195e+00
1.064787387847900391e+01 5.435186028480529785e-01 1.800393462181091309e+00
1.058484554290771484e+01 5.468427538871765137e-01 1.748496770858764648e+00
1.054296398162841797e+01 5.490411520004272461e-01 1.713313221931457520e+00
1.048837947845458984e+01 5.518972277641296387e-01 1.666846871376037598e+00
1.041244506835937500e+01 5.558539628982543945e-01 1.601087212562561035e+00
1.035749053955078125e+01 5.587009191513061523e-01 1.552354931831359863e+00
1.031992816925048828e+01 5.606386661529541016e-01 1.518473982810974121e+00
1.027612400054931641e+01 5.628919005393981934e-01 1.478502511978149414e+00
1.022227287292480469e+01 5.656526088714599609e-01 1.428699016571044922e+00
1.015607452392578125e+01 5.690322518348693848e-01 1.366461277008056641e+00
1.012189102172851562e+01 5.707684755325317383e-01 1.333671569824218750e+00
1.003690719604492188e+01 5.750734806060791016e-01 1.251307368278503418e+00
9.995736122131347656e+00 5.771452784538269043e-01 1.210375070571899414e+00
9.966405868530273438e+00 5.786164999008178711e-01 1.180854439735412598e+00
9.905873298645019531e+00 5.816459059715270996e-01 1.119396209716796875e+00
9.859998703002929688e+00 5.839309096336364746e-01 1.071977853775024414e+00
9.814178466796875000e+00 5.862050652503967285e-01 1.023970723152160645e+00
9.739978790283203125e+00 5.898746252059936523e-01 9.451774954795837402e-01
9.711102485656738281e+00 5.912944674491882324e-01 9.138417243957519531e-01
9.648538589477539062e+00 5.943638086318969727e-01 8.453763723373413086e-01
9.587225914001464844e+00 5.973571538925170898e-01 7.770524024963378906e-01
9.557513236999511719e+00 5.988008379936218262e-01 7.433518171310424805e-01
9.478976249694824219e+00 6.026081442832946777e-01 6.535084843635559082e-01
9.457079887390136719e+00 6.036632061004638672e-01 6.278896331787109375e-01
9.391064643859863281e+00 6.068387031555175781e-01 5.501689314842224121e-01
9.329874038696289062e+00 6.097672581672668457e-01 4.767617583274841309e-01
9.313446044921875000e+00 6.105498671531677246e-01 4.567090868949890137e-01
9.264572143554687500e+00 6.128751635551452637e-01 3.967745006084442139e-01
9.215654373168945312e+00 6.151940226554870605e-01 3.359526097774505615e-01
9.158824920654296875e+00 6.178780198097229004e-01 2.643148899078369141e-01
9.099240303039550781e+00 6.206802129745483398e-01 1.879974007606506348e-01
9.056841850280761719e+00 6.226654052734375000e-01 1.327797919511795044e-01
9.018826484680175781e+00 6.244398355484008789e-01 8.268167823553085327e-02
8.960060119628906250e+00 6.271753907203674316e-01 4.411935806274414062e-03
8.919881820678710938e+00 6.290377974510192871e-01 -4.998055472970008850e-02
8.882392883300781250e+00 6.350640654563903809e-01 8.755985647439956665e-03
8.840045928955078125e+00 6.418244242668151855e-01 7.203379273414611816e-02
8.798571586608886719e+00 6.483992338180541992e-01 1.308634877204895020e-01
8.750193595886230469e+00 6.560219526290893555e-01 1.961666345596313477e-01
8.710894584655761719e+00 6.621750593185424805e-01 2.462952136993408203e-01
8.668327331542968750e+00 6.688097715377807617e-01 2.982070744037628174e-01
8.622837066650390625e+00 6.758689880371093750e-01 3.510836064815521240e-01
8.580406188964843750e+00 6.824259161949157715e-01 3.979648351669311523e-01
8.534007072448730469e+00 6.895714402198791504e-01 4.468848109245300293e-01
8.483679771423339844e+00 6.972962617874145508e-01 4.973094761371612549e-01
8.409087181091308594e+00 7.087096571922302246e-01 5.680308938026428223e-01
8.390074729919433594e+00 7.116072773933410645e-01 5.846287608146667480e-01
8.331329345703125000e+00 7.205536365509033203e-01 6.348564028739929199e-01
8.262948036193847656e+00 7.309443950653076172e-01 6.896170973777770996e-01
8.248479843139648438e+00 7.331385016441345215e-01 7.003382444381713867e-01
8.173613548278808594e+00 7.444891333580017090e-01 7.549120783805847168e-01
8.111257553100585938e+00 7.539308667182922363e-01 7.965521216392517090e-01
8.088389396667480469e+00 7.573917508125305176e-01 8.107168674468994141e-01
8.009461402893066406e+00 7.693367600440979004e-01 8.582546114921569824e-01
7.963775157928466797e+00 7.762520313262939453e-01 8.831287026405334473e-01
7.903228759765625000e+00 7.854209542274475098e-01 9.141477346420288086e-01
7.881864547729492188e+00 7.886592745780944824e-01 9.242055416107177734e-01
7.828521251678466797e+00 7.967484593391418457e-01 9.485553503036499023e-01
7.771746635437011719e+00 8.053686618804931641e-01 9.724681973457336426e-01
7.681769371032714844e+00 8.190519213676452637e-01 1.007059812545776367e+00
7.631688117980957031e+00 8.266909122467041016e-01 1.023463964462280273e+00
7.590588092803955078e+00 8.329731225967407227e-01 1.035658597946166992e+00
7.537956714630126953e+00 8.410332202911376953e-01 1.049959540367126465e+00
7.495267391204833984e+00 8.475878834724426270e-01 1.060207128524780273e+00
7.442470550537109375e+00 8.557134270668029785e-01 1.071539282798767090e+00
7.386738777160644531e+00 8.643169999122619629e-01 1.081763505935668945e+00
7.310280323028564453e+00 8.761616945266723633e-01 1.093293428421020508e+00
7.259536266326904297e+00 8.840637207031250000e-01 1.098687291145324707e+00
7.210615158081054688e+00 8.917108774185180664e-01 1.102450966835021973e+00
7.141429901123046875e+00 9.025677442550659180e-01 1.105819106101989746e+00
7.120442390441894531e+00 9.058804512023925781e-01 1.106002330780029297e+00
7.066849231719970703e+00 9.143558740615844727e-01 1.105820298194885254e+00
6.978317737579345703e+00 9.284264445304870605e-01 1.102772355079650879e+00
6.941636085510253906e+00 9.343073964118957520e-01 1.099617958068847656e+00
6.876618862152099609e+00 9.447724819183349609e-01 1.092627167701721191e+00
6.834005832672119141e+00 9.516815543174743652e-01 1.086406350135803223e+00
6.778857707977294922e+00 9.606685042381286621e-01 1.076950550079345703e+00
6.743269920349121094e+00 9.665077924728393555e-01 1.069662451744079590e+00
6.668509006500244141e+00 9.788322448730468750e-01 1.052723646163940430e+00
6.636456489562988281e+00 9.841702580451965332e-01 1.043973326683044434e+00
6.570707321166992188e+00 9.951714873313903809e-01 1.024689435958862305e+00
6.527593135833740234e+00 1.002457499504089355e+00 1.010220050811767578e+00
6.472337722778320312e+00 1.011860370635986328e+00 9.901064038276672363e-01
6.392777919769287109e+00 1.025525569915771484e+00 9.581875205039978027e-01
6.339562892913818359e+00 1.034796357154846191e+00 9.338989257812500000e-01
6.326887130737304688e+00 1.037027478218078613e+00 9.276266694068908691e-01
6.241669654846191406e+00 1.052065253257751465e+00 8.846614956855773926e-01
6.195058345794677734e+00 1.060437083244323730e+00 8.581565618515014648e-01
6.159484386444091797e+00 1.066894173622131348e+00 8.366100192070007324e-01
6.112526416778564453e+00 1.075489997863769531e+00 8.067972064018249512e-01
6.068645954132080078e+00 1.083616614341735840e+00 7.771924138069152832e-01
6.011732578277587891e+00 1.094278573989868164e+00 7.365941405296325684e-01
5.982924461364746094e+00 1.099760890007019043e+00 7.145351767539978027e-01
5.941015720367431641e+00 1.107804298400878906e+00 6.812802553176879883e-01
5.863267898559570312e+00 1.122918844223022461e+00 6.163339614868164062e-01
5.824970722198486328e+00 1.130554795265197754e+00 5.811896920204162598e-01
5.797043323516845703e+00 1.136200070381164551e+00 5.543375611305236816e-01
5.765104770660400391e+00 1.142724633216857910e+00 5.225605368614196777e-01
5.693017959594726562e+00 1.157636761665344238e+00 4.479688107967376709e-01
5.681808471679687500e+00 1.160026431083679199e+00 4.352940320968627930e-01
5.642938137054443359e+00 1.168355703353881836e+00 3.907143473625183105e-01
5.594355106353759766e+00 1.178959012031555176e+00 3.321740925312042236e-01
5.541821002960205078e+00 1.190710186958312988e+00 2.647662758827209473e-01
5.501639842987060547e+00 1.199963331222534180e+00 2.094728052616119385e-01
5.473024845123291016e+00 1.206716418266296387e+00 1.678433716297149658e-01
5.441190242767333984e+00 1.214372158050537109e+00 1.195919960737228394e-01
5.418882846832275391e+00 1.219857811927795410e+00 8.415699005126953125e-02
5.376120090484619141e+00 1.230551362037658691e+00 1.387821137905120850e-02
5.350383758544921875e+00 1.237210988998413086e+00 -3.135664016008377075e-02
5.297655582427978516e+00 1.254417896270751953e+00 3.702831268310546875e-02
5.254740238189697266e+00 1.268333911895751953e+00 8.938374370336532593e-02
5.172304630279541016e+00 1.294941663742065430e+00 1.851793080568313599e-01
5.128800392150878906e+00 1.308871865272521973e+00 2.312546968460083008e-01
5.087401866912841797e+00 1.322080254554748535e+00 2.730579674243927002e-01
5.014943599700927734e+00 1.345125913619995117e+00 3.429952263832092285e-01
4.992227077484130859e+00 1.352314829826354980e+00 3.632453978061676025e-01
4.906147480010986328e+00 1.379518389701843262e+00 4.381100535392761230e-01
4.889687538146972656e+00 1.384694576263427734e+00 4.511210918426513672e-01
4.802376747131347656e+00 1.412129759788513184e+00 5.188954472541809082e-01
4.767255306243896484e+00 1.423121213912963867e+00 5.435824990272521973e-01
4.719443798065185547e+00 1.438063621520996094e+00 5.758598446846008301e-01
4.638225555419921875e+00 1.463403463363647461e+00 6.276992559432983398e-01
4.581417083740234375e+00 1.481082081794738770e+00 6.605372428894042969e-01
4.509228229522705078e+00 1.503514289855957031e+00 6.993646621704101562e-01
4.481407642364501953e+00 1.512145757675170898e+00 7.129544019699096680e-01
4.399246692657470703e+00 1.537624716758728027e+00 7.515738606452941895e-01
4.332227706909179688e+00 1.558382153511047363e+00 7.794946432113647461e-01
4.294697761535644531e+00 1.569998264312744141e+00 7.935483455657958984e-01
4.236578941345214844e+00 1.587983012199401855e+00 8.139712810516357422e-01
4.178640842437744141e+00 1.605907678604125977e+00 8.322895765304565430e-01
4.088592529296875000e+00 1.633765220642089844e+00 8.576535582542419434e-01
4.045986175537109375e+00 1.646949172019958496e+00 8.674081563949584961e-01
3.970046281814575195e+00 1.670454978942871094e+00 8.829342722892761230e-01
3.932321548461914062e+00 1.682140707969665527e+00 8.890137672424316406e-01
3.850466728210449219e+00 1.707509398460388184e+00 9.004625082015991211e-01
3.809940338134765625e+00 1.720085740089416504e+00 9.042663574218750000e-01
3.764050245285034180e+00 1.734338402748107910e+00 9.075347185134887695e-01
3.681926488876342773e+00 1.759871006011962891e+00 9.112810492515563965e-01
3.608348608016967773e+00 1.782793879508972168e+00 9.112637042999267578e-01
3.588128566741943359e+00 1.789107203483581543e+00 9.104261994361877441e-01
3.515853643417358398e+00 1.811689257621765137e+00 9.066120386123657227e-01
3.423971414566040039e+00 1.840471148490905762e+00 8.980151414871215820e-01
3.396548748016357422e+00 1.849092841148376465e+00 8.940108418464660645e-01
3.330893993377685547e+00 1.869760751724243164e+00 8.833835124969482422e-01
3.274963855743408203e+00 1.887422919273376465e+00 8.721876144409179688e-01
3.219365835189819336e+00 1.905032038688659668e+00 8.592143654823303223e-01
3.154924869537353516e+00 1.925506830215454102e+00 8.420171141624450684e-01
3.075613737106323242e+00 1.950806498527526855e+00 8.177068829536437988e-01
3.042143106460571289e+00 1.961540579795837402e+00 8.057695627212524414e-01
2.968269586563110352e+00 1.985290884971618652e+00 7.778157591819763184e-01
2.932626485824584961e+00 1.996816515922546387e+00 7.625773549079895020e-01
2.879612684249877930e+00 2.014011621475219727e+00 7.386150956153869629e-01
2.796662092208862305e+00 2.041045665740966797e+00 6.980282664299011230e-01
2.771700382232666016e+00 2.049246788024902344e+00 6.842998862266540527e-01
2.689995765686035156e+00 2.076163053512573242e+00 6.378059387207031250e-01
2.642763137817382812e+00 2.091867208480834961e+00 6.078816056251525879e-01
2.594776391983032227e+00 2.107916831970214844e+00 5.755864977836608887e-01
2.546455860137939453e+00 2.124182701110839844e+00 5.410469770431518555e-01
2.492716312408447266e+00 2.142399311065673828e+00 5.002667307853698730e-01
2.459228277206420898e+00 2.153846263885498047e+00 4.731280803680419922e-01
2.405333757400512695e+00 2.172372579574584961e+00 4.276295602321624756e-01
2.365984201431274414e+00 2.186029911041259766e+00 3.921658396720886230e-01
2.292921781539916992e+00 2.211582422256469727e+00 3.230852186679840088e-01
2.243422746658325195e+00 2.229161739349365234e+00 2.719321548938751221e-01
2.202617883682250977e+00 2.243824481964111328e+00 2.270915061235427856e-01
2.158252954483032227e+00 2.259936571121215820e+00 1.757573038339614868e-01
2.110259294509887695e+00 2.277585983276367188e+00 1.169595420360565186e-01
2.074283838272094727e+00 2.291013956069946289e+00 7.000285387039184570e-02
2.045278787612915039e+00 2.301974534988403320e+00 3.023985400795936584e-02
1.994394302368164062e+00 2.324995756149291992e+00 8.745499700307846069e-02
1.929805397987365723e+00 2.354113101959228516e+00 1.559792160987854004e-01
1.869261622428894043e+00 2.381296873092651367e+00 2.156813740730285645e-01
1.818832397460937500e+00 2.403864622116088867e+00 2.621416747570037842e-01
1.757586359977722168e+00 2.431206464767456055e+00 3.154720664024353027e-01
1.676254272460937500e+00 2.467419385910034180e+00 3.815699219703674316e-01
1.638775944709777832e+00 2.484055280685424805e+00 4.093171358108520508e-01
1.547735929489135742e+00 2.524417877197265625e+00 4.738649129867553711e-01
1.509896159172058105e+00 2.541149854660034180e+00 4.979265928268432617e-01
1.437742352485656738e+00 2.573026418685913086e+00 5.417368412017822266e-01
1.379302501678466797e+00 2.598805189132690430e+00 5.741183161735534668e-01
1.284980654716491699e+00 2.640370368957519531e+00 6.224947571754455566e-01
1.241078495979309082e+00 2.659691333770751953e+00 6.421970129013061523e-01
1.143000602722167969e+00 2.702836751937866211e+00 6.834019422531127930e-01
1.096056938171386719e+00 2.723472595214843750e+00 7.001908421516418457e-01
1.059840679168701172e+00 2.739390134811401367e+00 7.120953798294067383e-01
9.487178325653076172e-01 2.788227558135986328e+00 7.461776733398437500e-01
8.873243331909179688e-01 2.815209388732910156e+00 7.609249949455261230e-01
8.426437377929687500e-01 2.834851264953613281e+00 7.700569629669189453e-01
7.734221220016479492e-01 2.865290880203247070e+00 7.824196815490722656e-01
6.926627159118652344e-01 2.900825023651123047e+00 7.936397790908813477e-01
6.145982742309570312e-01 2.935204505920410156e+00 8.009017109870910645e-01
5.334740877151489258e-01 2.970971822738647461e+00 8.048678636550903320e-01
5.052248239517211914e-01 2.983444690704345703e+00 8.049548268318176270e-01
4.369278848171234131e-01 3.013617515563964844e+00 8.040751218795776367e-01
3.400689363479614258e-01 3.056473970413208008e+00 7.990760207176208496e-01
2.930384576320648193e-01 3.077334403991699219e+00 7.940431833267211914e-01
2.304951548576354980e-01 3.105114459991455078e+00 7.856492400169372559e-01
1.390761435031890869e-01 3.145802259445190430e+00 7.700376510620117188e-01
1.057693734765052795e-01 3.160674333572387695e+00 7.625378966331481934e-01
1.492866128683090210e-02 3.201291322708129883e+00 7.402467131614685059e-01
-5.598665773868560791e-02 3.233122587203979492e+00 7.188611626625061035e-01
-1.072786077857017517e-01 3.256225109100341797e+00 7.010704278945922852e-01
-1.581265032291412354e-01 3.279190540313720703e+00 6.817198991775512695e-01
-2.324421703815460205e-01 3.312853097915649414e+00 6.508912444114685059e-01
-2.993137240409851074e-01 3.343283414840698242e+00 6.196902990341186523e-01
-3.476227819919586182e-01 3.365367650985717773e+00 5.948010683059692383e-01
-4.245402812957763672e-01 3.400658130645751953e+00 5.523581504821777344e-01
-4.770251214504241943e-01 3.424889326095581055e+00 5.202050805091857910e-01
-5.620946884155273438e-01 3.464350700378417969e+00 4.643585085868835449e-01
-5.810680389404296875e-01 3.473226070404052734e+00 4.504747688770294189e-01
-6.654199361801147461e-01 3.512766838073730469e+00 3.872448205947875977e-01
-7.229813337326049805e-01 3.540014982223510742e+00 3.393252491950988770e-01
-7.719590663909912109e-01 3.563377380371093750e+00 2.955298721790313721e-01
-8.209211826324462891e-01 3.586900234222412109e+00 2.489912807941436768e-01
-8.557341694831848145e-01 3.603756904602050781e+00 2.138029634952545166e-01
-9.261084794998168945e-01 3.638040304183959961e+00 1.394459605216979980e-01
-9.731982350349426270e-01 3.661289930343627930e+00 8.498492836952209473e-02
-1.033497571945190430e+00 3.691369056701660156e+00 1.074152439832687378e-02
-1.077379107475280762e+00 3.713584184646606445e+00 -4.793730005621910095e-02
-1.098276853561401367e+00 3.725944280624389648e+00 -2.526021189987659454e-02
-1.215296387672424316e+00 3.795063972473144531e+00 9.879110008478164673e-02
-1.261209845542907715e+00 3.821996212005615234e+00 1.414026170969009399e-01
-1.350603580474853516e+00 3.874317407608032227e+00 2.202513813972473145e-01
-1.378308057785034180e+00 3.890469074249267578e+00 2.423477172851562500e-01
-1.481812119483947754e+00 3.950748682022094727e+00 3.223739862442016602e-01
-1.541295409202575684e+00 3.985264539718627930e+00 3.631589114665985107e-01
-1.596556067466735840e+00 4.017273902893066406e+00 3.984661102294921875e-01
-1.665172100067138672e+00 4.056962013244628906e+00 4.394469559192657471e-01
-1.752725243568420410e+00 4.107521533966064453e+00 4.873752593994140625e-01
-1.817342996597290039e+00 4.144770145416259766e+00 5.188117027282714844e-01
-1.930750131607055664e+00 4.210072040557861328e+00 5.690979361534118652e-01
-1.990919351577758789e+00 4.244662761688232422e+00 5.913812518119812012e-01
-2.110243558883666992e+00 4.313220024108886719e+00 6.311265826225280762e-01
-2.169302463531494141e+00 4.347119331359863281e+00 6.465345621109008789e-01
-2.256913661956787109e+00 4.397395610809326172e+00 6.663495898246765137e-01
-2.315716028213500977e+00 4.431133270263671875e+00 6.766586899757385254e-01
-2.384749412536621094e+00 4.470742225646972656e+00 6.864366531372070312e-01
-2.496132850646972656e+00 4.534660816192626953e+00 6.978380680084228516e-01
-2.556695699691772461e+00 4.569433689117431641e+00 7.002155780792236328e-01
-2.669749259948730469e+00 4.634377002716064453e+00 7.007862329483032227e-01
-2.722869873046875000e+00 4.664927482604980469e+00 6.976459026336669922e-01
-2.817367076873779297e+00 4.719315052032470703e+00 6.891907453536987305e-01
-2.860677719116210938e+00 4.744280338287353516e+00 6.829505562782287598e-01
-2.947188615798950195e+00 4.794189929962158203e+00 6.682912707328796387e-01
-3.012675046920776367e+00 4.832040786743164062e+00 6.538257002830505371e-01
-3.121759653091430664e+00 4.895195484161376953e+00 6.253855824470520020e-01
-3.195839881896972656e+00 4.938217163085937500e+00 6.010152697563171387e-01
-3.260469436645507812e+00 4.975844383239746094e+00 5.766386389732360840e-01
-3.341910600662231445e+00 5.023375988006591797e+00 5.423773527145385742e-01
-3.392852783203125000e+00 5.053209781646728516e+00 5.180434584617614746e-01
-3.493547916412353516e+00 5.112324714660644531e+00 4.661966562271118164e-01
-3.565486669540405273e+00 5.154780387878417969e+00 4.236103892326354980e-01
-3.619632482528686523e+00 5.186875343322753906e+00 3.883621096611022949e-01
-3.671105384826660156e+00 5.217498779296875000e+00 3.524342179298400879e-01
-3.761679410934448242e+00 5.271591663360595703e+00 2.849569022655487061e-01
-3.832353591918945312e+00 5.314115524291992188e+00 2.260527312755584717e-01
-3.874377965927124023e+00 5.339572906494140625e+00 1.878343224525451660e-01
-3.938890933990478516e+00 5.378831863403320312e+00 1.260119974613189697e-01
-4.006577968597412109e+00 5.420339107513427734e+00 5.569974333047866821e-02
-4.055249214172363281e+00 5.450460910797119141e+00 5.905404686927795410e-04
-4.105607509613037109e+00 5.486910820007324219e+00 5.107498168945312500e-02
-4.202829360961914062e+00 5.557078838348388672e+00 1.430814266204833984e-01
-4.300652027130126953e+00 5.627325534820556641e+00 2.257814109325408936e-01
-4.377202987670898438e+00 5.682058811187744141e+00 2.834583520889282227e-01
-4.481153964996337891e+00 5.756165027618408203e+00 3.548855185508728027e-01
-4.542445659637451172e+00 5.799705505371093750e+00 3.918254077434539795e-01
-4.624655246734619141e+00 5.858001708984375000e+00 4.375340938568115234e-01
-4.707203865051269531e+00 5.916410923004150391e+00 4.784628152847290039e-01
-4.800936222076416016e+00 5.982606410980224609e+00 5.195146203041076660e-01
-4.918631553649902344e+00 6.065567016601562500e+00 5.636284351348876953e-01
-4.987949371337890625e+00 6.114328861236572266e+00 5.843196511268615723e-01
-5.102106571197509766e+00 6.194557666778564453e+00 6.134362220764160156e-01
-5.215773105621337891e+00 6.274336338043212891e+00 6.344459652900695801e-01
-5.328947544097900391e+00 6.353694438934326172e+00 6.476122140884399414e-01
-5.412531375885009766e+00 6.412268638610839844e+00 6.517010331153869629e-01
-5.503356456756591797e+00 6.475906372070312500e+00 6.516419053077697754e-01
-5.576041221618652344e+00 6.526834964752197266e+00 6.476673483848571777e-01
-5.652983665466308594e+00 6.580758094787597656e+00 6.401095986366271973e-01
-5.755195140838623047e+00 6.652417659759521484e+00 6.253065466880798340e-01
-5.910684108734130859e+00 6.761512756347656250e+00 5.929880738258361816e-01
-5.997313022613525391e+00 6.822396755218505859e+00 5.663892626762390137e-01
-6.042794227600097656e+00 6.854407310485839844e+00 5.497923493385314941e-01
-6.132102012634277344e+00 6.917321681976318359e+00 5.144001245498657227e-01
-6.258644104003906250e+00 7.006645202636718750e+00 4.561981856822967529e-01
-6.288318634033203125e+00 7.027664184570312500e+00 4.397048354148864746e-01
-6.378266334533691406e+00 7.091440677642822266e+00 3.875585794448852539e-01
-6.456518650054931641e+00 7.147108078002929688e+00 3.362820148468017578e-01
-6.583975315093994141e+00 7.238089561462402344e+00 2.437429428100585938e-01
-6.607391834259033203e+00 7.254915714263916016e+00 2.237714529037475586e-01
-6.683088779449462891e+00 7.309390544891357422e+00 1.572576165199279785e-01
-6.801918506622314453e+00 7.395354270935058594e+00 4.237765818834304810e-02
-6.860315799713134766e+00 7.438021183013916016e+00 -2.327165007591247559e-02
-6.958821773529052734e+00 7.523517608642578125e+00 7.554927468299865723e-02
-7.097388744354248047e+00 7.642906665802001953e+00 1.991126835346221924e-01
-7.169838428497314453e+00 7.704773902893066406e+00 2.536009848117828369e-01
-7.281163215637207031e+00 7.799460411071777344e+00 3.300556838512420654e-01
-7.392323017120361328e+00 7.893478870391845703e+00 3.959080576896667480e-01
-7.530851364135742188e+00 8.010066986083984375e+00 4.658460021018981934e-01
-7.618031024932861328e+00 8.083038330078125000e+00 5.009409189224243164e-01
-7.770316600799560547e+00 8.210122108459472656e+00 5.529864430427551270e-01
-7.893725395202636719e+00 8.312612533569335938e+00 5.824890732765197754e-01
-7.966782569885253906e+00 8.373082160949707031e+00 5.941011309623718262e-01
-8.123800277709960938e+00 8.502819061279296875e+00 6.117561459541320801e-01
-8.256155967712402344e+00 8.611795425415039062e+00 6.134639978408813477e-01
-8.396780014038085938e+00 8.727293014526367188e+00 6.035013198852539062e-01
-8.511775016784667969e+00 8.821530342102050781e+00 5.849820971488952637e-01
-8.559932708740234375e+00 8.860938072204589844e+00 5.735866427421569824e-01
-8.708632469177246094e+00 8.982563972473144531e+00 5.335830450057983398e-01
-8.810758590698242188e+00 9.065988540649414062e+00 4.955472350120544434e-01
-8.910038948059082031e+00 9.147050857543945312e+00 4.511097073554992676e-01
-9.016125679016113281e+00 9.233659744262695312e+00 3.954273164272308350e-01
-9.172385215759277344e+00 9.361258506774902344e+00 2.996055483818054199e-01
-9.197366714477539062e+00 9.381679534912109375e+00 2.806944847106933594e-01
-9.359288215637207031e+00 9.514091491699218750e+00 1.540059745311737061e-01
-9.421429634094238281e+00 9.565050125122070312e+00 9.424397349357604980e-02
-9.517901420593261719e+00 9.644309043884277344e+00 -6.321310997009277344e-03
-9.613180160522460938e+00 9.722872734069824219e+00 -1.190574020147323608e-01
-9.728438377380371094e+00 9.836366653442382812e+00 -7.614485919475555420e-03
-9.946549415588378906e+00 1.004829978942871094e+01 1.748530864715576172e-01
-1.009215259552001953e+01 1.018668460845947266e+01 2.654640674591064453e-01
-1.017012882232666016e+01 1.025987243652343750e+01 3.045161962509155273e-01
-1.039540576934814453e+01 1.047001838684082031e+01 4.038028717041015625e-01
-1.053675651550292969e+01 1.059965229034423828e+01 4.427121877670288086e-01
-1.068941879272460938e+01 1.073830604553222656e+01 4.700621664524078369e-01
-1.085599231719970703e+01 1.088807678222656250e+01 4.831239581108093262e-01
-1.099667263031005859e+01 1.101322555541992188e+01 4.789345562458038330e-01
-1.119980049133300781e+01 1.119234561920166016e+01 4.543510377407073975e-01
-1.137765121459960938e+01 1.134718799591064453e+01 4.088564217090606689e-01
-1.155850124359130859e+01 1.150287437438964844e+01 3.402608633041381836e-01
-1.164693927764892578e+01 1.157810783386230469e+01 2.947951257228851318e-01
-1.184982013702392578e+01 1.174966430664062500e+01 1.760669052600860596e-01
-1.196282386779785156e+01 1.184380912780761719e+01 8.962655812501907349e-02
-1.206304645538330078e+01 1.192655467987060547e+01 1.351013779640197754e-03
-1.224067497253417969e+01 1.207193660736083984e+01 -1.757148057222366333e-01
-1.247488784790039062e+01 1.229846858978271484e+01 -1.514311134815216064e-02
-1.283915328979492188e+01 1.263895893096923828e+01 1.604962646961212158e-01
-1.297673225402832031e+01 1.276155567169189453e+01 1.899431943893432617e-01
-1.342938518524169922e+01 1.315826034545898438e+01 2.469081133604049683e-01
-1.362128925323486328e+01 1.331725120544433594e+01 2.162839770317077637e-01
-1.387930107116699219e+01 1.352579593658447266e+01 1.445400267839431763e-01
-1.423746395111083984e+01 1.380498313903808594e+01 -1.527270674705505371e-02
-1.434196758270263672e+01 1.388168144226074219e+01 -8.967024087905883789e-02
-1.521367835998535156e+01 1.470727348327636719e+01 5.304487347602844238e-01
-1.580556392669677734e+01 1.517782878875732422e+01 5.319910049438476562e-01
-1.686914062500000000e+01 1.594157600402832031e+01 1.715237498283386230e-01
-1.719225692749023438e+01 1.611607170104980469e+01 -1.912809610366821289e-01
-1.801417160034179688e+01 1.647352218627929688e+01 -1.498101949691772461e+00
-3.740234375000000000e+01 -7.785854339599609375e+00 -1.897529792785644531e+01
3.809494526066688000e+15 -2.539695229632512000e+15 -6.086317624524800000e+15
nan nan nan
nan nan nan
nan nan nan
nan nan nan
nan nan nan
nan nan nan
nan nan nan
