2.346812057495117188e+01 -1.720430850982666016e-01 2.163211405277252197e-01
2.337057304382324219e+01 -1.568835228681564331e-01 2.781443893909454346e-01
2.314838409423828125e+01 -1.224385946989059448e-01 4.180512726306915283e-01
2.304539299011230469e+01 -1.065615415573120117e-01 4.819227457046508789e-01
2.276747894287109375e+01 -6.382653117179870605e-02 6.530307531356811523e-01
2.270524978637695312e+01 -5.432293564081192017e-02 6.905759572982788086e-01
2.251887130737304688e+01 -2.590191923081874847e-02 8.024991750717163086e-01
2.241573524475097656e+01 -1.024463586509227753e-02 8.635523915290832520e-01
2.220683097839355469e+01 2.139312587678432465e-02 9.862142801284790039e-01
2.207310295104980469e+01 4.154702648520469666e-02 1.063411593437194824e+00
2.196351242065429688e+01 5.801288783550262451e-02 1.125967860221862793e+00
2.178031921386718750e+01 8.546957373619079590e-02 1.229555845260620117e+00
2.162661552429199219e+01 1.084122061729431152e-01 1.315069079399108887e+00
2.141119575500488281e+01 1.404586732387542725e-01 1.433240652084350586e+00
2.135714721679687500e+01 1.484618335962295532e-01 1.462288141250610352e+00
2.117512130737304688e+01 1.753843128681182861e-01 1.559597492218017578e+00
2.098311042785644531e+01 2.036758065223693848e-01 1.660385847091674805e+00
2.086472129821777344e+01 2.210515588521957397e-01 1.721295237541198730e+00
2.070307922363281250e+01 2.447198480367660522e-01 1.803399682044982910e+00
2.056794929504394531e+01 2.644439339637756348e-01 1.870811104774475098e+00
2.048345375061035156e+01 2.767456769943237305e-01 1.912310838699340820e+00
2.032491683959960938e+01 2.997910976409912109e-01 1.989401340484619141e+00
2.025319862365722656e+01 3.101859390735626221e-01 2.023607969284057617e+00
2.008361244201660156e+01 3.347345590591430664e-01 2.103771209716796875e+00
1.991182899475097656e+01 3.595269918441772461e-01 2.183217048645019531e+00
1.981231307983398438e+01 3.738475441932678223e-01 2.228190183639526367e+00
1.966116714477539062e+01 3.955623507499694824e-01 2.295556306838989258e+00
1.952737808227539062e+01 4.147369861602783203e-01 2.353904247283935547e+00
1.944952392578125000e+01 4.258722662925720215e-01 2.387186527252197266e+00
1.925845336914062500e+01 4.531700015068054199e-01 2.467899084091186523e+00
1.917419624328613281e+01 4.651746749877929688e-01 2.502423286437988281e+00
1.907374191284179688e+01 4.794713258743286133e-01 2.543014526367187500e+00
1.888385581970214844e+01 5.064610242843627930e-01 2.618442296981811523e+00
1.880469131469726562e+01 5.176869630813598633e-01 2.648845911026000977e+00
1.864959144592285156e+01 5.396616458892822266e-01 2.707548141479492188e+00
1.854782867431640625e+01 5.540554523468017578e-01 2.744934797286987305e+00
1.844325637817382812e+01 5.688319802284240723e-01 2.782581090927124023e+00
1.828256988525390625e+01 5.915156006813049316e-01 2.839192867279052734e+00
1.818536567687988281e+01 6.052184700965881348e-01 2.872271299362182617e+00
1.808581733703613281e+01 6.192412972450256348e-01 2.905412673950195312e+00
1.799503517150878906e+01 6.320202350616455078e-01 2.934940814971923828e+00
1.780569076538085938e+01 6.586573123931884766e-01 2.995190143585205078e+00
1.776967620849609375e+01 6.637181043624877930e-01 3.006109952926635742e+00
1.757926368713378906e+01 6.904701590538024902e-01 3.063292503356933594e+00
1.751153373718261719e+01 6.999776363372802734e-01 3.082581520080566406e+00
1.737367057800292969e+01 7.193251848220825195e-01 3.121069908142089844e+00
1.723674583435058594e+01 7.385331988334655762e-01 3.157711744308471680e+00
1.719414329528808594e+01 7.445077896118164062e-01 3.168613910675048828e+00
1.704718017578125000e+01 7.651174068450927734e-01 3.205682516098022461e+00
1.692064476013183594e+01 7.828601002693176270e-01 3.235971689224243164e+00
1.681286239624023438e+01 7.979734539985656738e-01 3.260557174682617188e+00
1.672518539428710938e+01 8.102690577507019043e-01 3.279702425003051758e+00
1.660976600646972656e+01 8.264578580856323242e-01 3.303978919982910156e+00
1.649238586425781250e+01 8.429262638092041016e-01 3.327410459518432617e+00
1.638007354736328125e+01 8.586900830268859863e-01 3.348588466644287109e+00
1.628219604492187500e+01 8.724343180656433105e-01 3.365992784500122070e+00
1.621220016479492188e+01 8.822683691978454590e-01 3.377774953842163086e+00
1.605590438842773438e+01 9.042357206344604492e-01 3.403010129928588867e+00
1.599959564208984375e+01 9.121578931808471680e-01 3.411225080490112305e+00
1.593112754821777344e+01 9.217950105667114258e-01 3.420824766159057617e+00
1.580246639251708984e+01 9.399147033691406250e-01 3.437966585159301758e+00
1.572089290618896484e+01 9.514158964157104492e-01 3.447751522064208984e+00
1.562156295776367188e+01 9.654319882392883301e-01 3.458818435668945312e+00
1.550975131988525391e+01 9.812259674072265625e-01 3.470098972320556641e+00
1.542930603027343750e+01 9.926040768623352051e-01 3.477248191833496094e+00
1.528190135955810547e+01 1.013473987579345703e+00 3.489056825637817383e+00
1.523260116577148438e+01 1.020467877388000488e+00 3.492202520370483398e+00
1.512619876861572266e+01 1.035573840141296387e+00 3.498404026031494141e+00
1.503891658782958984e+01 1.047985911369323730e+00 3.502439498901367188e+00
1.494606018066406250e+01 1.061210155487060547e+00 3.505803346633911133e+00
1.483614158630371094e+01 1.076890707015991211e+00 3.508600950241088867e+00
1.471964645385742188e+01 1.093544960021972656e+00 3.510061025619506836e+00
1.459755229949951172e+01 1.111042618751525879e+00 3.509897232055664062e+00
1.451199722290039062e+01 1.123337745666503906e+00 3.508523941040039062e+00
1.442042732238769531e+01 1.136522293090820312e+00 3.506105899810791016e+00
1.438030910491943359e+01 1.142307639122009277e+00 3.504600524902343750e+00
1.428322601318359375e+01 1.156312704086303711e+00 3.500483274459838867e+00
1.420676326751708984e+01 1.167348384857177734e+00 3.496328353881835938e+00
1.406709384918212891e+01 1.187503933906555176e+00 3.487410306930541992e+00
1.402862548828125000e+01 1.193051218986511230e+00 3.484274387359619141e+00
1.390595722198486328e+01 1.210734605789184570e+00 3.473669052124023438e+00
1.384001350402832031e+01 1.220229268074035645e+00 3.466917037963867188e+00
1.375322628021240234e+01 1.232715249061584473e+00 3.457276105880737305e+00
1.361506843566894531e+01 1.252569556236267090e+00 3.440328836441040039e+00
1.354542827606201172e+01 1.262558102607727051e+00 3.430480241775512695e+00
1.345478534698486328e+01 1.275545239448547363e+00 3.416790485382080078e+00
1.338808155059814453e+01 1.285088777542114258e+00 3.405871868133544922e+00
1.328380870819091797e+01 1.299991130828857422e+00 3.387820005416870117e+00
1.321533393859863281e+01 1.309760093688964844e+00 3.374942541122436523e+00
1.311232185363769531e+01 1.324438333511352539e+00 3.354546070098876953e+00
1.307364749908447266e+01 1.329938769340515137e+00 3.346302270889282227e+00
1.297088432312011719e+01 1.344543576240539551e+00 3.323806285858154297e+00
1.288319396972656250e+01 1.356981873512268066e+00 3.303254604339599609e+00
1.282144355773925781e+01 1.365725636482238770e+00 3.287955760955810547e+00
1.270955562591552734e+01 1.381549358367919922e+00 3.259167909622192383e+00
1.262330627441406250e+01 1.393719196319580078e+00 3.235465764999389648e+00
1.257476329803466797e+01 1.400556087493896484e+00 3.221459865570068359e+00
1.250225067138671875e+01 1.410758376121520996e+00 3.199972152709960938e+00
1.241858100891113281e+01 1.422512054443359375e+00 3.174193382263183594e+00
1.231681251525878906e+01 1.436781644821166992e+00 3.141439199447631836e+00
1.225221157073974609e+01 1.445819020271301270e+00 3.119550943374633789e+00
1.221213722229003906e+01 1.451416969299316406e+00 3.105535268783569336e+00
1.210490036010742188e+01 1.466382622718811035e+00 3.067297458648681641e+00
1.206069660186767578e+01 1.472535967826843262e+00 3.050718069076538086e+00
1.193880462646484375e+01 1.489485979080200195e+00 3.004059314727783203e+00
1.189072608947753906e+01 1.496151924133300781e+00 2.984617948532104492e+00
1.180738639831542969e+01 1.507692813873291016e+00 2.950199365615844727e+00
1.171377182006835938e+01 1.520629644393920898e+00 2.910121917724609375e+00
1.168434429168701172e+01 1.524686694145202637e+00 2.897016286849975586e+00
1.160428047180175781e+01 1.535716414451599121e+00 2.860921859741210938e+00
1.151733398437500000e+01 1.547669529914855957e+00 2.820418119430541992e+00
1.145459461212158203e+01 1.556275129318237305e+00 2.790153026580810547e+00
1.137630462646484375e+01 1.566995859146118164e+00 2.751439809799194336e+00
1.126696777343750000e+01 1.581936717033386230e+00 2.695704460144042969e+00
1.120582199096679688e+01 1.590267419815063477e+00 2.663210391998291016e+00
1.113197994232177734e+01 1.600311160087585449e+00 2.623060941696166992e+00
1.105891036987304688e+01 1.610229611396789551e+00 2.582233905792236328e+00
1.102240467071533203e+01 1.615174770355224609e+00 2.561287403106689453e+00
1.095540904998779297e+01 1.624240875244140625e+00 2.522336959838867188e+00
1.088986587524414062e+01 1.633093714714050293e+00 2.483309507369995117e+00
1.078859901428222656e+01 1.646746158599853516e+00 2.421601533889770508e+00
1.072877025604248047e+01 1.654788613319396973e+00 2.383838891983032227e+00
1.068507862091064453e+01 1.660651683807373047e+00 2.355690240859985352e+00
1.061013984680175781e+01 1.670694947242736816e+00 2.306689023971557617e+00
1.053629970550537109e+01 1.680569291114807129e+00 2.257172822952270508e+00
1.046870708465576172e+01 1.689588546752929688e+00 2.210718154907226562e+00
1.038364315032958984e+01 1.700916409492492676e+00 2.150940179824829102e+00
1.034469985961914062e+01 1.706089377403259277e+00 2.122804403305053711e+00
1.025188732147216797e+01 1.718403339385986328e+00 2.054902076721191406e+00
1.021130561828613281e+01 1.723772525787353516e+00 2.024317741394042969e+00
1.013112354278564453e+01 1.734368085861206055e+00 1.963105797767639160e+00
1.005774497985839844e+01 1.744040966033935547e+00 1.905656933784484863e+00
9.995355606079101562e+00 1.752246856689453125e+00 1.855682134628295898e+00
9.975086212158203125e+00 1.754907727241516113e+00 1.839130163192749023e+00
9.904565811157226562e+00 1.764159679412841797e+00 1.781183362007141113e+00
9.828400611877441406e+00 1.774130582809448242e+00 1.717234134674072266e+00
9.768508911132812500e+00 1.781952738761901855e+00 1.665773391723632812e+00
9.696404457092285156e+00 1.791352629661560059e+00 1.602691888809204102e+00
9.620189666748046875e+00 1.801266193389892578e+00 1.534562110900878906e+00
9.599767684936523438e+00 1.803916335105895996e+00 1.515888929367065430e+00
9.522555351257324219e+00 1.813929677009582520e+00 1.444861888885498047e+00
9.474764823913574219e+00 1.820112705230712891e+00 1.399890899658203125e+00
9.381177902221679688e+00 1.832202792167663574e+00 1.310587882995605469e+00
9.318425178527832031e+00 1.840285897254943848e+00 1.249059557914733887e+00
9.282292366027832031e+00 1.844931125640869141e+00 1.212985396385192871e+00
9.241082191467285156e+00 1.850223302841186523e+00 1.171412587165832520e+00
9.150676727294921875e+00 1.861818313598632812e+00 1.079130530357360840e+00
9.096758842468261719e+00 1.868714332580566406e+00 1.022659420967102051e+00
9.054856300354003906e+00 1.874064683914184570e+00 9.780980944633483887e-01
8.973023414611816406e+00 1.884500265121459961e+00 8.900387287139892578e-01
8.912093162536621094e+00 1.892250895500183105e+00 8.229488134384155273e-01
8.874425888061523438e+00 1.897033572196960449e+00 7.807613015174865723e-01
8.817766189575195312e+00 1.904219508171081543e+00 7.166341543197631836e-01
8.773794174194335938e+00 1.909786820411682129e+00 6.660780310630798340e-01
8.705345153808593750e+00 1.918441772460937500e+00 5.864170789718627930e-01
8.656473159790039062e+00 1.924608707427978516e+00 5.284563899040222168e-01
8.607541084289550781e+00 1.930774450302124023e+00 4.696396887302398682e-01
8.563135147094726562e+00 1.936361908912658691e+00 4.155427217483520508e-01
8.500689506530761719e+00 1.944209098815917969e+00 3.385404050350189209e-01
8.449048042297363281e+00 1.950686931610107422e+00 2.737684249877929688e-01
8.380613327026367188e+00 1.959258794784545898e+00 1.867193579673767090e-01
8.324816703796386719e+00 1.966234326362609863e+00 1.144172027707099915e-01
8.271606445312500000e+00 1.972876310348510742e+00 4.441963136196136475e-02
8.228271484375000000e+00 1.978277802467346191e+00 -1.341108232736587524e-02
8.181942939758300781e+00 1.989432334899902344e+00 5.879362672567367554e-02
8.120385169982910156e+00 2.004173994064331055e+00 1.492880582809448242e-01
8.086297035217285156e+00 2.012286901473999023e+00 1.957693845033645630e-01
8.018058776855468750e+00 2.028480529785156250e+00 2.851658463478088379e-01
7.990029811859130859e+00 2.035097599029541016e+00 3.190867900848388672e-01
7.931227207183837891e+00 2.048954725265502930e+00 3.880418539047241211e-01
7.904410362243652344e+00 2.055252552032470703e+00 4.174792766571044922e-01
7.827593803405761719e+00 2.073268890380859375e+00 4.993470907211303711e-01
7.766118526458740234e+00 2.087637424468994141e+00 5.595002770423889160e-01
7.708230018615722656e+00 2.101138114929199219e+00 6.124244928359985352e-01
7.651095390319824219e+00 2.114441156387329102e+00 6.614121198654174805e-01
7.627306938171386719e+00 2.119972705841064453e+00 6.805447936058044434e-01
7.558551311492919922e+00 2.135954380035400391e+00 7.343884110450744629e-01
7.507699489593505859e+00 2.147762298583984375e+00 7.711863517761230469e-01
7.445572853088378906e+00 2.162181615829467773e+00 8.135445713996887207e-01
7.406692504882812500e+00 2.171202898025512695e+00 8.381419777870178223e-01
7.316525936126708984e+00 2.192124128341674805e+00 8.925145268440246582e-01
7.255437374114990234e+00 2.206302165985107422e+00 9.252843856811523438e-01
7.218102931976318359e+00 2.214972019195556641e+00 9.437049031257629395e-01
7.166885375976562500e+00 2.226871728897094727e+00 9.676650166511535645e-01
7.114022254943847656e+00 2.239163637161254883e+00 9.905737042427062988e-01
7.028362274169921875e+00 2.259101629257202148e+00 1.024714708328247070e+00
6.986073017120361328e+00 2.268963336944580078e+00 1.039238333702087402e+00
6.897071838378906250e+00 2.289742231369018555e+00 1.067443370819091797e+00
6.848074913024902344e+00 2.301211833953857422e+00 1.080274105072021484e+00
6.788685798645019531e+00 2.315138101577758789e+00 1.094062328338623047e+00
6.732159614562988281e+00 2.328423023223876953e+00 1.105170965194702148e+00
6.696325778961181641e+00 2.336864471435546875e+00 1.111009001731872559e+00
6.592576026916503906e+00 2.361345052719116211e+00 1.125717282295227051e+00
6.546569347381591797e+00 2.372253894805908203e+00 1.129431366920471191e+00
6.468130588531494141e+00 2.390899181365966797e+00 1.133654117584228516e+00
6.429647922515869141e+00 2.400087594985961914e+00 1.133960485458374023e+00
6.360828876495361328e+00 2.416558504104614258e+00 1.132958173751831055e+00
6.332018852233886719e+00 2.423484563827514648e+00 1.131373524665832520e+00
6.244181156158447266e+00 2.444643735885620117e+00 1.125048160552978516e+00
6.177977561950683594e+00 2.460692644119262695e+00 1.116822123527526855e+00
6.117785453796386719e+00 2.475360393524169922e+00 1.106941580772399902e+00
6.058974742889404297e+00 2.489764690399169922e+00 1.095124602317810059e+00
6.025678157806396484e+00 2.497962951660156250e+00 1.087218761444091797e+00
5.931993484497070312e+00 2.521103382110595703e+00 1.063009619712829590e+00
5.873121738433837891e+00 2.535780191421508789e+00 1.044257283210754395e+00
5.857848167419433594e+00 2.539612293243408203e+00 1.038797020912170410e+00
5.761115074157714844e+00 2.563925504684448242e+00 1.003218173980712891e+00
5.733826637268066406e+00 2.570863008499145508e+00 9.913637042045593262e-01
5.659739494323730469e+00 2.589764595031738281e+00 9.577341079711914062e-01
5.619899749755859375e+00 2.600030422210693359e+00 9.374874830245971680e-01
5.537416934967041016e+00 2.621407985687255859e+00 8.930664062500000000e-01
5.520803928375244141e+00 2.625768423080444336e+00 8.830369114875793457e-01
5.450189113616943359e+00 2.644353866577148438e+00 8.394364118576049805e-01
5.400454521179199219e+00 2.657603502273559570e+00 8.057463765144348145e-01
5.352766036987304688e+00 2.670426368713378906e+00 7.713165283203125000e-01
5.288558006286621094e+00 2.687855482101440430e+00 7.220880389213562012e-01
5.259044647216796875e+00 2.695976734161376953e+00 6.975858807563781738e-01
5.186329364776611328e+00 2.716122388839721680e+00 6.349696516990661621e-01
5.127970695495605469e+00 2.732578277587890625e+00 5.800407528877258301e-01
5.087559700012207031e+00 2.744153976440429688e+00 5.391736626625061035e-01
5.039367675781250000e+00 2.758123397827148438e+00 4.879232645034790039e-01
5.012307643890380859e+00 2.766087293624877930e+00 4.573494493961334229e-01
4.969128131866455078e+00 2.778912782669067383e+00 4.068420529365539551e-01
4.919131278991699219e+00 2.793995618820190430e+00 3.449985384941101074e-01
4.892906665802001953e+00 2.802063226699829102e+00 3.103410005569458008e-01
4.821915149688720703e+00 2.824149608612060547e+00 2.130931615829467773e-01
4.807774066925048828e+00 2.828695774078369141e+00 1.917037069797515869e-01
4.745398044586181641e+00 2.848898887634277344e+00 9.535441547632217407e-02
4.732662677764892578e+00 2.853170394897460938e+00 7.373508810997009277e-02
4.674815654754638672e+00 2.872730255126953125e+00 -2.651201933622360229e-02
4.649956226348876953e+00 2.882886409759521484e+00 4.114517942070960999e-03
4.600824356079101562e+00 2.902918100357055664e+00 6.294286996126174927e-02
4.515786647796630859e+00 2.937457799911499023e+00 1.592045128345489502e-01
4.478934764862060547e+00 2.952339410781860352e+00 1.970762908458709717e-01
4.401635169982910156e+00 2.983489274978637695e+00 2.733310759067535400e-01
4.350412845611572266e+00 3.004048109054565430e+00 3.196685016155242920e-01
4.312134265899658203e+00 3.019377231597900391e+00 3.523716330528259277e-01
4.212682723999023438e+00 3.059144258499145508e+00 4.337694644927978516e-01
4.174838542938232422e+00 3.074223756790161133e+00 4.613825678825378418e-01
4.099145889282226562e+00 3.104352712631225586e+00 5.142276883125305176e-01
4.048197746276855469e+00 3.124593973159790039e+00 5.466971397399902344e-01
3.979875802993774414e+00 3.151710271835327148e+00 5.875729322433471680e-01
3.931493520736694336e+00 3.170890808105468750e+00 6.140729784965515137e-01
3.872616052627563477e+00 3.194217443466186523e+00 6.442892551422119141e-01
3.790437698364257812e+00 3.226756572723388672e+00 6.831022500991821289e-01
3.730678319931030273e+00 3.250405311584472656e+00 7.080171108245849609e-01
3.667893648147583008e+00 3.275247097015380859e+00 7.317463755607604980e-01
3.587401390075683594e+00 3.307095766067504883e+00 7.589450478553771973e-01
3.520467996597290039e+00 3.333586692810058594e+00 7.781988382339477539e-01
3.488354444503784180e+00 3.346302509307861328e+00 7.861231565475463867e-01
3.406636714935302734e+00 3.378670692443847656e+00 8.047070503234863281e-01
3.336411952972412109e+00 3.406512975692749023e+00 8.172462582588195801e-01
3.286707162857055664e+00 3.426241159439086914e+00 8.240608572959899902e-01
3.212953567504882812e+00 3.455541849136352539e+00 8.320249319076538086e-01
3.156391143798828125e+00 3.478047847747802734e+00 8.356964588165283203e-01
3.040215492248535156e+00 3.524338245391845703e+00 8.394101262092590332e-01
2.987937450408935547e+00 3.545235157012939453e+00 8.375340104103088379e-01
2.956263303756713867e+00 3.557918310165405273e+00 8.354257941246032715e-01
2.894168615341186523e+00 3.582811117172241211e+00 8.301331400871276855e-01
2.792385101318359375e+00 3.623711109161376953e+00 8.177055120468139648e-01
2.742106199264526367e+00 3.644000768661499023e+00 8.084840178489685059e-01
2.659801959991455078e+00 3.677294254302978516e+00 7.908486127853393555e-01
2.589020967483520508e+00 3.706047534942626953e+00 7.720405459403991699e-01
2.542166471481323242e+00 3.725158452987670898e+00 7.574616074562072754e-01
2.500050067901611328e+00 3.742387056350708008e+00 7.430588603019714355e-01
2.408073186874389648e+00 3.780117750167846680e+00 7.090054750442504883e-01
2.338187932968139648e+00 3.808972835540771484e+00 6.786916851997375488e-01
2.295804262161254883e+00 3.826570034027099609e+00 6.581658720970153809e-01
2.230950593948364258e+00 3.853595733642578125e+00 6.246958971023559570e-01
2.188114404678344727e+00 3.871553182601928711e+00 6.004332304000854492e-01
2.127603292465209961e+00 3.897029399871826172e+00 5.640622973442077637e-01
2.053871870040893555e+00 3.928272724151611328e+00 5.159933567047119141e-01
1.988912224769592285e+00 3.956036806106567383e+00 4.693846702575683594e-01
1.946954727172851562e+00 3.974121570587158203e+00 4.366888105869293213e-01
1.885692358016967773e+00 4.000685214996337891e+00 3.863550126552581787e-01
1.858833551406860352e+00 4.012441158294677734e+00 3.625333309173583984e-01
1.804691910743713379e+00 4.036245346069335938e+00 3.128667473793029785e-01
1.740363478660583496e+00 4.064800739288330078e+00 2.497209310531616211e-01
1.704770088195800781e+00 4.080800533294677734e+00 2.118361443281173706e-01
1.638132452964782715e+00 4.110988616943359375e+00 1.375911533832550049e-01
1.604016423225402832e+00 4.126689910888671875e+00 9.614711254835128784e-02
1.539652466773986816e+00 4.156583786010742188e+00 1.428947597742080688e-02
1.495012998580932617e+00 4.177711963653564453e+00 -4.772642254829406738e-02
1.450954198837280273e+00 4.201979637145996094e+00 1.903779804706573486e-03
1.403134346008300781e+00 4.228257179260253906e+00 5.307449772953987122e-02
1.316939592361450195e+00 4.275513648986816406e+00 1.403444260358810425e-01
1.234517931938171387e+00 4.320537567138671875e+00 2.158319950103759766e-01
1.187968134880065918e+00 4.345894336700439453e+00 2.545600533485412598e-01
1.152452468872070312e+00 4.365215778350830078e+00 2.825439572334289551e-01
1.086084604263305664e+00 4.401289463043212891e+00 3.326935172080993652e-01
1.001236200332641602e+00 4.447340011596679688e+00 3.918705880641937256e-01
9.387201070785522461e-01 4.481217384338378906e+00 4.310732185840606689e-01
8.340297341346740723e-01 4.537900924682617188e+00 4.915892779827117920e-01
7.610284090042114258e-01 4.577383518218994141e+00 5.280575156211853027e-01
7.228256464004516602e-01 4.598036766052246094e+00 5.451598167419433594e-01
6.468876600265502930e-01 4.639087200164794922e+00 5.771557092666625977e-01
5.794997215270996094e-01 4.675513267517089844e+00 6.020906567573547363e-01
4.674431085586547852e-01 4.736093997955322266e+00 6.385909318923950195e-01
4.178233742713928223e-01 4.762934684753417969e+00 6.511863470077514648e-01
3.353019952774047852e-01 4.807592868804931641e+00 6.695739626884460449e-01
2.758002877235412598e-01 4.839822292327880859e+00 6.797951459884643555e-01
1.894319355487823486e-01 4.886643409729003906e+00 6.914908885955810547e-01
1.301907151937484741e-01 4.918803691864013672e+00 6.964045763015747070e-01
5.934266746044158936e-02 4.957309722900390625e+00 6.997433900833129883e-01
-3.131709247827529907e-02 5.006660461425781250e+00 7.001313567161560059e-01
-1.018522754311561584e-01 5.045143127441406250e+00 6.965502500534057617e-01
-1.572997272014617920e-01 5.075455665588378906e+00 6.913418173789978027e-01
-2.213631570339202881e-01 5.110540866851806641e+00 6.831290721893310547e-01
-3.059302568435668945e-01 5.156958103179931641e+00 6.689001321792602539e-01
-3.799012601375579834e-01 5.197690486907958984e+00 6.524722576141357422e-01
-4.625924825668334961e-01 5.243369102478027344e+00 6.301190257072448730e-01
-5.483341217041015625e-01 5.290918350219726562e+00 6.021857857704162598e-01
-5.688917040824890137e-01 5.302370548248291016e+00 5.942628979682922363e-01
-6.487972140312194824e-01 5.346938610076904297e+00 5.622893571853637695e-01
-7.135792970657348633e-01 5.383247852325439453e+00 5.325694084167480469e-01
-7.964853644371032715e-01 5.429919719696044922e+00 4.904135167598724365e-01
-8.578809499740600586e-01 5.464696407318115234e+00 4.550958871841430664e-01
-9.372857809066772461e-01 5.509904861450195312e+00 4.052601158618927002e-01
-9.755463004112243652e-01 5.531847476959228516e+00 3.785015940666198730e-01
-1.054678559303283691e+00 5.577408313751220703e+00 3.202480971813201904e-01
-1.128592610359191895e+00 5.620337009429931641e+00 2.598996162414550781e-01
-1.188118457794189453e+00 5.655230522155761719e+00 2.064207047224044800e-01
-1.247029781341552734e+00 5.690056324005126953e+00 1.492459475994110107e-01
-1.293965697288513184e+00 5.718062400817871094e+00 1.000474616885185242e-01
-1.353354334831237793e+00 5.753793716430664062e+00 3.378851711750030518e-02
-1.377395510673522949e+00 5.768427371978759766e+00 4.723209887742996216e-03
-1.446197628974914551e+00 5.816592216491699219e+00 7.957263290882110596e-02
-1.507802128791809082e+00 5.859585762023925781e+00 1.413186192512512207e-01
-1.623420596122741699e+00 5.940086364746093750e+00 2.490603923797607422e-01
-1.714199781417846680e+00 6.003055095672607422e+00 3.226408064365386963e-01
-1.745586872100830078e+00 6.024777889251708984e+00 3.453991115093231201e-01
-1.852719902992248535e+00 6.098877429962158203e+00 4.201119840145111084e-01
-1.940187692642211914e+00 6.159259319305419922e+00 4.731525778770446777e-01
-2.033518075942993164e+00 6.223615646362304688e+00 5.232861638069152832e-01
-2.097537755966186523e+00 6.267722606658935547e+00 5.531837344169616699e-01
-2.202064990997314453e+00 6.339711189270019531e+00 5.971812605857849121e-01
-2.244031667709350586e+00 6.368603706359863281e+00 6.117842793464660645e-01
-2.328444957733154297e+00 6.426720142364501953e+00 6.387655735015869141e-01
-2.425907373428344727e+00 6.493829727172851562e+00 6.644455194473266602e-01
-2.499842166900634766e+00 6.544761180877685547e+00 6.792354583740234375e-01
-2.558788299560546875e+00 6.585390090942382812e+00 6.882388591766357422e-01
-2.693028926849365234e+00 6.677971363067626953e+00 7.037253379821777344e-01
-2.779006719589233398e+00 6.737363338470458984e+00 7.063497304916381836e-01
-2.862995386123657227e+00 6.795464038848876953e+00 7.043592929840087891e-01
-2.919956922531127930e+00 6.834933757781982422e+00 6.999731063842773438e-01
-3.015260219573974609e+00 6.901057243347167969e+00 6.891573667526245117e-01
-3.087277412414550781e+00 6.951144695281982422e+00 6.765251755714416504e-01
-3.146795272827148438e+00 6.992626667022705078e+00 6.632419824600219727e-01
-3.263704299926757812e+00 7.074267387390136719e+00 6.324377059936523438e-01
-3.315667152404785156e+00 7.110707759857177734e+00 6.145049333572387695e-01
-3.392121791839599609e+00 7.164441585540771484e+00 5.852319598197937012e-01
-3.512229442596435547e+00 7.249152183532714844e+00 5.323540568351745605e-01
-3.542939901351928711e+00 7.270946979522705078e+00 5.159099698066711426e-01
-3.675369024276733398e+00 7.365105628967285156e+00 4.415773749351501465e-01
-3.722224473953247070e+00 7.398709297180175781e+00 4.097728729248046875e-01
-3.820314168930053711e+00 7.469315528869628906e+00 3.387302458286285400e-01
-3.838330745697021484e+00 7.482393741607666016e+00 3.238477408885955811e-01
-3.935396909713745117e+00 7.552980899810791016e+00 2.417016625404357910e-01
-3.988670587539672852e+00 7.592120647430419922e+00 1.904646903276443481e-01
-4.077609062194824219e+00 7.657897472381591797e+00 9.861619025468826294e-02
-4.114921092987060547e+00 7.685841560363769531e+00 5.517883971333503723e-02
-4.169377326965332031e+00 7.726880073547363281e+00 -1.162212714552879333e-02
-4.296142578125000000e+00 7.837278842926025391e+00 1.235871762037277222e-01
-4.351110458374023438e+00 7.884845256805419922e+00 1.737503260374069214e-01
-4.415939331054687500e+00 7.940821170806884766e+00 2.290824055671691895e-01
-4.535577297210693359e+00 8.043878555297851562e+00 3.233061432838439941e-01
-4.650021553039550781e+00 8.142087936401367188e+00 4.004324078559875488e-01
-4.715571403503417969e+00 8.198176383972167969e+00 4.380910098552703857e-01
-4.826524257659912109e+00 8.292987823486328125e+00 4.959107041358947754e-01
-4.895446300506591797e+00 8.351769447326660156e+00 5.258438587188720703e-01
-5.036406517028808594e+00 8.471880912780761719e+00 5.798052549362182617e-01
-5.149730682373046875e+00 8.568297386169433594e+00 6.116135120391845703e-01
-5.222553253173828125e+00 8.630211830139160156e+00 6.263026595115661621e-01
-5.323425292968750000e+00 8.715959548950195312e+00 6.416350603103637695e-01
-5.397096157073974609e+00 8.778582572937011719e+00 6.478013992309570312e-01
-5.506150245666503906e+00 8.871303558349609375e+00 6.515216827392578125e-01
-5.601849555969238281e+00 8.952717781066894531e+00 6.477429866790771484e-01
-5.726369380950927734e+00 9.058740615844726562e+00 6.347199678421020508e-01
-5.827606201171875000e+00 9.145072937011718750e+00 6.154007315635681152e-01
-5.956121444702148438e+00 9.254858970642089844e+00 5.816071033477783203e-01
-5.984498977661132812e+00 9.279169082641601562e+00 5.714433789253234863e-01
-6.117731571197509766e+00 9.393392562866210938e+00 5.208146572113037109e-01
-6.203635692596435547e+00 9.467331886291503906e+00 4.790356159210205078e-01
-6.292195796966552734e+00 9.543805122375488281e+00 4.294517934322357178e-01
-6.404047012329101562e+00 9.640768051147460938e+00 3.577870130538940430e-01
-6.443228721618652344e+00 9.674933433532714844e+00 3.283353149890899658e-01
-6.514995098114013672e+00 9.737667083740234375e+00 2.713547945022583008e-01
-6.635675430297851562e+00 9.843680381774902344e+00 1.656334549188613892e-01
-6.691708087921142578e+00 9.893387794494628906e+00 1.078933924436569214e-01
-6.745980739593505859e+00 9.941810607910156250e+00 4.748243093490600586e-02
-6.830309391021728516e+00 1.001752471923828125e+01 -5.380140990018844604e-02
-6.944000244140625000e+00 1.013718032836914062e+01 6.346667557954788208e-02
-7.083857059478759766e+00 1.028330230712890625e+01 1.877114921808242798e-01
-7.158672332763671875e+00 1.036088371276855469e+01 2.425610721111297607e-01
-7.298643589019775391e+00 1.050555038452148438e+01 3.347425460815429688e-01
-7.425084114074707031e+00 1.063550853729248047e+01 4.014350175857543945e-01
-7.544090270996093750e+00 1.075731849670410156e+01 4.512008726596832275e-01
-7.716392993927001953e+00 1.093310451507568359e+01 5.064923167228698730e-01
-7.748135566711425781e+00 1.096535968780517578e+01 5.123844146728515625e-01
-7.959409713745117188e+00 1.117992782592773438e+01 5.465188622474670410e-01
-8.045439720153808594e+00 1.126699352264404297e+01 5.466334223747253418e-01
-8.187261581420898438e+00 1.141039848327636719e+01 5.376537442207336426e-01
-8.271840095520019531e+00 1.149582958221435547e+01 5.231446027755737305e-01
-8.392053604125976562e+00 1.161722373962402344e+01 4.945826828479766846e-01
-8.547036170959472656e+00 1.177372550964355469e+01 4.427316188812255859e-01
-8.660592079162597656e+00 1.188847160339355469e+01 3.897037804126739502e-01
-8.712304115295410156e+00 1.194079208374023438e+01 3.601314127445220947e-01
-8.816017150878906250e+00 1.204581642150878906e+01 2.955424785614013672e-01
-8.943962097167968750e+00 1.217565727233886719e+01 2.019843012094497681e-01
-9.074009895324707031e+00 1.230811595916748047e+01 8.745690435171127319e-02
-9.123737335205078125e+00 1.235903930664062500e+01 3.485373035073280334e-02
-9.236993789672851562e+00 1.247535037994384766e+01 -9.383389353752136230e-02
-9.395785331726074219e+00 1.266901397705078125e+01 5.781996250152587891e-02
-9.562531471252441406e+00 1.286953163146972656e+01 1.833181232213973999e-01
-9.696904182434082031e+00 1.302913188934326172e+01 2.598508000373840332e-01
-9.839986801147460938e+00 1.319762897491455078e+01 3.224534392356872559e-01
-1.008004283905029297e+01 1.347801780700683594e+01 3.959441483020782471e-01
-1.019872760772705078e+01 1.361492729187011719e+01 4.074122607707977295e-01
-1.037867259979248047e+01 1.382140541076660156e+01 4.069508016109466553e-01
-1.049085998535156250e+01 1.394915580749511719e+01 3.896851241588592529e-01
-1.069115161895751953e+01 1.417624378204345703e+01 3.396349847316741943e-01
-1.079393005371093750e+01 1.429189682006835938e+01 2.954663932323455811e-01
-1.094160079956054688e+01 1.445748519897460938e+01 2.174097597599029541e-01
-1.113770675659179688e+01 1.467630863189697266e+01 8.361946046352386475e-02
-1.124952697753906250e+01 1.480030155181884766e+01 -1.894426345825195312e-02
-1.139050960540771484e+01 1.495614433288574219e+01 -1.709153354167938232e-01
-1.156548786163330078e+01 1.518714904785156250e+01 -2.557872235774993896e-02
-1.190682411193847656e+01 1.562649536132812500e+01 1.836672127246856689e-01
-1.215293407440185547e+01 1.592982864379882812e+01 2.460207641124725342e-01
-1.246728897094726562e+01 1.630684852600097656e+01 2.564150393009185791e-01
-1.267354202270507812e+01 1.654588508605957031e+01 2.072103917598724365e-01
-1.302583599090576172e+01 1.694491767883300781e+01 5.935890972614288330e-02
-1.328370761871337891e+01 1.722434234619140625e+01 -1.380148530006408691e-01
-1.370422935485839844e+01 1.775108528137207031e+01 -3.100576996803283691e-02
-1.447063541412353516e+01 1.864682388305664062e+01 -1.203002482652664185e-01
-3.252043151855468750e+01 3.403345108032226562e+01 -1.540196037292480469e+01
3.987139840000000000e+08 -2.000115584000000000e+09 -5.384394240000000000e+09
nan nan nan
nan nan nan
nan nan nan
nan nan nan
nan nan nan
nan nan nan
nan nan nan
nan nan nan
nan nan nan
nan nan nan
nan nan nan
nan nan nan
nan nan nan
nan nan nan
nan nan nan
nan nan nan
nan nan nan
nan nan nan
nan nan nan
nan nan nan
nan nan nan
nan nan nan
nan nan nan
nan nan nan
nan nan nan
nan nan nan
nan nan nan
nan nan nan
nan nan nan
nan nan nan
nan nan nan
nan nan nan
nan nan nan
nan nan nan
nan nan nan
nan nan nan
nan nan nan
nan nan nan
nan nan nan
nan nan nan
nan nan nan
nan nan nan
nan nan nan
nan nan nan
nan nan nan
nan nan nan
nan nan nan
nan nan nan
nan nan nan
nan nan nan
nan nan nan
nan nan nan
nan nan nan
nan nan nan
nan nan nan
nan nan nan
nan nan nan
nan nan nan
nan nan nan
nan nan nan
nan nan nan
nan nan nan
nan nan nan
