2.337419700622558594e+01 -2.517159879207611084e-01 2.311215549707412720e-01
2.324357604980468750e+01 -2.610560357570648193e-01 3.148308992385864258e-01
2.305804443359375000e+01 -2.743886709213256836e-01 4.326477050781250000e-01
2.295302963256835938e+01 -2.819875776767730713e-01 4.984490573406219482e-01
2.278630828857421875e+01 -2.940973043441772461e-01 6.021093130111694336e-01
2.263035011291503906e+01 -3.054921329021453857e-01 6.978616714477539062e-01
2.251614379882812500e+01 -3.138809204101562500e-01 7.671321034431457520e-01
2.237884330749511719e+01 -3.240042626857757568e-01 8.496547937393188477e-01
2.229132080078125000e+01 -3.304860591888427734e-01 9.016712903976440430e-01
2.212028694152832031e+01 -3.431873023509979248e-01 1.002580285072326660e+00
2.197076606750488281e+01 -3.543495833873748779e-01 1.089513659477233887e+00
2.184610557556152344e+01 -3.636972308158874512e-01 1.161042213439941406e+00
2.166741943359375000e+01 -3.771436512470245361e-01 1.262416124343872070e+00
2.153557968139648438e+01 -3.871141374111175537e-01 1.335973024368286133e+00
2.141411972045898438e+01 -3.963315486907958984e-01 1.402880907058715820e+00
2.133106613159179688e+01 -4.026539325714111328e-01 1.448085069656372070e+00
2.116746520996093750e+01 -4.151332676410675049e-01 1.536383628845214844e+00
2.107276344299316406e+01 -4.223855137825012207e-01 1.586634039878845215e+00
2.096249771118164062e+01 -4.308479130268096924e-01 1.644554257392883301e+00
2.082589340209960938e+01 -4.413572847843170166e-01 1.715450167655944824e+00
2.072825622558593750e+01 -4.488907456398010254e-01 1.765351057052612305e+00
2.057822227478027344e+01 -4.604899585247039795e-01 1.841172456741333008e+00
2.044278526306152344e+01 -4.709916114807128906e-01 1.908409237861633301e+00
2.027310371398925781e+01 -4.841815531253814697e-01 1.991257786750793457e+00
2.021411895751953125e+01 -4.887804388999938965e-01 2.019442796707153320e+00
2.003780555725097656e+01 -5.025399923324584961e-01 2.103043317794799805e+00
1.998277473449707031e+01 -5.068466067314147949e-01 2.128524541854858398e+00
1.986806869506835938e+01 -5.158303380012512207e-01 2.181234598159790039e+00
1.971966743469238281e+01 -5.274711847305297852e-01 2.248329639434814453e+00
1.958897590637207031e+01 -5.377421379089355469e-01 2.306148052215576172e+00
1.953132438659667969e+01 -5.422796010971069336e-01 2.331152200698852539e+00
1.940029144287109375e+01 -5.525981187820434570e-01 2.387473821640014648e+00
1.926475334167480469e+01 -5.632844567298889160e-01 2.444525241851806641e+00
1.916286087036132812e+01 -5.713266730308532715e-01 2.486460924148559570e+00
1.901614189147949219e+01 -5.829145908355712891e-01 2.545799732208251953e+00
1.892275047302246094e+01 -5.902963876724243164e-01 2.582597255706787109e+00
1.884291839599609375e+01 -5.966086983680725098e-01 2.613515377044677734e+00
1.866825675964355469e+01 -6.104224920272827148e-01 2.680146932601928711e+00
1.861175155639648438e+01 -6.148929595947265625e-01 2.700973749160766602e+00
1.846516036987304688e+01 -6.264908909797668457e-01 2.754385709762573242e+00
1.835362243652343750e+01 -6.353148818016052246e-01 2.793786764144897461e+00
1.823104858398437500e+01 -6.450096964836120605e-01 2.836034774780273438e+00
1.816437530517578125e+01 -6.502809524536132812e-01 2.858377695083618164e+00
1.804914855957031250e+01 -6.593880057334899902e-01 2.896385431289672852e+00
1.796789932250976562e+01 -6.658055186271667480e-01 2.922438621520996094e+00
1.783546638488769531e+01 -6.762599945068359375e-01 2.964035987854003906e+00
1.774996185302734375e+01 -6.830028295516967773e-01 2.989966869354248047e+00
1.764953994750976562e+01 -6.909157633781433105e-01 3.019710540771484375e+00
1.751353645324707031e+01 -7.016211748123168945e-01 3.058848619461059570e+00
1.747761535644531250e+01 -7.044441103935241699e-01 3.068769931793212891e+00
1.730994796752929688e+01 -7.176146507263183594e-01 3.114563465118408203e+00
1.721241760253906250e+01 -7.252581715583801270e-01 3.139778137207031250e+00
1.714103698730468750e+01 -7.308436036109924316e-01 3.157616615295410156e+00
1.704363822937011719e+01 -7.384556531906127930e-01 3.181336402893066406e+00
1.695581626892089844e+01 -7.453072071075439453e-01 3.201951503753662109e+00
1.680946350097656250e+01 -7.567058801651000977e-01 3.235132694244384766e+00
1.678085899353027344e+01 -7.589271068572998047e-01 3.241230010986328125e+00
1.664815139770507812e+01 -7.692255973815917969e-01 3.269162416458129883e+00
1.654586219787597656e+01 -7.771396636962890625e-01 3.289408206939697266e+00
1.643193435668945312e+01 -7.859321832656860352e-01 3.310838937759399414e+00
1.634983253479003906e+01 -7.922499179840087891e-01 3.325372934341430664e+00
1.626667022705078125e+01 -7.986351251602172852e-01 3.339422464370727539e+00
1.621275711059570312e+01 -8.027648925781250000e-01 3.348084688186645508e+00
1.610140800476074219e+01 -8.112809062004089355e-01 3.365372896194458008e+00
1.602684593200683594e+01 -8.169643878936767578e-01 3.376107692718505859e+00
1.588147258758544922e+01 -8.280198574066162109e-01 3.395925760269165039e+00
1.580037784576416016e+01 -8.341581821441650391e-01 3.405754804611206055e+00
1.571006584167480469e+01 -8.409755825996398926e-01 3.415928602218627930e+00
1.562819194793701172e+01 -8.471367955207824707e-01 3.424363613128662109e+00
1.554968547821044922e+01 -8.530274629592895508e-01 3.431759119033813477e+00
1.548659324645996094e+01 -8.577480912208557129e-01 3.437163352966308594e+00
1.538621044158935547e+01 -8.652414679527282715e-01 3.445066452026367188e+00
1.531217002868652344e+01 -8.707477450370788574e-01 3.450070858001708984e+00
1.518469715118408203e+01 -8.802012205123901367e-01 3.457628250122070312e+00
1.513753890991210938e+01 -8.836814165115356445e-01 3.459740877151489258e+00
1.501444721221923828e+01 -8.927489519119262695e-01 3.464588642120361328e+00
1.493015193939208984e+01 -8.989288806915283203e-01 3.466703176498413086e+00
1.486152648925781250e+01 -9.039436578750610352e-01 3.467743873596191406e+00
1.479927444458007812e+01 -9.084807038307189941e-01 3.468180418014526367e+00
1.470345115661621094e+01 -9.154479503631591797e-01 3.468137741088867188e+00
1.462022209167480469e+01 -9.214774370193481445e-01 3.467135190963745117e+00
1.451243782043457031e+01 -9.292616844177246094e-01 3.464738130569458008e+00
1.446886157989501953e+01 -9.323964715003967285e-01 3.463186502456665039e+00
1.434068298339843750e+01 -9.416033029556274414e-01 3.457922935485839844e+00
1.426413059234619141e+01 -9.470775723457336426e-01 3.453536033630371094e+00
1.422055816650390625e+01 -9.501856565475463867e-01 3.450610637664794922e+00
1.410622310638427734e+01 -9.583304524421691895e-01 3.442289352416992188e+00
1.402995491027832031e+01 -9.637447595596313477e-01 3.435596942901611328e+00
1.394586563110351562e+01 -9.697015881538391113e-01 3.427367925643920898e+00
1.390229129791259766e+01 -9.727816581726074219e-01 3.422612190246582031e+00
1.382590198516845703e+01 -9.781755208969116211e-01 3.413824796676635742e+00
1.374334621429443359e+01 -9.839944839477539062e-01 3.403467416763305664e+00
1.365777015686035156e+01 -9.900158047676086426e-01 3.391755819320678711e+00
1.355469036102294922e+01 -9.972568154335021973e-01 3.376415967941284180e+00
1.348178005218505859e+01 -1.002369523048400879e+00 3.364500999450683594e+00
1.339467620849609375e+01 -1.008471250534057617e+00 3.349354743957519531e+00
1.337157058715820312e+01 -1.010088086128234863e+00 3.345044612884521484e+00
1.329918670654296875e+01 -1.015151977539062500e+00 3.331297397613525391e+00
1.318328475952148438e+01 -1.023254632949829102e+00 3.308047533035278320e+00
1.313395309448242188e+01 -1.026700258255004883e+00 3.297296047210693359e+00
1.305686664581298828e+01 -1.032083272933959961e+00 3.279919147491455078e+00
1.297114372253417969e+01 -1.038067817687988281e+00 3.259584188461303711e+00
1.292405033111572266e+01 -1.041355013847351074e+00 3.247786998748779297e+00
1.282002162933349609e+01 -1.048616647720336914e+00 3.220960140228271484e+00
1.276643466949462891e+01 -1.052357792854309082e+00 3.206258058547973633e+00
1.267703342437744141e+01 -1.058600544929504395e+00 3.180961132049560547e+00
1.259430789947509766e+01 -1.064379811286926270e+00 3.156352996826171875e+00
1.256106662750244141e+01 -1.066703438758850098e+00 3.146012306213378906e+00
1.244756412506103516e+01 -1.074639678001403809e+00 3.110077857971191406e+00
1.240011310577392578e+01 -1.077961087226867676e+00 3.094149827957153320e+00
1.230852794647216797e+01 -1.084375262260437012e+00 3.062667846679687500e+00
1.227897834777832031e+01 -1.086447238922119141e+00 3.052044153213500977e+00
1.218806648254394531e+01 -1.092824220657348633e+00 3.018893003463745117e+00
1.213066291809082031e+01 -1.096856236457824707e+00 2.997044324874877930e+00
1.204240608215332031e+01 -1.103061079978942871e+00 2.962552070617675781e+00
1.198392295837402344e+01 -1.107179045677185059e+00 2.938766956329345703e+00
1.192242813110351562e+01 -1.111513733863830566e+00 2.913102149963378906e+00
1.183306121826171875e+01 -1.117820620536804199e+00 2.874794006347656250e+00
1.179510879516601562e+01 -1.120503902435302734e+00 2.857893466949462891e+00
1.173717308044433594e+01 -1.124603509902954102e+00 2.831680059432983398e+00
1.165090847015380859e+01 -1.130715489387512207e+00 2.791700363159179688e+00
1.158449268341064453e+01 -1.135430455207824707e+00 2.759818792343139648e+00
1.152906990051269531e+01 -1.139371275901794434e+00 2.732497453689575195e+00
1.146186256408691406e+01 -1.144156455993652344e+00 2.698634386062622070e+00
1.137319087982177734e+01 -1.150480747222900391e+00 2.652770996093750000e+00
1.132085323333740234e+01 -1.154222249984741211e+00 2.624765634536743164e+00
1.128868007659912109e+01 -1.156525492668151855e+00 2.607206583023071289e+00
1.122016811370849609e+01 -1.161434531211853027e+00 2.569361925125122070e+00
1.111873531341552734e+01 -1.168716192245483398e+00 2.511892080307006836e+00
1.106857299804687500e+01 -1.172327637672424316e+00 2.482400417327880859e+00
1.099711513519287109e+01 -1.177479743957519531e+00 2.439624309539794922e+00
1.096544647216796875e+01 -1.179767966270446777e+00 2.420178651809692383e+00
1.088217353820800781e+01 -1.185790419578552246e+00 2.368473052978515625e+00
1.082228183746337891e+01 -1.190132856369018555e+00 2.330188989639282227e+00
1.078177642822265625e+01 -1.193075180053710938e+00 2.303756713867187500e+00
1.070877838134765625e+01 -1.198384284973144531e+00 2.255456924438476562e+00
1.064491271972656250e+01 -1.203039884567260742e+00 2.212141275405883789e+00
1.059197139739990234e+01 -1.206907033920288086e+00 2.175457000732421875e+00
1.051595973968505859e+01 -1.212468624114990234e+00 2.121852636337280273e+00
1.045650577545166016e+01 -1.216829419136047363e+00 2.078862190246582031e+00
1.039680671691894531e+01 -1.221216678619384766e+00 2.034848928451538086e+00
1.034068679809570312e+01 -1.225348949432373047e+00 1.992668271064758301e+00
1.029701614379882812e+01 -1.228570461273193359e+00 1.959248304367065430e+00
1.024407291412353516e+01 -1.232481598854064941e+00 1.918163776397705078e+00
1.016562366485595703e+01 -1.238287091255187988e+00 1.856256365776062012e+00
1.012398624420166016e+01 -1.241376399993896484e+00 1.822578907012939453e+00
1.007805347442626953e+01 -1.244789123535156250e+00 1.784941434860229492e+00
1.000955390930175781e+01 -1.249886274337768555e+00 1.728006839752197266e+00
9.969648361206054688e+00 -1.252862453460693359e+00 1.694130659103393555e+00
9.888867378234863281e+00 -1.258895158767700195e+00 1.624711632728576660e+00
9.849070549011230469e+00 -1.261875152587890625e+00 1.589661478996276855e+00
9.796761512756347656e+00 -1.265797257423400879e+00 1.543033361434936523e+00
9.711054801940917969e+00 -1.272234439849853516e+00 1.465422987937927246e+00
9.664107322692871094e+00 -1.275770545005798340e+00 1.421807646751403809e+00
9.609210968017578125e+00 -1.279911756515502930e+00 1.370091676712036133e+00
9.562217712402343750e+00 -1.283463120460510254e+00 1.325097441673278809e+00
9.498924255371093750e+00 -1.288253545761108398e+00 1.263652920722961426e+00
9.448968887329101562e+00 -1.292042255401611328e+00 1.214250445365905762e+00
9.402400016784667969e+00 -1.295579791069030762e+00 1.167522311210632324e+00
9.334096908569335938e+00 -1.300776004791259766e+00 1.098053574562072754e+00
9.313838005065917969e+00 -1.302320480346679688e+00 1.077039361000061035e+00
9.229893684387207031e+00 -1.308724403381347656e+00 9.894552230834960938e-01
9.200349807739257812e+00 -1.310984134674072266e+00 9.578804969787597656e-01
9.143141746520996094e+00 -1.315363883972167969e+00 8.962224125862121582e-01
9.108321189880371094e+00 -1.318034291267395020e+00 8.580781221389770508e-01
9.039779663085937500e+00 -1.323296308517456055e+00 7.822502851486206055e-01
8.985886573791503906e+00 -1.327442169189453125e+00 7.214634418487548828e-01
8.919578552246093750e+00 -1.332551121711730957e+00 6.455324292182922363e-01
8.870169639587402344e+00 -1.336365342140197754e+00 5.878928303718566895e-01
8.820542335510253906e+00 -1.340201735496520996e+00 5.291945934295654297e-01
8.795378684997558594e+00 -1.342149615287780762e+00 4.990184903144836426e-01
8.720264434814453125e+00 -1.347968220710754395e+00 4.083091020584106445e-01
8.692174911499023438e+00 -1.350148558616638184e+00 3.736747801303863525e-01
8.627534866333007812e+00 -1.355169653892517090e+00 2.933544516563415527e-01
8.603553771972656250e+00 -1.357035636901855469e+00 2.630203664302825928e-01
8.543845176696777344e+00 -1.361684203147888184e+00 1.869957149028778076e-01
8.477942466735839844e+00 -1.366822600364685059e+00 1.016996726393699646e-01
8.430806159973144531e+00 -1.370503425598144531e+00 3.958431258797645569e-02
8.393243789672851562e+00 -1.373439788818359375e+00 -1.055485382676124573e-02
8.347525596618652344e+00 -1.371909022331237793e+00 5.959806963801383972e-02
8.325981140136718750e+00 -1.371216893196105957e+00 9.083233773708343506e-02
8.263761520385742188e+00 -1.369253277778625488e+00 1.787381321191787720e-01
8.222834587097167969e+00 -1.368023395538330078e+00 2.324410229921340942e-01
8.196454048156738281e+00 -1.367252707481384277e+00 2.654721140861511230e-01
8.149726867675781250e+00 -1.365910410881042480e+00 3.222726881504058838e-01
8.103233337402343750e+00 -1.364611744880676270e+00 3.759193718433380127e-01
8.032423973083496094e+00 -1.362683057785034180e+00 4.535473883152008057e-01
8.006423950195312500e+00 -1.361998796463012695e+00 4.799239039421081543e-01
7.944763660430908203e+00 -1.360393404960632324e+00 5.407537221908569336e-01
7.899260997772216797e+00 -1.359236359596252441e+00 5.827423930168151855e-01
7.841063976287841797e+00 -1.357778072357177734e+00 6.338688135147094727e-01
7.783726692199707031e+00 -1.356364607810974121e+00 6.811445355415344238e-01
7.732929229736328125e+00 -1.355128645896911621e+00 7.204656600952148438e-01
7.687754154205322266e+00 -1.354039311408996582e+00 7.535090446472167969e-01
7.637219905853271484e+00 -1.352828145027160645e+00 7.886307239532470703e-01
7.586769580841064453e+00 -1.351625084877014160e+00 8.217066526412963867e-01
7.513378620147705078e+00 -1.349880218505859375e+00 8.670370578765869141e-01
7.482299327850341797e+00 -1.349142551422119141e+00 8.845778107643127441e-01
7.431065082550048828e+00 -1.347925305366516113e+00 9.123812317848205566e-01
7.355259418487548828e+00 -1.346119761466979980e+00 9.508575797080993652e-01
7.316955089569091797e+00 -1.345201730728149414e+00 9.683666229248046875e-01
7.240254402160644531e+00 -1.343354463577270508e+00 1.001531600952148438e+00
7.207556724548339844e+00 -1.342557907104492188e+00 1.014082908630371094e+00
7.135089874267578125e+00 -1.340781331062316895e+00 1.040438413619995117e+00
7.108380794525146484e+00 -1.340116620063781738e+00 1.048974752426147461e+00
7.037117958068847656e+00 -1.338331222534179688e+00 1.070615172386169434e+00
6.982522487640380859e+00 -1.336938023567199707e+00 1.084894895553588867e+00
6.904796123504638672e+00 -1.334922909736633301e+00 1.102758169174194336e+00
6.841486930847167969e+00 -1.333241105079650879e+00 1.114481210708618164e+00
6.807678222656250000e+00 -1.332323074340820312e+00 1.119527101516723633e+00
6.734691143035888672e+00 -1.330316066741943359e+00 1.129030704498291016e+00
6.683694839477539062e+00 -1.328873991966247559e+00 1.133581519126892090e+00
6.615003108978271484e+00 -1.326890349388122559e+00 1.137754321098327637e+00
6.565583705902099609e+00 -1.325420737266540527e+00 1.138861656188964844e+00
6.542200565338134766e+00 -1.324709653854370117e+00 1.138740539550781250e+00
6.457030773162841797e+00 -1.322090983390808105e+00 1.137186884880065918e+00
6.408826828002929688e+00 -1.320548057556152344e+00 1.134004235267639160e+00
6.376108169555664062e+00 -1.319475173950195312e+00 1.130953669548034668e+00
6.309714794158935547e+00 -1.317260742187500000e+00 1.123530387878417969e+00
6.224386215209960938e+00 -1.314313650131225586e+00 1.110750079154968262e+00
6.168858528137207031e+00 -1.312304854393005371e+00 1.099684834480285645e+00
6.119547367095947266e+00 -1.310463428497314453e+00 1.088242053985595703e+00
6.056763648986816406e+00 -1.308049798011779785e+00 1.071817636489868164e+00
6.010199546813964844e+00 -1.306190729141235352e+00 1.057853937149047852e+00
5.990489959716796875e+00 -1.305380702018737793e+00 1.051372408866882324e+00
5.924855232238769531e+00 -1.302648901939392090e+00 1.028971672058105469e+00
5.882439613342285156e+00 -1.300807595252990723e+00 1.012711644172668457e+00
5.826842784881591797e+00 -1.298325061798095703e+00 9.898475408554077148e-01
5.769203186035156250e+00 -1.295652508735656738e+00 9.639863371849060059e-01
5.705572128295898438e+00 -1.292581439018249512e+00 9.328925013542175293e-01
5.640238285064697266e+00 -1.289281129837036133e+00 8.979800939559936523e-01
5.589171886444091797e+00 -1.286573886871337891e+00 8.681944012641906738e-01
5.549138069152832031e+00 -1.284366607666015625e+00 8.432468175888061523e-01
5.487442493438720703e+00 -1.280855655670166016e+00 8.027998208999633789e-01
5.455440998077392578e+00 -1.278941631317138672e+00 7.801582813262939453e-01
5.392506122589111328e+00 -1.275074958801269531e+00 7.338568568229675293e-01
5.361719131469726562e+00 -1.273079037666320801e+00 7.094313502311706543e-01
5.321496009826660156e+00 -1.270398974418640137e+00 6.763241887092590332e-01
5.252089023590087891e+00 -1.265602111816406250e+00 6.164012551307678223e-01
5.226030349731445312e+00 -1.263680815696716309e+00 5.919882655143737793e-01
5.177652835845947266e+00 -1.260021209716796875e+00 5.452378392219543457e-01
5.140197277069091797e+00 -1.257046937942504883e+00 5.068982243537902832e-01
5.086089611053466797e+00 -1.252578854560852051e+00 4.489608705043792725e-01
5.033399581909179688e+00 -1.247966051101684570e+00 3.887129724025726318e-01
5.024290561676025391e+00 -1.247119426727294922e+00 3.775948584079742432e-01
4.955874443054199219e+00 -1.240690708160400391e+00 2.931123077869415283e-01
4.944910049438476562e+00 -1.239571452140808105e+00 2.783354222774505615e-01
4.895493030548095703e+00 -1.234454393386840820e+00 2.107504904270172119e-01
4.864302158355712891e+00 -1.231006026268005371e+00 1.651465296745300293e-01
4.811056137084960938e+00 -1.224854469299316406e+00 8.379621803760528564e-02
4.796024322509765625e+00 -1.222975850105285645e+00 5.897733569145202637e-02
4.748085498809814453e+00 -1.216839551925659180e+00 -2.203223109245300293e-02
4.707492828369140625e+00 -1.209102511405944824e+00 2.650645747780799866e-02
4.662167072296142578e+00 -1.200527548789978027e+00 7.834811508655548096e-02
4.582236289978027344e+00 -1.185521364212036133e+00 1.653980314731597900e-01
4.551895141601562500e+00 -1.179894685745239258e+00 1.957200765609741211e-01
4.496738433837890625e+00 -1.169707298278808594e+00 2.491146922111511230e-01
4.438691139221191406e+00 -1.159060239791870117e+00 3.021369874477386475e-01
4.367910861968994141e+00 -1.146163105964660645e+00 3.629575669765472412e-01
4.306990146636962891e+00 -1.135142683982849121e+00 4.115202426910400391e-01
4.278595924377441406e+00 -1.130034327507019043e+00 4.327273070812225342e-01
4.209215641021728516e+00 -1.117580771446228027e+00 4.829912781715393066e-01
4.140844345092773438e+00 -1.105373024940490723e+00 5.288906693458557129e-01
4.085220813751220703e+00 -1.095486283302307129e+00 5.634637475013732910e-01
3.997790098190307617e+00 -1.079995870590209961e+00 6.144186258316040039e-01
3.940986156463623047e+00 -1.069976210594177246e+00 6.441959738731384277e-01
3.887022495269775391e+00 -1.060479640960693359e+00 6.705204248428344727e-01
3.839041948318481445e+00 -1.052051901817321777e+00 6.923133134841918945e-01
3.758355379104614258e+00 -1.037899374961853027e+00 7.266072630882263184e-01
3.687992095947265625e+00 -1.025582194328308105e+00 7.531405091285705566e-01
3.637323617935180664e+00 -1.016723275184631348e+00 7.701913118362426758e-01
3.564093112945556641e+00 -1.003926515579223633e+00 7.927417159080505371e-01
3.502035140991210938e+00 -9.930869340896606445e-01 8.093289136886596680e-01
3.447129964828491211e+00 -9.834964871406555176e-01 8.221469521522521973e-01
3.396317243576049805e+00 -9.746180772781372070e-01 8.325088024139404297e-01
3.309864759445190430e+00 -9.595044255256652832e-01 8.477987647056579590e-01
3.273401260375976562e+00 -9.531217217445373535e-01 8.525824546813964844e-01
3.179730176925659180e+00 -9.367120265960693359e-01 8.630844950675964355e-01
3.114178657531738281e+00 -9.252012968063354492e-01 8.672297596931457520e-01
3.049344778060913086e+00 -9.137917160987854004e-01 8.691216111183166504e-01
3.003217935562133789e+00 -9.056537151336669922e-01 8.689135909080505371e-01
2.953637838363647461e+00 -8.968883156776428223e-01 8.674995303153991699e-01
2.894617795944213867e+00 -8.864286541938781738e-01 8.642879128456115723e-01
2.798512935638427734e+00 -8.693426847457885742e-01 8.560801148414611816e-01
2.728333950042724609e+00 -8.567945361137390137e-01 8.465094566345214844e-01
2.677385330200195312e+00 -8.476405739784240723e-01 8.376368880271911621e-01
2.640121698379516602e+00 -8.409193158149719238e-01 8.301114439964294434e-01
2.538702726364135742e+00 -8.225703239440917969e-01 8.075427412986755371e-01
2.474523782730102539e+00 -8.108564019203186035e-01 7.896020412445068359e-01
2.440714120864868164e+00 -8.046461939811706543e-01 7.788948416709899902e-01
2.372235536575317383e+00 -7.920224070549011230e-01 7.558403015136718750e-01
2.303485393524169922e+00 -7.792508006095886230e-01 7.298575043678283691e-01
2.245977401733398438e+00 -7.684773802757263184e-01 7.056642174720764160e-01
2.176428318023681641e+00 -7.553480267524719238e-01 6.738329529762268066e-01
2.157909870147705078e+00 -7.518171072006225586e-01 6.644994616508483887e-01
2.078863382339477539e+00 -7.367017865180969238e-01 6.236521601676940918e-01
2.017105102539062500e+00 -7.247414588928222656e-01 5.882921814918518066e-01
1.952461481094360352e+00 -7.120845913887023926e-01 5.483107566833496094e-01
1.898417592048645020e+00 -7.013707756996154785e-01 5.121551156044006348e-01
1.839938282966613770e+00 -6.896459460258483887e-01 4.704295694828033447e-01
1.806563735008239746e+00 -6.828657388687133789e-01 4.449240267276763916e-01
1.740909576416015625e+00 -6.694191098213195801e-01 3.927518725395202637e-01
1.706173062324523926e+00 -6.621837019920349121e-01 3.629685640335083008e-01
1.655923485755920410e+00 -6.516143679618835449e-01 3.181065917015075684e-01
1.613158345222473145e+00 -6.424838304519653320e-01 2.776277065277099609e-01
1.542692780494689941e+00 -6.272311210632324219e-01 2.074968516826629639e-01
1.489405155181884766e+00 -6.154109835624694824e-01 1.498585045337677002e-01
1.470350980758666992e+00 -6.110958456993103027e-01 1.278733313083648682e-01
1.432509779930114746e+00 -6.024566888809204102e-01 8.316294848918914795e-02
1.361683368682861328e+00 -5.860142707824707031e-01 -4.598245024681091309e-03
1.326063752174377441e+00 -5.774580240249633789e-01 -5.294863879680633545e-02
1.249845147132873535e+00 -5.538386702537536621e-01 2.907910943031311035e-02
1.223119735717773438e+00 -5.456222295761108398e-01 5.556843429803848267e-02
1.170012354850769043e+00 -5.293349027633666992e-01 1.067456379532814026e-01
1.085519433021545410e+00 -5.035412311553955078e-01 1.837275922298431396e-01
1.041817665100097656e+00 -4.902881681919097900e-01 2.201305776834487915e-01
9.673181772232055664e-01 -4.677624702453613281e-01 2.793952226638793945e-01
9.077907204627990723e-01 -4.498476684093475342e-01 3.231227993965148926e-01
8.351886868476867676e-01 -4.280698299407958984e-01 3.731273114681243896e-01
7.731633782386779785e-01 -4.095315933227539062e-01 4.125455319881439209e-01
6.572470068931579590e-01 -3.749799728393554688e-01 4.811975657939910889e-01
6.248682737350463867e-01 -3.653718233108520508e-01 4.978806078433990479e-01
5.448508262634277344e-01 -3.416508734226226807e-01 5.374813079833984375e-01
4.475200176239013672e-01 -3.128631711006164551e-01 5.808656215667724609e-01
3.882450759410858154e-01 -2.953712642192840576e-01 6.038804650306701660e-01
3.192166388034820557e-01 -2.750225961208343506e-01 6.283532977104187012e-01
2.412855327129364014e-01 -2.520725429058074951e-01 6.529867053031921387e-01
1.610769927501678467e-01 -2.284719347953796387e-01 6.749360561370849609e-01
8.464166522026062012e-02 -2.059942483901977539e-01 6.925840377807617188e-01
2.482930198311805725e-02 -1.884091794490814209e-01 7.039991617202758789e-01
-6.343322992324829102e-02 -1.624588221311569214e-01 7.181146740913391113e-01
-1.163898706436157227e-01 -1.468842178583145142e-01 7.241879701614379883e-01
-1.748694926500320435e-01 -1.296783536672592163e-01 7.293207049369812012e-01
-2.840452194213867188e-01 -9.753751754760742188e-02 7.356679439544677734e-01
-3.377799987792968750e-01 -8.169565349817276001e-02 7.358205914497375488e-01
-4.323306381702423096e-01 -5.379283428192138672e-02 7.335150241851806641e-01
-4.549650847911834717e-01 -4.709967970848083496e-02 7.318727970123291016e-01
-5.487003922462463379e-01 -1.936499588191509247e-02 7.239848375320434570e-01
-6.529400944709777832e-01 1.155801303684711456e-02 7.101660966873168945e-01
-6.848009228706359863e-01 2.104236558079719543e-02 7.041966319084167480e-01
-7.957097887992858887e-01 5.409932509064674377e-02 6.815270185470581055e-01
-8.672066926956176758e-01 7.550846040248870850e-02 6.625977754592895508e-01
-9.332299232482910156e-01 9.534862637519836426e-02 6.424680948257446289e-01
-9.848106503486633301e-01 1.109051555395126343e-01 6.247784495353698730e-01
-1.058169603347778320e+00 1.330989748239517212e-01 5.973804593086242676e-01
-1.138121008872985840e+00 1.574032455682754517e-01 5.639492869377136230e-01
-1.200050950050354004e+00 1.763385981321334839e-01 5.349159240722656250e-01
-1.258362770080566406e+00 1.942572295665740967e-01 5.051885843276977539e-01
-1.341568827629089355e+00 2.199575453996658325e-01 4.594288170337677002e-01
-1.390202760696411133e+00 2.351004183292388916e-01 4.297586381435394287e-01
-1.467699289321899414e+00 2.593571543693542480e-01 3.796004652976989746e-01
-1.483922958374023438e+00 2.644814550876617432e-01 3.680894672870635986e-01
-1.549068450927734375e+00 2.851011455059051514e-01 3.209719657897949219e-01
-1.623696088790893555e+00 3.089300990104675293e-01 2.627391815185546875e-01
-1.678650617599487305e+00 3.266744315624237061e-01 2.159939408302307129e-01
-1.753489255905151367e+00 3.510636985301971436e-01 1.481378525495529175e-01
-1.781072378158569336e+00 3.601790666580200195e-01 1.208457946777343750e-01
-1.870464801788330078e+00 3.898918330669403076e-01 2.943307161331176758e-02
-1.894896864891052246e+00 3.981789648532867432e-01 1.618167385458946228e-03
-1.974444746971130371e+00 4.314197897911071777e-01 8.055015653371810913e-02
-2.040252923965454102e+00 4.587509036064147949e-01 1.405666619539260864e-01
-2.135308742523193359e+00 4.980533421039581299e-01 2.214766293764114380e-01
-2.181123495101928711e+00 5.168873667716979980e-01 2.567453682422637939e-01
-2.266238689422607422e+00 5.517925024032592773e-01 3.191777169704437256e-01
-2.385361194610595703e+00 6.004399657249450684e-01 3.988914489746093750e-01
-2.431191921234130859e+00 6.190606355667114258e-01 4.257220327854156494e-01
-2.517547607421875000e+00 6.540876626968383789e-01 4.736788868904113770e-01
-2.639380931854248047e+00 7.033606171607971191e-01 5.346589088439941406e-01
-2.677083015441894531e+00 7.185536026954650879e-01 5.507600903511047363e-01
-2.786692380905151367e+00 7.626827359199523926e-01 5.951960086822509766e-01
-2.844744443893432617e+00 7.859964966773986816e-01 6.151548624038696289e-01
-2.954505681991577148e+00 8.300288915634155273e-01 6.494370102882385254e-01
-3.067002058029174805e+00 8.750771284103393555e-01 6.780188083648681641e-01
-3.112151384353637695e+00 8.931310772895812988e-01 6.868687272071838379e-01
-3.256657361984252930e+00 9.508917331695556641e-01 7.118939161300659180e-01
-3.346657276153564453e+00 9.868270754814147949e-01 7.209554314613342285e-01
-3.378072977066040039e+00 9.993676543235778809e-01 7.227195501327514648e-01
-3.528697013854980469e+00 1.059494256973266602e+00 7.288462519645690918e-01
-3.567979812622070312e+00 1.075178027153015137e+00 7.275189757347106934e-01
-3.640942335128784180e+00 1.104315519332885742e+00 7.236336469650268555e-01
-3.722697734832763672e+00 1.136982440948486328e+00 7.163068652153015137e-01
-3.837377309799194336e+00 1.182842850685119629e+00 7.013077735900878906e-01
-3.938572406768798828e+00 1.223372220993041992e+00 6.821252107620239258e-01
-4.003169059753417969e+00 1.249290347099304199e+00 6.664426922798156738e-01
-4.121394157409667969e+00 1.296793580055236816e+00 6.336190700531005859e-01
-4.196278572082519531e+00 1.326972484588623047e+00 6.079025864601135254e-01
-4.254205703735351562e+00 1.350372433662414551e+00 5.854911804199218750e-01
-4.360099792480468750e+00 1.393237233161926270e+00 5.408400297164916992e-01
-4.452115058898925781e+00 1.430640578269958496e+00 4.959481656551361084e-01
-4.477415084838867188e+00 1.440969586372375488e+00 4.820564389228820801e-01
-4.567397117614746094e+00 1.477755784988403320e+00 4.310618937015533447e-01
-4.652026653289794922e+00 1.512532591819763184e+00 3.775920867919921875e-01
-4.727336406707763672e+00 1.543653964996337891e+00 3.250522613525390625e-01
-4.801213264465332031e+00 1.574359536170959473e+00 2.688430249691009521e-01
-4.857428550720214844e+00 1.597875475883483887e+00 2.223038971424102783e-01
-4.945123195648193359e+00 1.634764671325683594e+00 1.448682248592376709e-01
-5.009183406829833984e+00 1.661976814270019531e+00 8.229804784059524536e-02
-5.068902492523193359e+00 1.687559127807617188e+00 1.939240843057632446e-02
-5.107317924499511719e+00 1.704163432121276855e+00 -2.410503476858139038e-02
-5.225680351257324219e+00 1.766868829727172852e+00 9.097293764352798462e-02
-5.311763286590576172e+00 1.812019348144531250e+00 1.649565100669860840e-01
-5.419800758361816406e+00 1.868330001831054688e+00 2.499186694622039795e-01
-5.553966522216796875e+00 1.937764883041381836e+00 3.441184163093566895e-01
-5.620132923126220703e+00 1.971742987632751465e+00 3.842558860778808594e-01
-5.685303211212158203e+00 2.005097627639770508e+00 4.209586977958679199e-01
-5.825031280517578125e+00 2.076390743255615234e+00 4.939045906066894531e-01
-5.963779449462890625e+00 2.146748542785644531e+00 5.546426177024841309e-01
-6.067847728729248047e+00 2.199238538742065430e+00 5.920394062995910645e-01
-6.153560161590576172e+00 2.242318391799926758e+00 6.180452704429626465e-01
-6.239658355712890625e+00 2.285478830337524414e+00 6.403214931488037109e-01
-6.367800712585449219e+00 2.349560022354125977e+00 6.678469181060791016e-01
-6.485951423645019531e+00 2.408449411392211914e+00 6.856427788734436035e-01
-6.634231567382812500e+00 2.482159614562988281e+00 6.993595361709594727e-01
-6.712488651275634766e+00 2.520947694778442383e+00 7.009403109550476074e-01
-6.826130390167236328e+00 2.577203035354614258e+00 6.989152431488037109e-01
-6.917144775390625000e+00 2.622183799743652344e+00 6.922405362129211426e-01
-7.013201713562011719e+00 2.669606447219848633e+00 6.808837056159973145e-01
-7.159055233001708984e+00 2.741548538208007812e+00 6.566295623779296875e-01
-7.237751960754394531e+00 2.780325889587402344e+00 6.376549601554870605e-01
-7.383655071258544922e+00 2.852201700210571289e+00 5.963938236236572266e-01
-7.441892147064208984e+00 2.880887985229492188e+00 5.752527117729187012e-01
-7.511374950408935547e+00 2.915121316909790039e+00 5.476986765861511230e-01
-7.659840106964111328e+00 2.988299369812011719e+00 4.826959371566772461e-01
-7.707353591918945312e+00 3.011749744415283203e+00 4.574666023254394531e-01
-7.818018436431884766e+00 3.066408395767211914e+00 3.951658904552459717e-01
-7.918139934539794922e+00 3.115959167480468750e+00 3.309470415115356445e-01
-8.035320281982421875e+00 3.174096107482910156e+00 2.467106878757476807e-01
-8.104242324829101562e+00 3.208420753479003906e+00 1.902527958154678345e-01
-8.156785011291503906e+00 3.234665155410766602e+00 1.437553316354751587e-01
-8.276384353637695312e+00 3.294561624526977539e+00 3.142716735601425171e-02
-8.340703010559082031e+00 3.327002525329589844e+00 -3.781243413686752319e-02
-8.513916015625000000e+00 3.435321569442749023e+00 1.218880936503410339e-01
-8.599395751953125000e+00 3.487866163253784180e+00 1.874302625656127930e-01
-8.752815246582031250e+00 3.581495285034179688e+00 2.948944568634033203e-01
-8.834733009338378906e+00 3.630896568298339844e+00 3.432686626911163330e-01
-9.030263900756835938e+00 3.748147010803222656e+00 4.482716321945190430e-01
-9.165616989135742188e+00 3.828292846679687500e+00 5.046748518943786621e-01
-9.327232360839843750e+00 3.923253059387207031e+00 5.596777200698852539e-01
-9.370869636535644531e+00 3.948675394058227539e+00 5.707421302795410156e-01
-9.560461997985839844e+00 4.058894157409667969e+00 6.145468950271606445e-01
-9.729638099670410156e+00 4.156360626220703125e+00 6.372828483581542969e-01
-9.805405616760253906e+00 4.199689865112304688e+00 6.411046981811523438e-01
-9.983325958251953125e+00 4.301124095916748047e+00 6.434681415557861328e-01
-1.018383979797363281e+01 4.414629459381103516e+00 6.285223364830017090e-01
-1.026594638824462891e+01 4.460757255554199219e+00 6.141337156295776367e-01
-1.046295452117919922e+01 4.571119785308837891e+00 5.712848305702209473e-01
-1.049774742126464844e+01 4.590477466583251953e+00 5.600557923316955566e-01
-1.070004749298095703e+01 4.702905178070068359e+00 4.908416569232940674e-01
-1.081369495391845703e+01 4.765646457672119141e+00 4.385390281677246094e-01
-1.093000125885009766e+01 4.829634189605712891e+00 3.765998780727386475e-01
-1.109531021118164062e+01 4.920269966125488281e+00 2.753735184669494629e-01
-1.113295555114746094e+01 4.940812110900878906e+00 2.475784569978713989e-01
-1.131447505950927734e+01 5.039767742156982422e+00 1.077609211206436157e-01
-1.140179634094238281e+01 5.087141990661621094e+00 2.565769106149673462e-02
-1.146733951568603516e+01 5.122632026672363281e+00 -4.240474849939346313e-02
-1.174414348602294922e+01 5.308766841888427734e+00 2.055581212043762207e-01
-1.186610317230224609e+01 5.387661457061767578e+00 2.859367728233337402e-01
-1.212629795074462891e+01 5.553592681884765625e+00 4.355307221412658691e-01
-1.226253890991210938e+01 5.638046264648437500e+00 4.916446506977081299e-01
-1.254620933532714844e+01 5.811533451080322266e+00 5.870195627212524414e-01
-1.272009086608886719e+01 5.915030479431152344e+00 6.195727586746215820e-01
-1.284654140472412109e+01 5.989112854003906250e+00 6.324512362480163574e-01
-1.313980007171630859e+01 6.158975601196289062e+00 6.445163488388061523e-01
-1.327033042907714844e+01 6.232573509216308594e+00 6.314485073089599609e-01
-1.350809574127197266e+01 6.365014076232910156e+00 5.926257371902465820e-01
-1.366705417633056641e+01 6.451526165008544922e+00 5.477159619331359863e-01
-1.383548069000244141e+01 6.541692256927490234e+00 4.859592914581298828e-01
-1.404818058013916016e+01 6.653441429138183594e+00 3.877264261245727539e-01
-1.426870059967041016e+01 6.766278743743896484e+00 2.566374838352203369e-01
-1.442470932006835938e+01 6.843582630157470703e+00 1.389986276626586914e-01
-1.458003616333007812e+01 6.918474197387695312e+00 9.337961673736572266e-04
-1.469274520874023438e+01 6.971047401428222656e+00 -1.174422651529312134e-01
-1.516100215911865234e+01 7.252268314361572266e+00 2.434916943311691284e-01
-1.554529571533203125e+01 7.460153102874755859e+00 4.146618843078613281e-01
-1.582696247100830078e+01 7.601601123809814453e+00 4.845106899738311768e-01
-1.637817955017089844e+01 7.864041805267333984e+00 5.513315796852111816e-01
-1.668802261352539062e+01 7.995913982391357422e+00 5.150483846664428711e-01
-1.707551193237304688e+01 8.149348258972167969e+00 4.182308614253997803e-01
-1.730013847351074219e+01 8.229042053222656250e+00 3.216666877269744873e-01
-1.755405235290527344e+01 8.312096595764160156e+00 1.825934946537017822e-01
-1.806258773803710938e+01 8.459775924682617188e+00 -1.742843389511108398e-01
-1.829595756530761719e+01 8.503405570983886719e+00 -4.380255043506622314e-01
-1.878498458862304688e+01 8.592996597290039062e+00 -2.297898530960083008e-01
-2.014225387573242188e+01 8.723225593566894531e+00 8.318158984184265137e-02
-2.146321868896484375e+01 8.532031059265136719e+00 -2.554630637168884277e-01
-2.219251251220703125e+01 8.123109817504882812e+00 -9.309410452842712402e-01
-2.006684494018554688e+01 -3.551657867431640625e+01 -6.457289695739746094e+00
2.206360043520000000e+11 5.823913984000000000e+10 -2.337996800000000000e+11
nan nan nan
nan nan nan
nan nan nan
nan nan nan
nan nan nan
nan nan nan
nan nan nan
nan nan nan
nan nan nan
nan nan nan
nan nan nan
nan nan nan
