2.328118133544921875e+01 -2.173460721969604492e-01 2.500741481781005859e-01
2.309133720397949219e+01 -2.026388645172119141e-01 3.699620664119720459e-01
2.294401741027832031e+01 -1.913229525089263916e-01 4.617589712142944336e-01
2.280849647521972656e+01 -1.809810847043991089e-01 5.453044176101684570e-01
2.267449760437011719e+01 -1.708158105611801147e-01 6.270821690559387207e-01
2.250170898437500000e+01 -1.577837914228439331e-01 7.314597368240356445e-01
2.231912994384765625e+01 -1.441154181957244873e-01 8.402640819549560547e-01
2.219539070129394531e+01 -1.349234282970428467e-01 9.129189848899841309e-01
2.205967521667480469e+01 -1.248934790492057800e-01 9.917859435081481934e-01
2.192063713073730469e+01 -1.146751269698143005e-01 1.071649312973022461e+00
2.167955589294433594e+01 -9.705695509910583496e-02 1.208440661430358887e+00
2.158376312255859375e+01 -9.012408554553985596e-02 1.261608123779296875e+00
2.141531372070312500e+01 -7.797779142856597900e-02 1.354259014129638672e+00
2.128563308715820312e+01 -6.868731230497360229e-02 1.424427151679992676e+00
2.109755897521972656e+01 -5.527871102094650269e-02 1.524875998497009277e+00
2.099205589294433594e+01 -4.780896380543708801e-02 1.580135226249694824e+00
2.085788726806640625e+01 -3.834544867277145386e-02 1.649617910385131836e+00
2.066753387451171875e+01 -2.498202025890350342e-02 1.746753215789794922e+00
2.055137443542480469e+01 -1.688059046864509583e-02 1.804753899574279785e+00
2.048048210144042969e+01 -1.195514854043722153e-02 1.839669704437255859e+00
2.033590316772460938e+01 -1.933190971612930298e-03 1.910269618034362793e+00
2.013355255126953125e+01 1.202888786792755127e-02 2.007326602935791016e+00
1.999388694763183594e+01 2.160525321960449219e-02 2.072587490081787109e+00
1.989156723022460938e+01 2.859206497669219971e-02 2.119506120681762695e+00
1.975812721252441406e+01 3.767773881554603577e-02 2.179831504821777344e+00
1.961870193481445312e+01 4.713647067546844482e-02 2.241669178009033203e+00
1.950858306884765625e+01 5.458012968301773071e-02 2.289508819580078125e+00
1.935434341430664062e+01 6.497825682163238525e-02 2.355393886566162109e+00
1.928478240966796875e+01 6.965092569589614868e-02 2.384387016296386719e+00
1.907050132751464844e+01 8.402355760335922241e-02 2.472686052322387695e+00
1.896585845947265625e+01 9.101124852895736694e-02 2.514255046844482422e+00
1.885279655456542969e+01 9.854690730571746826e-02 2.558334589004516602e+00
1.875990104675292969e+01 1.047267615795135498e-01 2.593801736831665039e+00
1.865190696716308594e+01 1.119008138775825500e-01 2.634308099746704102e+00
1.850518417358398438e+01 1.216328069567680359e-01 2.688181400299072266e+00
1.835939407348632812e+01 1.312848776578903198e-01 2.740122795104980469e+00
1.824187278747558594e+01 1.390531957149505615e-01 2.780697345733642578e+00
1.814654922485351562e+01 1.453476548194885254e-01 2.812747001647949219e+00
1.800617218017578125e+01 1.546106636524200439e-01 2.858902454376220703e+00
1.786989593505859375e+01 1.635954827070236206e-01 2.902197360992431641e+00
1.782659912109375000e+01 1.664485484361648560e-01 2.915478467941284180e+00
1.767117118835449219e+01 1.766897141933441162e-01 2.962608814239501953e+00
1.752804756164550781e+01 1.861182004213333130e-01 3.004177331924438477e+00
1.743350028991699219e+01 1.923474967479705811e-01 3.030503034591674805e+00
1.731083297729492188e+01 2.004317641258239746e-01 3.063671112060546875e+00
1.721068000793457031e+01 2.070359736680984497e-01 3.089691638946533203e+00
1.705689620971679688e+01 2.171832323074340820e-01 3.128298521041870117e+00
1.702914047241210938e+01 2.190169095993041992e-01 3.134886741638183594e+00
1.688066482543945312e+01 2.288289964199066162e-01 3.169760465621948242e+00
1.680640792846679688e+01 2.337443083524703979e-01 3.186198711395263672e+00
1.669202041625976562e+01 2.413236945867538452e-01 3.210737705230712891e+00
1.656516838073730469e+01 2.497431039810180664e-01 3.236595630645751953e+00
1.647784996032714844e+01 2.555509507656097412e-01 3.253344774246215820e+00
1.630324172973632812e+01 2.671838700771331787e-01 3.285372018814086914e+00
1.619981384277343750e+01 2.740992903709411621e-01 3.302577257156372070e+00
1.614645576477050781e+01 2.776756882667541504e-01 3.310904502868652344e+00
1.601766967773437500e+01 2.863193750381469727e-01 3.330312490463256836e+00
1.592353057861328125e+01 2.926593124866485596e-01 3.343266248703002930e+00
1.579843235015869141e+01 3.011071085929870605e-01 3.359265327453613281e+00
1.571243667602539062e+01 3.069365918636322021e-01 3.369138002395629883e+00
1.566217613220214844e+01 3.103533089160919189e-01 3.374449729919433594e+00
1.550081157684326172e+01 3.213417828083038330e-01 3.390636682510375977e+00
1.540300750732421875e+01 3.280401825904846191e-01 3.398736238479614258e+00
1.532317924499511719e+01 3.335278630256652832e-01 3.404487133026123047e+00
1.519454956054687500e+01 3.423983752727508545e-01 3.412610054016113281e+00
1.509708595275878906e+01 3.491551280021667480e-01 3.417350053787231445e+00
1.503036212921142578e+01 3.537999391555786133e-01 3.419851303100585938e+00
1.492802906036376953e+01 3.609440922737121582e-01 3.422899246215820312e+00
1.480334377288818359e+01 3.696874380111694336e-01 3.425124645233154297e+00
1.476160621643066406e+01 3.726300597190856934e-01 3.425254344940185547e+00
1.466563224792480469e+01 3.794082999229431152e-01 3.425075054168701172e+00
1.458285331726074219e+01 3.852778375148773193e-01 3.423965454101562500e+00
1.443724060058593750e+01 3.956359922885894775e-01 3.420549631118774414e+00
1.435650634765625000e+01 4.014094173908233643e-01 3.417207956314086914e+00
1.431178665161132812e+01 4.046150743961334229e-01 3.414906501770019531e+00
1.415717792510986328e+01 4.157107770442962646e-01 3.406081199645996094e+00
1.408531188964843750e+01 4.208870530128479004e-01 3.400563001632690430e+00
1.398728370666503906e+01 4.279552996158599854e-01 3.392125129699707031e+00
1.395536327362060547e+01 4.302593767642974854e-01 3.388967990875244141e+00
1.383451080322265625e+01 4.389846026897430420e-01 3.376505613327026367e+00
1.373311996459960938e+01 4.463090002536773682e-01 3.364413261413574219e+00
1.365682888031005859e+01 4.518198370933532715e-01 3.354264020919799805e+00
1.356164932250976562e+01 4.586926698684692383e-01 3.340602636337280273e+00
1.346527290344238281e+01 4.656470417976379395e-01 3.325490474700927734e+00
1.341018486022949219e+01 4.696180522441864014e-01 3.316101074218750000e+00
1.329297161102294922e+01 4.780611693859100342e-01 3.295198202133178711e+00
1.325482368469238281e+01 4.808042347431182861e-01 3.287746429443359375e+00
1.316356086730957031e+01 4.873620271682739258e-01 3.269407749176025391e+00
1.309531974792480469e+01 4.922570288181304932e-01 3.254770994186401367e+00
1.299107742309570312e+01 4.997236430644989014e-01 3.231343746185302734e+00
1.290778064727783203e+01 5.056758522987365723e-01 3.211301326751708984e+00
1.279819393157958984e+01 5.134905576705932617e-01 3.183522224426269531e+00
1.272702312469482422e+01 5.185511112213134766e-01 3.164256811141967773e+00
1.266030693054199219e+01 5.232853293418884277e-01 3.145441055297851562e+00
1.256634330749511719e+01 5.299398899078369141e-01 3.117931604385375977e+00
1.252484703063964844e+01 5.328701734542846680e-01 3.105147123336791992e+00
1.243744373321533203e+01 5.390339493751525879e-01 3.077620983123779297e+00
1.233054637908935547e+01 5.465508103370666504e-01 3.042398929595947266e+00
1.225155925750732422e+01 5.520846843719482422e-01 3.014944076538085938e+00
1.216571998596191406e+01 5.580816864967346191e-01 2.983942508697509766e+00
1.211149597167968750e+01 5.618579387664794922e-01 2.963548421859741211e+00
1.201521968841552734e+01 5.685490369796752930e-01 2.926418781280517578e+00
1.194140338897705078e+01 5.736600756645202637e-01 2.896683454513549805e+00
1.184889411926269531e+01 5.800465941429138184e-01 2.858182907104492188e+00
1.181867694854736328e+01 5.821247696876525879e-01 2.845094442367553711e+00
1.172366619110107422e+01 5.886508822441101074e-01 2.803409337997436523e+00
1.164641857147216797e+01 5.939355492591857910e-01 2.768143653869628906e+00
1.154922103881835938e+01 6.005628108978271484e-01 2.722343921661376953e+00
1.152258586883544922e+01 6.023710966110229492e-01 2.709294319152832031e+00
1.143077182769775391e+01 6.085968613624572754e-01 2.663834810256958008e+00
1.136857986450195312e+01 6.127964258193969727e-01 2.631918191909790039e+00
1.128611660003662109e+01 6.183487176895141602e-01 2.588576555252075195e+00
1.123137569427490234e+01 6.220201849937438965e-01 2.558893918991088867e+00
1.117061042785644531e+01 6.260850429534912109e-01 2.525265216827392578e+00
1.107007789611816406e+01 6.327903270721435547e-01 2.468368291854858398e+00
1.101313591003417969e+01 6.365694999694824219e-01 2.434944152832031250e+00
1.095184421539306641e+01 6.406258940696716309e-01 2.398226261138916016e+00
1.087446784973144531e+01 6.457310318946838379e-01 2.350855827331542969e+00
1.082057189941406250e+01 6.492729783058166504e-01 2.316955566406250000e+00
1.070248508453369141e+01 6.570121049880981445e-01 2.241281747817993164e+00
1.065457344055175781e+01 6.601328253746032715e-01 2.209317207336425781e+00
1.057431316375732422e+01 6.653473973274230957e-01 2.154900550842285156e+00
1.052813625335693359e+01 6.683347821235656738e-01 2.122744083404541016e+00
1.043563842773437500e+01 6.743041276931762695e-01 2.057341814041137695e+00
1.039155006408691406e+01 6.771352291107177734e-01 2.025211572647094727e+00
1.032073020935058594e+01 6.816719770431518555e-01 1.972859025001525879e+00
1.025946712493896484e+01 6.855813264846801758e-01 1.926529407501220703e+00
1.018167781829833984e+01 6.905285120010375977e-01 1.866544365882873535e+00
1.012555980682373047e+01 6.940821409225463867e-01 1.822195768356323242e+00
1.007636260986328125e+01 6.971878409385681152e-01 1.782627701759338379e+00
1.001870727539062500e+01 7.008174657821655273e-01 1.735543131828308105e+00
9.931544303894042969e+00 7.062869668006896973e-01 1.663082480430603027e+00
9.874280929565429688e+00 7.098625898361206055e-01 1.614190578460693359e+00
9.831173896789550781e+00 7.125455737113952637e-01 1.576739549636840820e+00
9.753672599792480469e+00 7.173574566841125488e-01 1.508525848388671875e+00
9.685684204101562500e+00 7.215601801872253418e-01 1.447276234626770020e+00
9.608670234680175781e+00 7.263023257255554199e-01 1.376477122306823730e+00
9.584135055541992188e+00 7.278064489364624023e-01 1.353401780128479004e+00
9.509821891784667969e+00 7.323558926582336426e-01 1.283004760742187500e+00
9.426354408264160156e+00 7.374440431594848633e-01 1.202195763587951660e+00
9.374644279479980469e+00 7.405812144279479980e-01 1.150902748107910156e+00
9.332008361816406250e+00 7.431602478027343750e-01 1.107973456382751465e+00
9.246203422546386719e+00 7.483379244804382324e-01 1.020511865615844727e+00
9.203836441040039062e+00 7.508819699287414551e-01 9.762521982192993164e-01
9.144933700561523438e+00 7.544104456901550293e-01 9.139704108238220215e-01
9.064379692077636719e+00 7.592198252677917480e-01 8.273590803146362305e-01
9.007907867431640625e+00 7.625760436058044434e-01 7.652441263198852539e-01
8.977457046508789062e+00 7.643800973892211914e-01 7.312139272689819336e-01
8.930198669433593750e+00 7.671751379966735840e-01 6.779488325119018555e-01
8.864785194396972656e+00 7.710337638854980469e-01 6.032403707504272461e-01
8.821571350097656250e+00 7.735736370086669922e-01 5.529788732528686523e-01
8.765719413757324219e+00 7.768485546112060547e-01 4.872341454029083252e-01
8.693084716796875000e+00 7.810945510864257812e-01 4.004031717777252197e-01
8.613435745239257812e+00 7.857322096824645996e-01 3.032607734203338623e-01
8.561522483825683594e+00 7.887420654296875000e-01 2.385456562042236328e-01
8.522548675537109375e+00 7.909955382347106934e-01 1.892665028572082520e-01
8.465817451477050781e+00 7.942692041397094727e-01 1.167674660682678223e-01
8.435903549194335938e+00 7.959904074668884277e-01 7.794396579265594482e-02
8.373023986816406250e+00 7.996029853820800781e-01 -4.329860210418701172e-03
8.327682495117187500e+00 8.021998405456542969e-01 -6.467712670564651489e-02
8.254407882690429688e+00 8.147525787353515625e-01 4.800245165824890137e-02
8.229659080505371094e+00 8.189431428909301758e-01 8.273752778768539429e-02
8.152850151062011719e+00 8.319064974784851074e-01 1.874380409717559814e-01
8.111531257629394531e+00 8.388158082962036133e-01 2.389097213745117188e-01
8.077273368835449219e+00 8.445209860801696777e-01 2.796429991722106934e-01
8.028423309326171875e+00 8.526318669319152832e-01 3.355585932731628418e-01
7.955978393554687500e+00 8.646134138107299805e-01 4.141249060630798340e-01
7.890363216400146484e+00 8.754112124443054199e-01 4.798271059989929199e-01
7.843465805053710938e+00 8.831006884574890137e-01 5.235346555709838867e-01
7.804311752319335938e+00 8.895069956779479980e-01 5.582068562507629395e-01
7.737580776214599609e+00 9.004091024398803711e-01 6.148225069046020508e-01
7.693291664123535156e+00 9.076291322708129883e-01 6.497123837471008301e-01
7.604389190673828125e+00 9.221068620681762695e-01 7.163542509078979492e-01
7.557691574096679688e+00 9.296993613243103027e-01 7.479337453842163086e-01
7.505245208740234375e+00 9.382235407829284668e-01 7.814952731132507324e-01
7.455068588256835938e+00 9.463777542114257812e-01 8.116211295127868652e-01
7.386162757873535156e+00 9.575772285461425781e-01 8.504691720008850098e-01
7.339295387268066406e+00 9.651988744735717773e-01 8.746082782745361328e-01
7.293954372406005859e+00 9.725772738456726074e-01 8.965083360671997070e-01
7.215528488159179688e+00 9.853504300117492676e-01 9.320107698440551758e-01
7.128269672393798828e+00 9.995873570442199707e-01 9.670396447181701660e-01
7.081715583801269531e+00 1.007202506065368652e+00 9.831552505493164062e-01
7.046729564666748047e+00 1.012935161590576172e+00 9.942618012428283691e-01
6.945465564727783203e+00 1.029551386833190918e+00 1.024251461029052734e+00
6.913931846618652344e+00 1.034748435020446777e+00 1.031669139862060547e+00
6.853077411651611328e+00 1.044794082641601562e+00 1.044852495193481445e+00
6.788248062133789062e+00 1.055531263351440430e+00 1.056584954261779785e+00
6.712123394012451172e+00 1.068187713623046875e+00 1.067495346069335938e+00
6.651514053344726562e+00 1.078314185142517090e+00 1.073521256446838379e+00
6.591992378234863281e+00 1.088301777839660645e+00 1.077369570732116699e+00
6.518695354461669922e+00 1.100656747817993164e+00 1.079609751701354980e+00
6.476599216461181641e+00 1.107795000076293945e+00 1.079127311706542969e+00
6.391750335693359375e+00 1.122236251831054688e+00 1.076102375984191895e+00
6.360013008117675781e+00 1.127680301666259766e+00 1.073414683341979980e+00
6.268806457519531250e+00 1.143375515937805176e+00 1.064006090164184570e+00
6.213528156280517578e+00 1.152978539466857910e+00 1.055342197418212891e+00
6.151872158050537109e+00 1.163756966590881348e+00 1.043646335601806641e+00
6.101197242736816406e+00 1.172681570053100586e+00 1.032143831253051758e+00
6.032283306121826172e+00 1.184896826744079590e+00 1.014354348182678223e+00
6.000628948211669922e+00 1.190559744834899902e+00 1.004816770553588867e+00
5.904814720153808594e+00 1.207778573036193848e+00 9.740095138549804688e-01
5.883488178253173828e+00 1.211665987968444824e+00 9.658175706863403320e-01
5.820835590362548828e+00 1.223125815391540527e+00 9.408512115478515625e-01
5.743451118469238281e+00 1.237428426742553711e+00 9.066886305809020996e-01
5.679234504699707031e+00 1.249461412429809570e+00 8.748044371604919434e-01
5.652806758880615234e+00 1.254474878311157227e+00 8.604218959808349609e-01
5.559435367584228516e+00 1.272284030914306641e+00 8.077101707458496094e-01
5.502586841583251953e+00 1.283344507217407227e+00 7.713928222656250000e-01
5.464618206024169922e+00 1.290830969810485840e+00 7.453075051307678223e-01
5.416753292083740234e+00 1.300358772277832031e+00 7.108139991760253906e-01
5.353499412536621094e+00 1.313109040260314941e+00 6.624459624290466309e-01
5.319113731384277344e+00 1.320163726806640625e+00 6.340449452400207520e-01
5.261748790740966797e+00 1.332055330276489258e+00 5.846405625343322754e-01
5.195368289947509766e+00 1.346067905426025391e+00 5.233734250068664551e-01
5.145555496215820312e+00 1.356825828552246094e+00 4.735631644725799561e-01
5.099434375762939453e+00 1.366975307464599609e+00 4.245516061782836914e-01
5.077764034271240234e+00 1.371834397315979004e+00 4.001706242561340332e-01
5.033251285552978516e+00 1.381910085678100586e+00 3.487024605274200439e-01
4.986404895782470703e+00 1.392730832099914551e+00 2.913859486579895020e-01
4.938130378723144531e+00 1.404141426086425781e+00 2.286172509193420410e-01
4.900432586669921875e+00 1.413285851478576660e+00 1.763323545455932617e-01
4.857624053955078125e+00 1.423902630805969238e+00 1.137722283601760864e-01
4.810322284698486328e+00 1.435958147048950195e+00 4.026795178651809692e-02
4.768033027648925781e+00 1.447100162506103516e+00 -3.027661144733428955e-02
4.714214324951171875e+00 1.464984774589538574e+00 3.575032949447631836e-02
4.654459953308105469e+00 1.484737634658813477e+00 1.047100499272346497e-01
4.632884502410888672e+00 1.491833090782165527e+00 1.280003935098648071e-01
4.574313163757324219e+00 1.511063337326049805e+00 1.897519230842590332e-01
4.480398178100585938e+00 1.541767716407775879e+00 2.825912237167358398e-01
4.432180881500244141e+00 1.557438611984252930e+00 3.255614340305328369e-01
4.368608951568603516e+00 1.578048467636108398e+00 3.793060779571533203e-01
4.332463264465332031e+00 1.589732289314270020e+00 4.077886939048767090e-01
4.259567737579345703e+00 1.613260865211486816e+00 4.629677534103393555e-01
4.176404476165771484e+00 1.640031814575195312e+00 5.209040641784667969e-01
4.100385189056396484e+00 1.664440989494323730e+00 5.689263343811035156e-01
4.031951427459716797e+00 1.686374306678771973e+00 6.083159446716308594e-01
3.987908363342285156e+00 1.700472354888916016e+00 6.315404772758483887e-01
3.919147968292236328e+00 1.722468614578247070e+00 6.657355427742004395e-01
3.836947679519653320e+00 1.748743653297424316e+00 7.028581500053405762e-01
3.785454273223876953e+00 1.765193581581115723e+00 7.233911156654357910e-01
3.718905210494995117e+00 1.786450386047363281e+00 7.477903366088867188e-01
3.629905462265014648e+00 1.814879298210144043e+00 7.767980694770812988e-01
3.567858219146728516e+00 1.834706187248229980e+00 7.937176227569580078e-01
3.492883205413818359e+00 1.858677268028259277e+00 8.114413619041442871e-01
3.462120532989501953e+00 1.868521690368652344e+00 8.173829317092895508e-01
3.376747131347656250e+00 1.895856022834777832e+00 8.323756456375122070e-01
3.290603637695312500e+00 1.923478960990905762e+00 8.433332443237304688e-01
3.262018442153930664e+00 1.932662725448608398e+00 8.455851674079895020e-01
3.155947685241699219e+00 1.966767430305480957e+00 8.522464036941528320e-01
3.120965242385864258e+00 1.978049397468566895e+00 8.523660898208618164e-01
3.018516063690185547e+00 2.011129856109619141e+00 8.507106304168701172e-01
2.961149930953979492e+00 2.029722929000854492e+00 8.464757800102233887e-01
2.916054248809814453e+00 2.044374942779541016e+00 8.416782021522521973e-01
2.833460092544555664e+00 2.071266651153564453e+00 8.307595252990722656e-01
2.755258560180664062e+00 2.096832752227783203e+00 8.166807293891906738e-01
2.691298961639404297e+00 2.117833614349365234e+00 8.022133111953735352e-01
2.636189699172973633e+00 2.135999441146850586e+00 7.876228690147399902e-01
2.545968532562255859e+00 2.165848255157470703e+00 7.606767416000366211e-01
2.500868320465087891e+00 2.180865764617919922e+00 7.446366548538208008e-01
2.437366724014282227e+00 2.202086448669433594e+00 7.201834917068481445e-01
2.396332979202270508e+00 2.215872764587402344e+00 7.026384472846984863e-01
2.290045738220214844e+00 2.251716375350952148e+00 6.541852355003356934e-01
2.265043735504150391e+00 2.260235309600830078e+00 6.408853530883789062e-01
2.186540842056274414e+00 2.287056922912597656e+00 5.976470708847045898e-01
2.113165855407714844e+00 2.312353134155273438e+00 5.527567863464355469e-01
2.081909418106079102e+00 2.323229789733886719e+00 5.317415595054626465e-01
2.008945226669311523e+00 2.348731040954589844e+00 4.807025194168090820e-01
1.964900970458984375e+00 2.364291191101074219e+00 4.469797313213348389e-01
1.885403156280517578e+00 2.392578601837158203e+00 3.827270269393920898e-01
1.839307665824890137e+00 2.409211397171020508e+00 3.417032361030578613e-01
1.773270368576049805e+00 2.433257818222045898e+00 2.795334458351135254e-01
1.719656944274902344e+00 2.453059196472167969e+00 2.248203307390213013e-01
1.678966999053955078e+00 2.468281984329223633e+00 1.804385781288146973e-01
1.626407504081726074e+00 2.488157510757446289e+00 1.200811713933944702e-01
1.585095882415771484e+00 2.504017114639282227e+00 6.931909918785095215e-02
1.544443845748901367e+00 2.519829988479614258e+00 1.655390113592147827e-02
1.466961860656738281e+00 2.555645704269409180e+00 9.971555322408676147e-02
1.387500047683715820e+00 2.592218875885009766e+00 1.778103113174438477e-01
1.346520543098449707e+00 2.611010789871215820e+00 2.146334648132324219e-01
1.283826589584350586e+00 2.639714717864990234e+00 2.684484720230102539e-01
1.210396885871887207e+00 2.673260211944580078e+00 3.271710872650146484e-01
1.137186765670776367e+00 2.706631898880004883e+00 3.809875249862670898e-01
1.086203932762145996e+00 2.729829788208007812e+00 4.153793752193450928e-01
9.893903732299804688e-01 2.773835897445678711e+00 4.768139123916625977e-01
9.161190986633300781e-01 2.807086229324340820e+00 5.179785490036010742e-01
8.362296819686889648e-01 2.843308210372924805e+00 5.587069988250732422e-01
7.747477293014526367e-01 2.871166229248046875e+00 5.867059230804443359e-01
6.841335296630859375e-01 2.912213087081909180e+00 6.243147253990173340e-01
5.919432640075683594e-01 2.953967809677124023e+00 6.572508811950683594e-01
5.106037259101867676e-01 2.990815639495849609e+00 6.816865205764770508e-01
4.564668834209442139e-01 3.015352249145507812e+00 6.953079104423522949e-01
4.126802384853363037e-01 3.035207748413085938e+00 7.049292325973510742e-01
2.784174680709838867e-01 3.096120357513427734e+00 7.310051918029785156e-01
2.173366546630859375e-01 3.123879671096801758e+00 7.381312251091003418e-01
1.628819257020950317e-01 3.148655176162719727e+00 7.425906062126159668e-01
9.727907925844192505e-02 3.178536415100097656e+00 7.459350228309631348e-01
2.045079320669174194e-02 3.213583469390869141e+00 7.469910979270935059e-01
-5.786722153425216675e-02 3.249381065368652344e+00 7.446442842483520508e-01
-1.269157081842422485e-01 3.281013965606689453e+00 7.394801378250122070e-01
-2.550629377365112305e-01 3.339854955673217773e+00 7.247845530509948730e-01
-3.086389899253845215e-01 3.364570379257202148e+00 7.146058082580566406e-01
-3.929964900016784668e-01 3.403575658798217773e+00 6.958603262901306152e-01
-4.746399223804473877e-01 3.441473960876464844e+00 6.734904050827026367e-01
-5.456725358963012695e-01 3.474586486816406250e+00 6.503597497940063477e-01
-6.232698559761047363e-01 3.510907411575317383e+00 6.214883923530578613e-01
-6.994122266769409180e-01 3.546722173690795898e+00 5.891554355621337891e-01
-7.400699257850646973e-01 3.565948009490966797e+00 5.697017908096313477e-01
-8.380398154258728027e-01 3.612420082092285156e+00 5.198955535888671875e-01
-8.936787247657775879e-01 3.639025211334228516e+00 4.874291419982910156e-01
-9.257328510284423828e-01 3.654432296752929688e+00 4.672677516937255859e-01
-1.024315714836120605e+00 3.701969146728515625e+00 4.025728702545166016e-01
-1.088824391365051270e+00 3.733404636383056641e+00 3.545508980751037598e-01
-1.162560343742370605e+00 3.769622564315795898e+00 2.950170636177062988e-01
-1.197586417198181152e+00 3.787001132965087891e+00 2.640145123004913330e-01
-1.267792105674743652e+00 3.822020769119262695e+00 1.990766823291778564e-01
-1.299301385879516602e+00 3.837920904159545898e+00 1.672477424144744873e-01
-1.371044516563415527e+00 3.874334812164306641e+00 9.179165214300155640e-02
-1.414124011993408203e+00 3.896516084671020508e+00 4.208967089653015137e-02
-1.487201571464538574e+00 3.934515476226806641e+00 -4.721603542566299438e-02
-1.581799864768981934e+00 3.991550922393798828e+00 4.641253501176834106e-02
-1.622164726257324219e+00 4.015787124633789062e+00 8.231734484434127808e-02
-1.722329258918762207e+00 4.075839996337890625e+00 1.674932390451431274e-01
-1.782965898513793945e+00 4.112073898315429688e+00 2.134806364774703979e-01
-1.860344886779785156e+00 4.158236980438232422e+00 2.681923806667327881e-01
-1.970595598220825195e+00 4.223892211914062500e+00 3.392830491065979004e-01
-2.026759386062622070e+00 4.257266998291015625e+00 3.708104193210601807e-01
-2.148149967193603516e+00 4.329343318939208984e+00 4.340959787368774414e-01
-2.196916580200195312e+00 4.358256340026855469e+00 4.554625749588012695e-01
-2.290278673171997070e+00 4.413589000701904297e+00 4.933989942073822021e-01
-2.410388469696044922e+00 4.484735488891601562e+00 5.350597500801086426e-01
-2.502791404724121094e+00 4.539453029632568359e+00 5.602762103080749512e-01
-2.552268505096435547e+00 4.568755149841308594e+00 5.710496902465820312e-01
-2.681133985519409180e+00 4.645089626312255859e+00 5.953702330589294434e-01
-2.790178298950195312e+00 4.709731578826904297e+00 6.077789068222045898e-01
-2.871680259704589844e+00 4.758098602294921875e+00 6.119480133056640625e-01
-2.919048547744750977e+00 4.786240100860595703e+00 6.121596693992614746e-01
-3.041331529617309570e+00 4.858944416046142578e+00 6.093829274177551270e-01
-3.135752916336059570e+00 4.915206909179687500e+00 6.005604267120361328e-01
-3.179159402847290039e+00 4.941126346588134766e+00 5.940986871719360352e-01
-3.324079513549804688e+00 5.027761459350585938e+00 5.687781572341918945e-01
-3.413826942443847656e+00 5.081634521484375000e+00 5.451747775077819824e-01
-3.495210409164428711e+00 5.130640506744384766e+00 5.191410779953002930e-01
-3.577450513839721680e+00 5.180322647094726562e+00 4.884358942508697510e-01
-3.654860734939575195e+00 5.227259159088134766e+00 4.551821053028106689e-01
-3.728984832763671875e+00 5.272378444671630859e+00 4.192376434803009033e-01
-3.811715126037597656e+00 5.322946071624755859e+00 3.745186626911163330e-01
-3.897897005081176758e+00 5.375897407531738281e+00 3.222807943820953369e-01
-3.965342998504638672e+00 5.417591571807861328e+00 2.764680683612823486e-01
-4.019932270050048828e+00 5.451522350311279297e+00 2.360301166772842407e-01
-4.095744132995605469e+00 5.498876094818115234e+00 1.758460402488708496e-01
-4.196047306060791016e+00 5.562000751495361328e+00 8.829034864902496338e-02
-4.216188907623291016e+00 5.574823379516601562e+00 6.836760044097900391e-02
-4.319665431976318359e+00 5.640875339508056641e+00 -3.665618598461151123e-02
-4.435179710388183594e+00 5.726426601409912109e+00 6.310559064149856567e-02
-4.514432907104492188e+00 5.784874439239501953e+00 1.227347403764724731e-01
-4.637937068939208984e+00 5.875741004943847656e+00 2.070841044187545776e-01
-4.715546131134033203e+00 5.932660579681396484e+00 2.522489726543426514e-01
-4.765241622924804688e+00 5.969050407409667969e+00 2.782394289970397949e-01
-4.935975074768066406e+00 6.093964099884033203e+00 3.613376319408416748e-01
-4.996314525604248047e+00 6.137995243072509766e+00 3.834668993949890137e-01
-5.117099761962890625e+00 6.226084232330322266e+00 4.229462146759033203e-01
-5.213172435760498047e+00 6.296084880828857422e+00 4.468484818935394287e-01
-5.317378520965576172e+00 6.371980667114257812e+00 4.664918482303619385e-01
-5.439476490020751953e+00 6.460894584655761719e+00 4.816569089889526367e-01
-5.542811393737792969e+00 6.536158561706542969e+00 4.867885112762451172e-01
-5.672043800354003906e+00 6.630334377288818359e+00 4.850842654705047607e-01
-5.793885231018066406e+00 6.719218730926513672e+00 4.738365411758422852e-01
-5.855912685394287109e+00 6.764536857604980469e+00 4.634056687355041504e-01
-5.953583240509033203e+00 6.835969448089599609e+00 4.431325495243072510e-01
-6.094213485717773438e+00 6.939012527465820312e+00 4.050194621086120605e-01
-6.195582389831542969e+00 7.013530254364013672e+00 3.678953647613525391e-01
-6.312855720520019531e+00 7.099999427795410156e+00 3.164271414279937744e-01
-6.341114044189453125e+00 7.120922088623046875e+00 3.015005588531494141e-01
-6.500730991363525391e+00 7.239244461059570312e+00 2.135537564754486084e-01
-6.567924499511718750e+00 7.289422035217285156e+00 1.673663258552551270e-01
-6.664338111877441406e+00 7.361706256866455078e+00 9.491144865751266479e-02
-6.713927268981933594e+00 7.399127006530761719e+00 5.269320681691169739e-02
-6.820983409881591797e+00 7.480232715606689453e+00 -4.449395462870597839e-02
-6.926459312438964844e+00 7.573812484741210938e+00 4.203075543045997620e-02
-7.058339595794677734e+00 7.690316677093505859e+00 1.366529762744903564e-01
-7.216743946075439453e+00 7.829617500305175781e+00 2.317178547382354736e-01
-7.384681701660156250e+00 7.976645946502685547e+00 3.109263777732849121e-01
-7.513907432556152344e+00 8.089366912841796875e+00 3.556787073612213135e-01
-7.634481906890869141e+00 8.194317817687988281e+00 3.864872455596923828e-01
-7.766319751739501953e+00 8.308897018432617188e+00 4.093571007251739502e-01
-7.891142845153808594e+00 8.417245864868164062e+00 4.200143814086914062e-01
-8.086911201477050781e+00 8.587051391601562500e+00 4.205290675163269043e-01
-8.177026748657226562e+00 8.665177345275878906e+00 4.089519679546356201e-01
-8.277386665344238281e+00 8.752208709716796875e+00 3.898818194866180420e-01
-8.405782699584960938e+00 8.863618850708007812e+00 3.564552962779998779e-01
-8.572788238525390625e+00 9.008705139160156250e+00 2.973406314849853516e-01
-8.687629699707031250e+00 9.108715057373046875e+00 2.417342662811279297e-01
-8.758080482482910156e+00 9.170223236083984375e+00 2.007301747798919678e-01
-8.952017784118652344e+00 9.339889526367187500e+00 7.531724870204925537e-02
-9.050148010253906250e+00 9.426330566406250000e+00 -7.589451968669891357e-03
-9.226491928100585938e+00 9.609781265258789062e+00 1.372913420200347900e-01
-9.325736999511718750e+00 9.711879730224609375e+00 2.007712423801422119e-01
-9.561093330383300781e+00 9.952732086181640625e+00 3.300394713878631592e-01
-9.845043182373046875e+00 1.024005031585693359e+01 4.292992949485778809e-01
-1.002929973602294922e+01 1.042440891265869141e+01 4.534533023834228516e-01
-1.013384914398193359e+01 1.052839756011962891e+01 4.531059563159942627e-01
-1.030594539642333984e+01 1.069906425476074219e+01 4.394803345203399658e-01
-1.053719329833984375e+01 1.092734146118164062e+01 3.916760981082916260e-01
-1.070376491546630859e+01 1.109086322784423828e+01 3.271275460720062256e-01
-1.092139339447021484e+01 1.130380916595458984e+01 2.118633985519409180e-01
-1.111889171600341797e+01 1.149636077880859375e+01 6.565891206264495850e-02
-1.119529151916503906e+01 1.157068729400634766e+01 -8.663579821586608887e-03
-1.143573284149169922e+01 1.185658740997314453e+01 2.177906930446624756e-01
-1.199262523651123047e+01 1.249601745605468750e+01 5.811088085174560547e-01
-1.210445022583007812e+01 1.261622142791748047e+01 5.959820747375488281e-01
-1.271758365631103516e+01 1.326828384399414062e+01 6.269055008888244629e-01
-1.297635746002197266e+01 1.352683353424072266e+01 5.189469456672668457e-01
-1.336019611358642578e+01 1.389961814880371094e+01 2.767601311206817627e-01
-1.347135543823242188e+01 1.400205135345458984e+01 1.629999577999114990e-01
-1.369450283050537109e+01 1.420368289947509766e+01 -9.873226284980773926e-02
-1.399003028869628906e+01 1.445725822448730469e+01 -5.600171089172363281e-01
-1.539695072174072266e+01 1.544071388244628906e+01 -5.116446018218994141e-01
-1.664463996887207031e+01 1.593800735473632812e+01 -1.211196899414062500e+00
-1.060932769775390625e+02 4.197035598754882812e+01 -3.272274017333984375e+00
2.089824256000000000e+11 -3.271988084736000000e+12 -1.308960620544000000e+12
nan nan nan
nan nan nan
nan nan nan
nan nan nan
nan nan nan
nan nan nan
nan nan nan
nan nan nan
nan nan nan
nan nan nan
nan nan nan
nan nan nan
nan nan nan
nan nan nan
nan nan nan
nan nan nan
nan nan nan
nan nan nan
nan nan nan
nan nan nan
nan nan nan
nan nan nan
nan nan nan
nan nan nan
nan nan nan
nan nan nan
nan nan nan
nan nan nan
nan nan nan
nan nan nan
nan nan nan
nan nan nan
nan nan nan
nan nan nan
nan nan nan
nan nan nan
nan nan nan
nan nan nan
nan nan nan
nan nan nan
nan nan nan
nan nan nan
nan nan nan
nan nan nan
nan nan nan
nan nan nan
nan nan nan
nan nan nan
nan nan nan
nan nan nan
nan nan nan
nan nan nan
nan nan nan
nan nan nan
nan nan nan
nan nan nan
nan nan nan
nan nan nan
nan nan nan
nan nan nan
nan nan nan
nan nan nan
nan nan nan
nan nan nan
nan nan nan
nan nan nan
nan nan nan
nan nan nan
nan nan nan
nan nan nan
nan nan nan
nan nan nan
nan nan nan
nan nan nan
nan nan nan
nan nan nan
nan nan nan
nan nan nan
nan nan nan
nan nan nan
