2.342519760131835938e+01 -1.750125735998153687e-01 2.140976637601852417e-01
2.327168083190917969e+01 -1.613000333309173584e-01 3.096958994865417480e-01
2.307317924499511719e+01 -1.436448693275451660e-01 4.324378073215484619e-01
2.294006156921386719e+01 -1.318681836128234863e-01 5.139622688293457031e-01
2.274937820434570312e+01 -1.150553375482559204e-01 6.299517154693603516e-01
2.259189033508300781e+01 -1.012340933084487915e-01 7.247761487960815430e-01
2.245442390441894531e+01 -8.921343088150024414e-02 8.068130016326904297e-01
2.229732704162597656e+01 -7.551684230566024780e-02 8.998079895973205566e-01
2.223046493530273438e+01 -6.970617175102233887e-02 9.390062689781188965e-01
2.208202552795410156e+01 -5.682257562875747681e-02 1.025657296180725098e+00
2.190652465820312500e+01 -4.163224250078201294e-02 1.127108216285705566e+00
2.174304771423339844e+01 -2.752575278282165527e-02 1.220467805862426758e+00
2.168428230285644531e+01 -2.246784418821334839e-02 1.253631114959716797e+00
2.152178192138671875e+01 -8.493243716657161713e-03 1.344928741455078125e+00
2.138659095764160156e+01 3.106922842562198639e-03 1.419926762580871582e+00
2.119599914550781250e+01 1.943409815430641174e-02 1.524498581886291504e+00
2.107810783386230469e+01 2.951255068182945251e-02 1.588133811950683594e+00
2.095864486694335938e+01 3.971462324261665344e-02 1.651935696601867676e+00
2.087812995910644531e+01 4.658423364162445068e-02 1.694458842277526855e+00
2.071708297729492188e+01 6.031802669167518616e-02 1.778856873512268066e+00
2.064341354370117188e+01 6.659477204084396362e-02 1.816846489906311035e+00
2.049938774108886719e+01 7.886248826980590820e-02 1.890549659729003906e+00
2.031861495971679688e+01 9.425348043441772461e-02 1.981634736061096191e+00
2.021202278137207031e+01 1.033262610435485840e-01 2.034252882003784180e+00
2.010288810729980469e+01 1.126158982515335083e-01 2.087446689605712891e+00
1.995644187927246094e+01 1.250838190317153931e-01 2.157872200012207031e+00
1.987703704833984375e+01 1.318470388650894165e-01 2.195345163345336914e+00
1.977602577209472656e+01 1.404536217451095581e-01 2.242510795593261719e+00
1.960983848571777344e+01 1.546214371919631958e-01 2.319036006927490234e+00
1.954508399963378906e+01 1.601481139659881592e-01 2.348147392272949219e+00
1.938279533386230469e+01 1.740068197250366211e-01 2.420398950576782227e+00
1.928872108459472656e+01 1.820525974035263062e-01 2.461230516433715820e+00
1.918145179748535156e+01 1.912367045879364014e-01 2.507076263427734375e+00
1.912046051025390625e+01 1.964656263589859009e-01 2.532671689987182617e+00
1.897754096984863281e+01 2.087284624576568604e-01 2.592008829116821289e+00
1.887919235229492188e+01 2.171844840049743652e-01 2.631790161132812500e+00
1.872593498229980469e+01 2.303823679685592651e-01 2.692626476287841797e+00
1.869769287109375000e+01 2.328209877014160156e-01 2.703497886657714844e+00
1.854388236999511719e+01 2.461089640855789185e-01 2.762356281280517578e+00
1.845643615722656250e+01 2.536863088607788086e-01 2.794725179672241211e+00
1.832183647155761719e+01 2.653712332248687744e-01 2.843567609786987305e+00
1.821812248229980469e+01 2.744020819664001465e-01 2.880015134811401367e+00
1.814754676818847656e+01 2.805626988410949707e-01 2.904179811477661133e+00
1.807192611694335938e+01 2.871754169464111328e-01 2.929599523544311523e+00
1.796931076049804688e+01 2.961661517620086670e-01 2.963396072387695312e+00
1.783034324645996094e+01 3.083754479885101318e-01 3.007863283157348633e+00
1.772555351257324219e+01 3.176180422306060791e-01 3.040034770965576172e+00
1.766434860229492188e+01 3.230330944061279297e-01 3.058212280273437500e+00
1.756866264343261719e+01 3.315146863460540771e-01 3.086061477661132812e+00
1.748876953125000000e+01 3.386176824569702148e-01 3.108561038970947266e+00
1.735753822326660156e+01 3.503152430057525635e-01 3.144468307495117188e+00
1.730418777465820312e+01 3.550916016101837158e-01 3.158351182937622070e+00
1.716798210144042969e+01 3.673081398010253906e-01 3.193038940429687500e+00
1.708381652832031250e+01 3.748934566974639893e-01 3.213261842727661133e+00
1.697723388671875000e+01 3.845284581184387207e-01 3.237902402877807617e+00
1.690203666687011719e+01 3.913532793521881104e-01 3.254406929016113281e+00
1.684025382995605469e+01 3.969767689704895020e-01 3.267448186874389648e+00
1.672445678710937500e+01 4.075418412685394287e-01 3.291081428527832031e+00
1.661281394958496094e+01 4.177745282649993896e-01 3.312381029129028320e+00
1.653297424316406250e+01 4.251251518726348877e-01 3.326566934585571289e+00
1.648901557922363281e+01 4.291855990886688232e-01 3.333958148956298828e+00
1.640753555297851562e+01 4.367255866527557373e-01 3.347225427627563477e+00
1.626160240173339844e+01 4.502756297588348389e-01 3.369533777236938477e+00
1.619083976745605469e+01 4.568866193294525146e-01 3.379063129425048828e+00
1.610057449340820312e+01 4.653452038764953613e-01 3.390406131744384766e+00
1.601163101196289062e+01 4.737122356891632080e-01 3.400546073913574219e+00
1.595695018768310547e+01 4.788758456707000732e-01 3.406141519546508789e+00
1.584677219390869141e+01 4.893046617507934570e-01 3.416614294052124023e+00
1.581334304809570312e+01 4.924839138984680176e-01 3.419294595718383789e+00
1.571744728088378906e+01 5.016171336174011230e-01 3.426545143127441406e+00
1.563570880889892578e+01 5.094341039657592773e-01 3.431640625000000000e+00
1.557455730438232422e+01 5.153025388717651367e-01 3.434749841690063477e+00
1.548416996002197266e+01 5.239990949630737305e-01 3.438557863235473633e+00
1.536963272094726562e+01 5.350607633590698242e-01 3.441888332366943359e+00
1.530718612670898438e+01 5.411202311515808105e-01 3.442652225494384766e+00
1.521985816955566406e+01 5.496151447296142578e-01 3.442905187606811523e+00
1.514038658142089844e+01 5.573725104331970215e-01 3.442084074020385742e+00
1.508774757385253906e+01 5.625263452529907227e-01 3.440896749496459961e+00
1.496605777740478516e+01 5.744642615318298340e-01 3.437155246734619141e+00
1.493746852874755859e+01 5.772814154624938965e-01 3.435726642608642578e+00
1.486927890777587891e+01 5.840073823928833008e-01 3.432006597518920898e+00
1.477739620208740234e+01 5.930914282798767090e-01 3.425981998443603516e+00
1.468726921081542969e+01 6.020289063453674316e-01 3.418715715408325195e+00
1.463255977630615234e+01 6.074694991111755371e-01 3.413484096527099609e+00
1.452188110351562500e+01 6.184937357902526855e-01 3.401878833770751953e+00
1.448123264312744141e+01 6.225553154945373535e-01 3.396847009658813477e+00
1.436373805999755859e+01 6.343078613281250000e-01 3.381474256515502930e+00
1.430499076843261719e+01 6.402016282081604004e-01 3.372574806213378906e+00
1.422389793395996094e+01 6.483480930328369141e-01 3.359439611434936523e+00
1.416944885253906250e+01 6.538275480270385742e-01 3.349822282791137695e+00
1.409736824035644531e+01 6.610891222953796387e-01 3.336372852325439453e+00
1.400202941894531250e+01 6.707066893577575684e-01 3.317313194274902344e+00
1.397974395751953125e+01 6.729584336280822754e-01 3.312459468841552734e+00
1.388291454315185547e+01 6.827455163002014160e-01 3.290961265563964844e+00
1.384153747558593750e+01 6.869336366653442383e-01 3.281007528305053711e+00
1.372025108337402344e+01 6.992164850234985352e-01 3.250857591629028320e+00
1.367100524902343750e+01 7.042107582092285156e-01 3.237441778182983398e+00
1.363231468200683594e+01 7.081363797187805176e-01 3.226521253585815430e+00
1.355261421203613281e+01 7.162255048751831055e-01 3.203405618667602539e+00
1.345159721374511719e+01 7.264843583106994629e-01 3.172471284866333008e+00
1.342770195007324219e+01 7.289125919342041016e-01 3.164655447006225586e+00
1.335004615783691406e+01 7.368046045303344727e-01 3.138868093490600586e+00
1.327072048187255859e+01 7.448686957359313965e-01 3.111228227615356445e+00
1.317894458770751953e+01 7.542002201080322266e-01 3.077695131301879883e+00
1.315386581420898438e+01 7.567504048347473145e-01 3.068032503128051758e+00
1.305748462677001953e+01 7.665510773658752441e-01 3.030367612838745117e+00
1.301563262939453125e+01 7.708065509796142578e-01 3.013117790222167969e+00
1.296804141998291016e+01 7.756451368331909180e-01 2.993055343627929688e+00
1.286345005035400391e+01 7.862773537635803223e-01 2.947837591171264648e+00
1.281441211700439453e+01 7.912603616714477539e-01 2.925459861755371094e+00
1.275112152099609375e+01 7.976900339126586914e-01 2.895855426788330078e+00
1.267798137664794922e+01 8.051176071166992188e-01 2.860554456710815430e+00
1.261628150939941406e+01 8.113803863525390625e-01 2.829699516296386719e+00
1.255337238311767578e+01 8.177629113197326660e-01 2.797302722930908203e+00
1.250759220123291016e+01 8.224051594734191895e-01 2.773023128509521484e+00
1.243311214447021484e+01 8.299545049667358398e-01 2.732681035995483398e+00
1.235704708099365234e+01 8.376590609550476074e-01 2.690064907073974609e+00
1.229530525207519531e+01 8.439078927040100098e-01 2.654282808303833008e+00
1.225825595855712891e+01 8.476550579071044922e-01 2.632223129272460938e+00
1.220610237121582031e+01 8.529274463653564453e-01 2.600669145584106445e+00
1.215355873107910156e+01 8.582358956336975098e-01 2.568161487579345703e+00
1.205642127990722656e+01 8.680430650711059570e-01 2.506714105606079102e+00
1.202989196777343750e+01 8.707180619239807129e-01 2.489239931106567383e+00
1.196374702453613281e+01 8.773850202560424805e-01 2.445194721221923828e+00
1.188187599182128906e+01 8.856292963027954102e-01 2.389189958572387695e+00
1.182502174377441406e+01 8.913474678993225098e-01 2.348999261856079102e+00
1.178326702117919922e+01 8.955432772636413574e-01 2.318810701370239258e+00
1.171383094787597656e+01 9.025161862373352051e-01 2.267778635025024414e+00
1.167739772796630859e+01 9.061707258224487305e-01 2.240269660949707031e+00
1.158903121948242188e+01 9.150292277336120605e-01 2.172605752944946289e+00
1.153170871734619141e+01 9.207670688629150391e-01 2.127208948135375977e+00
1.147605991363525391e+01 9.263318777084350586e-01 2.082175254821777344e+00
1.143453407287597656e+01 9.304803013801574707e-01 2.047864675521850586e+00
1.140353298187255859e+01 9.335750341415405273e-01 2.021852254867553711e+00
1.132435035705566406e+01 9.414750933647155762e-01 1.954647183418273926e+00
1.127803325653076172e+01 9.460893869400024414e-01 1.914179801940917969e+00
1.122470664978027344e+01 9.513974189758300781e-01 1.866798162460327148e+00
1.118637561798095703e+01 9.552089571952819824e-01 1.832078695297241211e+00
1.109612274169921875e+01 9.641771316528320312e-01 1.749196171760559082e+00
1.104349040985107422e+01 9.693980216979980469e-01 1.699283480644226074e+00
1.101301956176757812e+01 9.724174737930297852e-01 1.669845581054687500e+00
1.093269348144531250e+01 9.803726077079772949e-01 1.591405749320983887e+00
1.091548824310302734e+01 9.820739030838012695e-01 1.574126005172729492e+00
1.083413791656494141e+01 9.901151657104492188e-01 1.491933226585388184e+00
1.079131603240966797e+01 9.943412542343139648e-01 1.447431683540344238e+00
1.074541950225830078e+01 9.988669753074645996e-01 1.399026513099670410e+00
1.067480659484863281e+01 1.005823612213134766e+00 1.323372840881347656e+00
1.063957500457763672e+01 1.009289741516113281e+00 1.284706115722656250e+00
1.057906627655029297e+01 1.015238642692565918e+00 1.217496752738952637e+00
1.055304431915283203e+01 1.017794013023376465e+00 1.187994599342346191e+00
1.051109600067138672e+01 1.021911144256591797e+00 1.140017390251159668e+00
1.045446109771728516e+01 1.027465224266052246e+00 1.074321150779724121e+00
1.037465286254882812e+01 1.035283446311950684e+00 9.799667000770568848e-01
1.034253501892089844e+01 1.038425087928771973e+00 9.409676790237426758e-01
1.028321170806884766e+01 1.044224262237548828e+00 8.681594133377075195e-01
1.024109458923339844e+01 1.048336982727050781e+00 8.154382109642028809e-01
1.021352863311767578e+01 1.051026582717895508e+00 7.804469466209411621e-01
1.016748905181884766e+01 1.055516600608825684e+00 7.214684486389160156e-01
1.010610294342041016e+01 1.061498403549194336e+00 6.416240930557250977e-01
1.004201602935791016e+01 1.067736625671386719e+00 5.565603971481323242e-01
1.002555847167968750e+01 1.069336771965026855e+00 5.342504978179931641e-01
9.965553283691406250e+00 1.075169682502746582e+00 4.524641335010528564e-01
9.910106658935546875e+00 1.080554246902465820e+00 3.753845989704132080e-01
9.889324188232421875e+00 1.082570672035217285e+00 3.459626436233520508e-01
9.831939697265625000e+00 1.088136672973632812e+00 2.641686201095581055e-01
9.782250404357910156e+00 1.092952132225036621e+00 1.919973194599151611e-01
9.752760887145996094e+00 1.095807909965515137e+00 1.484618782997131348e-01
9.688820838928222656e+00 1.101997494697570801e+00 5.315013974905014038e-02
9.641808509826660156e+00 1.106544613838195801e+00 -1.841215789318084717e-02
9.609163284301757812e+00 1.112726688385009766e+00 3.884064033627510071e-02
9.589302062988281250e+00 1.116449117660522461e+00 7.210147380828857422e-02
9.554596900939941406e+00 1.122915863990783691e+00 1.286598592996597290e-01
9.493460655212402344e+00 1.134198069572448730e+00 2.237309217453002930e-01
9.464198112487792969e+00 1.139515161514282227e+00 2.657118439674377441e-01
9.422547340393066406e+00 1.147033452987670898e+00 3.232938945293426514e-01
9.371449470520019531e+00 1.156176686286926270e+00 3.903594613075256348e-01
9.341809272766113281e+00 1.161428451538085938e+00 4.268962144851684570e-01
9.310373306274414062e+00 1.166969299316406250e+00 4.642894268035888672e-01
9.261809349060058594e+00 1.175484418869018555e+00 5.199277400970458984e-01
9.217658042907714844e+00 1.183167457580566406e+00 5.676672458648681641e-01
9.167371749877929688e+00 1.191862583160400391e+00 6.192708611488342285e-01
9.134747505187988281e+00 1.197466015815734863e+00 6.508142352104187012e-01
9.072694778442382812e+00 1.208080887794494629e+00 7.085437178611755371e-01
9.038291931152343750e+00 1.213923215866088867e+00 7.382614016532897949e-01
8.991999626159667969e+00 1.221755743026733398e+00 7.766353487968444824e-01
8.937596321105957031e+00 1.230917096138000488e+00 8.192691802978515625e-01
8.916007995605468750e+00 1.234533548355102539e+00 8.350866436958312988e-01
8.838347434997558594e+00 1.247518062591552734e+00 8.904762864112854004e-01
8.816894531250000000e+00 1.251080989837646484e+00 9.043178558349609375e-01
8.763303756713867188e+00 1.259966254234313965e+00 9.379335045814514160e-01
8.723984718322753906e+00 1.266458749771118164e+00 9.608713984489440918e-01
8.660026550292968750e+00 1.276989817619323730e+00 9.961884617805480957e-01
8.615669250488281250e+00 1.284261822700500488e+00 1.018494606018066406e+00
8.570625305175781250e+00 1.291625857353210449e+00 1.039655566215515137e+00
8.521990776062011719e+00 1.299555540084838867e+00 1.060906529426574707e+00
8.472887992858886719e+00 1.307539820671081543e+00 1.080659985542297363e+00
8.425086021423339844e+00 1.315292477607727051e+00 1.098253011703491211e+00
8.367738723754882812e+00 1.324571490287780762e+00 1.117485165596008301e+00
8.325038909912109375e+00 1.331462025642395020e+00 1.130162239074707031e+00
8.270201683044433594e+00 1.340294957160949707e+00 1.144900202751159668e+00
8.181634902954101562e+00 1.354529142379760742e+00 1.165547490119934082e+00
8.153008460998535156e+00 1.359114527702331543e+00 1.170601844787597656e+00
8.079110145568847656e+00 1.370940327644348145e+00 1.182320117950439453e+00
8.048346519470214844e+00 1.375851750373840332e+00 1.185780525207519531e+00
7.979822635650634766e+00 1.386781811714172363e+00 1.192185997962951660e+00
7.930448055267333984e+00 1.394642710685729980e+00 1.194721579551696777e+00
7.900274276733398438e+00 1.399440765380859375e+00 1.195360302925109863e+00
7.834603309631347656e+00 1.409876346588134766e+00 1.195541739463806152e+00
7.796362876892089844e+00 1.415944576263427734e+00 1.194117426872253418e+00
7.731552124023437500e+00 1.426221728324890137e+00 1.190193176269531250e+00
7.683894634246826172e+00 1.433770418167114258e+00 1.185422658920288086e+00
7.617015361785888672e+00 1.444356322288513184e+00 1.176774978637695312e+00
7.559000015258789062e+00 1.453531265258789062e+00 1.166883230209350586e+00
7.499301910400390625e+00 1.462966680526733398e+00 1.154551744461059570e+00
7.483128070831298828e+00 1.465521693229675293e+00 1.150604248046875000e+00
7.401680946350097656e+00 1.478386878967285156e+00 1.129890084266662598e+00
7.375243663787841797e+00 1.482560992240905762e+00 1.121788740158081055e+00
7.292436122894287109e+00 1.495634675025939941e+00 1.094987034797668457e+00
7.249830245971679688e+00 1.502360701560974121e+00 1.078868031501770020e+00
7.188095569610595703e+00 1.512107491493225098e+00 1.053730964660644531e+00
7.168593883514404297e+00 1.515187263488769531e+00 1.044959306716918945e+00
7.103219032287597656e+00 1.525512695312500000e+00 1.014655113220214844e+00
7.052479743957519531e+00 1.533530831336975098e+00 9.887595772743225098e-01
6.992399692535400391e+00 1.543030619621276855e+00 9.558451175689697266e-01
6.933763027191162109e+00 1.552310228347778320e+00 9.210408926010131836e-01
6.922236442565917969e+00 1.554136276245117188e+00 9.136660695075988770e-01
6.848329067230224609e+00 1.565847754478454590e+00 8.656868338584899902e-01
6.823633193969726562e+00 1.569767713546752930e+00 8.481406569480895996e-01
6.761075019836425781e+00 1.579704284667968750e+00 8.023550510406494141e-01
6.697737216949462891e+00 1.589783668518066406e+00 7.524652481079101562e-01
6.661858081817626953e+00 1.595506072044372559e+00 7.220662832260131836e-01
6.605313777923583984e+00 1.604537725448608398e+00 6.721502542495727539e-01
6.567647457122802734e+00 1.610569357872009277e+00 6.367005109786987305e-01
6.513596534729003906e+00 1.619241356849670410e+00 5.836123228073120117e-01
6.473737239837646484e+00 1.625655651092529297e+00 5.419996976852416992e-01
6.432994365692138672e+00 1.632228374481201172e+00 4.974938631057739258e-01
6.389865398406982422e+00 1.639205098152160645e+00 4.481360614299774170e-01
6.354125976562500000e+00 1.645004868507385254e+00 4.051501750946044922e-01
6.303905963897705078e+00 1.653178215026855469e+00 3.421704769134521484e-01
6.276257038116455078e+00 1.657698035240173340e+00 3.053742647171020508e-01
6.249449729919433594e+00 1.662092208862304688e+00 2.684807777404785156e-01
6.189544200897216797e+00 1.671939492225646973e+00 1.832670867443084717e-01
6.152487277984619141e+00 1.678072810173034668e+00 1.264498978853225708e-01
6.133585929870605469e+00 1.681216359138488770e+00 9.603023529052734375e-02
6.094321727752685547e+00 1.687764406204223633e+00 3.120545297861099243e-02
6.059538841247558594e+00 1.693600177764892578e+00 -2.941065281629562378e-02
6.003838539123535156e+00 1.705113053321838379e+00 4.728069901466369629e-02
5.960129261016845703e+00 1.714059829711914062e+00 1.034707129001617432e-01
5.930296421051025391e+00 1.720124006271362305e+00 1.398708671331405640e-01
5.871934890747070312e+00 1.731935143470764160e+00 2.086372375488281250e-01
5.839961528778076172e+00 1.738353371620178223e+00 2.438401281833648682e-01
5.786551952362060547e+00 1.749030351638793945e+00 3.005426228046417236e-01
5.740785121917724609e+00 1.758119821548461914e+00 3.462718427181243896e-01
5.673741340637207031e+00 1.771365404129028320e+00 4.098960757255554199e-01
5.640163421630859375e+00 1.777951836585998535e+00 4.394381642341613770e-01
5.551855564117431641e+00 1.795216083526611328e+00 5.142599344253540039e-01
5.512603759765625000e+00 1.802826404571533203e+00 5.443215966224670410e-01
5.452846527099609375e+00 1.814373493194580078e+00 5.880724191665649414e-01
5.414162635803222656e+00 1.821811914443969727e+00 6.144831180572509766e-01
5.335956096649169922e+00 1.836805224418640137e+00 6.654823422431945801e-01
5.288009166717529297e+00 1.845944285392761230e+00 6.938892602920532227e-01
5.252554416656494141e+00 1.852679848670959473e+00 7.136599421501159668e-01
5.204743385314941406e+00 1.861741423606872559e+00 7.391235828399658203e-01
5.132349014282226562e+00 1.875420212745666504e+00 7.752923965454101562e-01
5.070489406585693359e+00 1.887056469917297363e+00 8.032032251358032227e-01
5.013175010681152344e+00 1.897799015045166016e+00 8.267762064933776855e-01
4.935406684875488281e+00 1.912328839302062988e+00 8.559671044349670410e-01
4.887856483459472656e+00 1.921176075935363770e+00 8.715586066246032715e-01
4.839316844940185547e+00 1.930185794830322266e+00 8.861028552055358887e-01
4.767698764801025391e+00 1.943447589874267578e+00 9.055293798446655273e-01
4.725011825561523438e+00 1.951325297355651855e+00 9.153512716293334961e-01
4.642940521240234375e+00 1.966441869735717773e+00 9.322561621665954590e-01
4.578166007995605469e+00 1.978329181671142578e+00 9.426346421241760254e-01
4.514096260070800781e+00 1.990054965019226074e+00 9.506226181983947754e-01
4.497525215148925781e+00 1.993079781532287598e+00 9.521120786666870117e-01
4.423816680908203125e+00 2.006525516510009766e+00 9.580779671669006348e-01
4.368552207946777344e+00 2.016577482223510742e+00 9.603612422943115234e-01
4.282505989074707031e+00 2.032195806503295898e+00 9.613738656044006348e-01
4.241153717041015625e+00 2.039677858352661133e+00 9.599639177322387695e-01
4.169425487518310547e+00 2.052637100219726562e+00 9.559379220008850098e-01
4.092021942138671875e+00 2.066586732864379883e+00 9.486318826675415039e-01
4.027313232421875000e+00 2.078217983245849609e+00 9.398411512374877930e-01
3.977997541427612305e+00 2.087063789367675781e+00 9.314196705818176270e-01
3.924259901046752930e+00 2.096687555313110352e+00 9.208011627197265625e-01
3.882042646408081055e+00 2.104235410690307617e+00 9.112141728401184082e-01
3.788247585296630859e+00 2.120982885360717773e+00 8.877198696136474609e-01
3.728892087936401367e+00 2.131551027297973633e+00 8.697272539138793945e-01
3.691457986831665039e+00 2.138204574584960938e+00 8.571041822433471680e-01
3.607605934143066406e+00 2.153092384338378906e+00 8.269964456558227539e-01
3.571625471115112305e+00 2.159465551376342773e+00 8.122855424880981445e-01
3.491115570068359375e+00 2.173712015151977539e+00 7.776011824607849121e-01
3.457105159759521484e+00 2.179717063903808594e+00 7.612438201904296875e-01
3.362802267074584961e+00 2.196352958679199219e+00 7.138280868530273438e-01
3.328697204589843750e+00 2.202354431152343750e+00 6.945586800575256348e-01
3.261872291564941406e+00 2.214103698730468750e+00 6.552339792251586914e-01
3.223128557205200195e+00 2.220904350280761719e+00 6.306041479110717773e-01
3.137770891189575195e+00 2.235872745513916016e+00 5.739122033119201660e-01
3.077410221099853516e+00 2.246435880661010742e+00 5.298948287963867188e-01
3.051716566085815430e+00 2.250926017761230469e+00 5.099031925201416016e-01
3.001942873001098633e+00 2.259618997573852539e+00 4.700961709022521973e-01
2.934345483779907227e+00 2.271411895751953125e+00 4.131104946136474609e-01
2.864373445510864258e+00 2.283601284027099609e+00 3.497946262359619141e-01
2.821141242980957031e+00 2.291121721267700195e+00 3.077080845832824707e-01
2.761819839477539062e+00 2.301432847976684570e+00 2.472660690546035767e-01
2.716792345046997070e+00 2.309251308441162109e+00 1.984159648418426514e-01
2.675703763961791992e+00 2.316380500793457031e+00 1.516304314136505127e-01
2.647192716598510742e+00 2.321324348449707031e+00 1.176810339093208313e-01
2.574259996414184570e+00 2.333966016769409180e+00 2.805329114198684692e-02
2.538921833038330078e+00 2.340085268020629883e+00 -1.906089484691619873e-02
2.492560148239135742e+00 2.349599123001098633e+00 3.456600010395050049e-02
2.436281442642211914e+00 2.361079931259155273e+00 9.633714705705642700e-02
2.360366106033325195e+00 2.376463413238525391e+00 1.746033728122711182e-01
2.346667528152465820e+00 2.379216432571411133e+00 1.875968426465988159e-01
2.255337953567504883e+00 2.397546291351318359e+00 2.729630470275878906e-01
2.195407390594482422e+00 2.409468889236450195e+00 3.236946463584899902e-01
2.167194604873657227e+00 2.415052175521850586e+00 3.460862934589385986e-01
2.063817501068115234e+00 2.435462713241577148e+00 4.256891608238220215e-01
2.024718999862670898e+00 2.443119525909423828e+00 4.525653421878814697e-01
1.950229048728942871e+00 2.457665920257568359e+00 5.016065239906311035e-01
1.900672316551208496e+00 2.467293262481689453e+00 5.315961241722106934e-01
1.841202616691589355e+00 2.478808879852294922e+00 5.655807256698608398e-01
1.762021780014038086e+00 2.494084119796752930e+00 6.077393293380737305e-01
1.677889585494995117e+00 2.510237455368041992e+00 6.483384370803833008e-01
1.623690009117126465e+00 2.520594358444213867e+00 6.717507839202880859e-01
1.554575920104980469e+00 2.533762693405151367e+00 6.994381546974182129e-01
1.504043221473693848e+00 2.543356180191040039e+00 7.177152633666992188e-01
1.439130187034606934e+00 2.555648803710937500e+00 7.393957972526550293e-01
1.346926808357238770e+00 2.573054552078247070e+00 7.669801115989685059e-01
1.303465008735656738e+00 2.581223964691162109e+00 7.778874635696411133e-01
1.215295314788818359e+00 2.597764730453491211e+00 7.980583310127258301e-01
1.154941558837890625e+00 2.609043836593627930e+00 8.091909289360046387e-01
1.056796908378601074e+00 2.627338886260986328e+00 8.243715763092041016e-01
9.943162202835083008e-01 2.638939380645751953e+00 8.310530185699462891e-01
9.468821287155151367e-01 2.647724866867065430e+00 8.347029089927673340e-01
8.473833799362182617e-01 2.666119813919067383e+00 8.401086926460266113e-01
7.719027400016784668e-01 2.680022478103637695e+00 8.406503796577453613e-01
7.169233560562133789e-01 2.690121412277221680e+00 8.390874862670898438e-01
6.414009332656860352e-01 2.703966856002807617e+00 8.349833488464355469e-01
5.365253686904907227e-01 2.723143339157104492e+00 8.255468606948852539e-01
5.078974962234497070e-01 2.728359460830688477e+00 8.215485215187072754e-01
3.848825097084045410e-01 2.750751972198486328e+00 8.026854395866394043e-01
3.559179008007049561e-01 2.756003379821777344e+00 7.965313792228698730e-01
2.816688120365142822e-01 2.769452571868896484e+00 7.797054052352905273e-01
2.005560696125030518e-01 2.784111022949218750e+00 7.583584189414978027e-01
9.649627655744552612e-02 2.802869558334350586e+00 7.267429232597351074e-01
2.797406911849975586e-02 2.815182924270629883e+00 7.022659778594970703e-01
-3.465344756841659546e-02 2.826414346694946289e+00 6.776254177093505859e-01
-1.079101338982582092e-01 2.839528322219848633e+00 6.463160514831542969e-01
-1.625648289918899536e-01 2.849291801452636719e+00 6.207276582717895508e-01
-2.532427906990051270e-01 2.865465641021728516e+00 5.754283666610717773e-01
-2.792071700096130371e-01 2.870085239410400391e+00 5.610613822937011719e-01
-3.700106441974639893e-01 2.886229276657104492e+00 5.093632340431213379e-01
-4.521356821060180664e-01 2.900794506072998047e+00 4.578852653503417969e-01
-5.049016475677490234e-01 2.910132408142089844e+00 4.219084680080413818e-01
-5.829315185546875000e-01 2.923922538757324219e+00 3.658025860786437988e-01
-6.138516664505004883e-01 2.929376125335693359e+00 3.417871594429016113e-01
-6.709105372428894043e-01 2.939432144165039062e+00 2.960954606533050537e-01
-7.595306634902954102e-01 2.955028772354125977e+00 2.210508584976196289e-01
-8.272210955619812012e-01 2.966916084289550781e+00 1.585730463266372681e-01
-8.800427913665771484e-01 2.976177692413330078e+00 1.064715087413787842e-01
-9.295561909675598145e-01 2.984848976135253906e+00 5.500072985887527466e-02
-1.003227233886718750e+00 2.997737407684326172e+00 -2.549902349710464478e-02
-1.081169247627258301e+00 3.012730360031127930e+00 4.998360574245452881e-02
-1.130194067955017090e+00 3.022108554840087891e+00 9.373784810304641724e-02
-1.178021311759948730e+00 3.031228303909301758e+00 1.343235671520233154e-01
-1.269455313682556152e+00 3.048611640930175781e+00 2.082052379846572876e-01
-1.356374263763427734e+00 3.065048933029174805e+00 2.721185684204101562e-01
-1.398399353027343750e+00 3.072959661483764648e+00 3.003553748130798340e-01
-1.489584922790527344e+00 3.090088605880737305e+00 3.589968383312225342e-01
-1.581508874893188477e+00 3.107281923294067383e+00 4.126228690147399902e-01
-1.623623251914978027e+00 3.115127325057983398e+00 4.348179399967193604e-01
-1.711960196495056152e+00 3.131554603576660156e+00 4.792023301124572754e-01
-1.827224969863891602e+00 3.152914285659790039e+00 5.313731431961059570e-01
-1.883267998695373535e+00 3.163254976272583008e+00 5.532827973365783691e-01
-1.952398657798767090e+00 3.175985574722290039e+00 5.783292055130004883e-01
-2.081245899200439453e+00 3.199658155441284180e+00 6.205751895904541016e-01
-2.130475521087646484e+00 3.208665609359741211e+00 6.336640715599060059e-01
-2.209790229797363281e+00 3.223156213760375977e+00 6.529360413551330566e-01
-2.333313465118408203e+00 3.245671510696411133e+00 6.784712076187133789e-01
-2.441586732864379883e+00 3.265339374542236328e+00 6.948849558830261230e-01
-2.499744176864624023e+00 3.275873899459838867e+00 7.009578943252563477e-01
-2.570784330368041992e+00 3.288723230361938477e+00 7.066004276275634766e-01
-2.685743808746337891e+00 3.309481143951416016e+00 7.122474312782287598e-01
-2.779391050338745117e+00 3.326345682144165039e+00 7.122907042503356934e-01
-2.891118526458740234e+00 3.346425056457519531e+00 7.079347372055053711e-01
-2.983355045318603516e+00 3.362962961196899414e+00 6.999990940093994141e-01
-3.028321504592895508e+00 3.371010780334472656e+00 6.943758130073547363e-01
-3.146492004394531250e+00 3.392142772674560547e+00 6.773343086242675781e-01
-3.245086431503295898e+00 3.409736156463623047e+00 6.581190228462219238e-01
-3.318529367446899414e+00 3.422819614410400391e+00 6.406465768814086914e-01
-3.422612190246582031e+00 3.441339969635009766e+00 6.124887466430664062e-01
-3.487794876098632812e+00 3.452920436859130859e+00 5.917817354202270508e-01
-3.581129789352416992e+00 3.469487667083740234e+00 5.593031644821166992e-01
-3.633541345596313477e+00 3.478779792785644531e+00 5.387369394302368164e-01
-3.739676713943481445e+00 3.497585058212280273e+00 4.943630993366241455e-01
-3.800132513046264648e+00 3.508284330368041992e+00 4.658554494380950928e-01
-3.934540271759033203e+00 3.532058477401733398e+00 3.982104957103729248e-01
-3.994867801666259766e+00 3.542717456817626953e+00 3.634135127067565918e-01
-4.109848499298095703e+00 3.563025712966918945e+00 2.930529117584228516e-01
-4.139219760894775391e+00 3.568210601806640625e+00 2.730149328708648682e-01
-4.213984489440917969e+00 3.581408262252807617e+00 2.205804586410522461e-01
-4.314658164978027344e+00 3.599178552627563477e+00 1.449183374643325806e-01
-4.427871227264404297e+00 3.619165420532226562e+00 5.164275318384170532e-02
-4.501770973205566406e+00 3.632219552993774414e+00 -1.584975421428680420e-02
-4.568092823028564453e+00 3.644272327423095703e+00 4.105945304036140442e-02
-4.626550674438476562e+00 3.654885768890380859e+00 8.800478279590606689e-02
-4.733442306518554688e+00 3.674277305603027344e+00 1.690128892660140991e-01
-4.864260673522949219e+00 3.697977781295776367e+00 2.581209838390350342e-01
-4.947957992553710938e+00 3.713119268417358398e+00 3.080492317676544189e-01
-5.036996841430664062e+00 3.729214191436767578e+00 3.567593693733215332e-01
-5.159455776214599609e+00 3.751332998275756836e+00 4.176746010780334473e-01
-5.243975162506103516e+00 3.766584634780883789e+00 4.542931020259857178e-01
-5.315889358520507812e+00 3.779554605484008789e+00 4.824479818344116211e-01
-5.445510864257812500e+00 3.802922725677490234e+00 5.287628173828125000e-01
-5.528709411621093750e+00 3.817912340164184570e+00 5.535597801208496094e-01
-5.664987564086914062e+00 3.842457532882690430e+00 5.892061591148376465e-01
-5.811769008636474609e+00 3.868884563446044922e+00 6.191092729568481445e-01
-5.883942604064941406e+00 3.881876230239868164e+00 6.294772624969482422e-01
-5.997667312622070312e+00 3.902347326278686523e+00 6.425331830978393555e-01
-6.091913223266601562e+00 3.919313669204711914e+00 6.491267681121826172e-01
-6.201727390289306641e+00 3.939086437225341797e+00 6.527775526046752930e-01
-6.306538105010986328e+00 3.957964897155761719e+00 6.518114209175109863e-01
-6.473453998565673828e+00 3.988044023513793945e+00 6.435313224792480469e-01
-6.580650329589843750e+00 4.007380485534667969e+00 6.313160657882690430e-01
-6.691695213317871094e+00 4.027428627014160156e+00 6.140266656875610352e-01
-6.846200942993164062e+00 4.055354595184326172e+00 5.832055211067199707e-01
-6.933936595916748047e+00 4.071241378784179688e+00 5.602539777755737305e-01
-7.022450447082519531e+00 4.087289810180664062e+00 5.338839888572692871e-01
-7.126550197601318359e+00 4.106192111968994141e+00 4.989666342735290527e-01
-7.258575439453125000e+00 4.130212306976318359e+00 4.486926198005676270e-01
-7.355808258056640625e+00 4.147953510284423828e+00 4.058479070663452148e-01
-7.466773986816406250e+00 4.168251037597656250e+00 3.518108129501342773e-01
-7.604833602905273438e+00 4.193586826324462891e+00 2.769230604171752930e-01
-7.676406860351562500e+00 4.206783294677734375e+00 2.328355312347412109e-01
-7.757379055023193359e+00 4.221755981445312500e+00 1.796412914991378784e-01
-7.886791706085205078e+00 4.245772361755371094e+00 8.831080049276351929e-02
-8.031441688537597656e+00 4.272792339324951172e+00 -2.589951455593109131e-02
-8.105624198913574219e+00 4.286772251129150391e+00 -9.226578474044799805e-02
-8.210319519042968750e+00 4.305944442749023438e+00 -4.725404083728790283e-03
-8.326052665710449219e+00 4.327217102050781250e+00 8.283670991659164429e-02
-8.495255470275878906e+00 4.358433246612548828e+00 1.975452303886413574e-01
-8.552065849304199219e+00 4.368965625762939453e+00 2.302601933479309082e-01
-8.708246231079101562e+00 4.397965908050537109e+00 3.153532147407531738e-01
-8.878712654113769531e+00 4.429748058319091797e+00 3.945390880107879639e-01
-9.035886764526367188e+00 4.459177494049072266e+00 4.549900293350219727e-01
-9.144098281860351562e+00 4.479517936706542969e+00 4.892341494560241699e-01
-9.354618072509765625e+00 4.519196033477783203e+00 5.464898347854614258e-01
-9.449800491333007812e+00 4.537230968475341797e+00 5.645133256912231445e-01
-9.570550918579101562e+00 4.560167789459228516e+00 5.830496549606323242e-01
-9.788942337036132812e+00 4.601787567138671875e+00 6.068366765975952148e-01
-1.001111698150634766e+01 4.644387245178222656e+00 6.135264039039611816e-01
-1.008687496185302734e+01 4.659011363983154297e+00 6.098334789276123047e-01
-1.024628734588623047e+01 4.689861774444580078e+00 5.977701544761657715e-01
-1.042935657501220703e+01 4.725486755371093750e+00 5.735050439834594727e-01
-1.055058193206787109e+01 4.749240875244140625e+00 5.493986606597900391e-01
-1.076422977447509766e+01 4.791317462921142578e+00 4.972901344299316406e-01
-1.089910697937011719e+01 4.818138599395751953e+00 4.533544480800628662e-01
-1.105265903472900391e+01 4.848886489868164062e+00 3.949750363826751709e-01
-1.124259090423583984e+01 4.887253761291503906e+00 3.104040026664733887e-01
-1.133062458038330078e+01 4.905255317687988281e+00 2.636169791221618652e-01
-1.157334804534912109e+01 4.955214023590087891e+00 1.241265982389450073e-01
-1.166351699829101562e+01 4.974146842956542969e+00 6.066612154245376587e-02
-1.176056957244873047e+01 4.994710922241210938e+00 -1.295524835586547852e-02
-1.193388652801513672e+01 5.030822753906250000e+00 1.122263222932815552e-01
-1.223997020721435547e+01 5.095430850982666016e+00 2.989634275436401367e-01
-1.236668586730957031e+01 5.122700214385986328e+00 3.553723096847534180e-01
-1.268058967590332031e+01 5.190743446350097656e+00 4.766800999641418457e-01
-1.291283321380615234e+01 5.241937637329101562e+00 5.356560349464416504e-01
-1.320855140686035156e+01 5.307923316955566406e+00 5.844454169273376465e-01
-1.327706623077392578e+01 5.323451995849609375e+00 5.884175300598144531e-01
-1.361838912963867188e+01 5.401112556457519531e+00 5.999333858489990234e-01
-1.390045928955078125e+01 5.466538906097412109e+00 5.758855938911437988e-01
-1.405103111267089844e+01 5.502085208892822266e+00 5.480962395668029785e-01
-1.441921329498291016e+01 5.589923381805419922e+00 4.599761366844177246e-01
-1.461386108398437500e+01 5.637666702270507812e+00 3.861628770828247070e-01
-1.482662010192871094e+01 5.690783023834228516e+00 2.881112694740295410e-01
-1.505788326263427734e+01 5.749800205230712891e+00 1.590181142091751099e-01
-1.528194904327392578e+01 5.808599948883056641e+00 7.232829928398132324e-03
-1.556291770935058594e+01 5.884793281555175781e+00 -2.210828363895416260e-01
-1.603550910949707031e+01 6.011819362640380859e+00 3.578159213066101074e-02
-1.638502883911132812e+01 6.109483718872070312e+00 1.469514369964599609e-01
-1.670124244689941406e+01 6.200125217437744141e+00 2.040087580680847168e-01
-1.716053199768066406e+01 6.334822177886962891e+00 2.341735661029815674e-01
-1.765466690063476562e+01 6.484726905822753906e+00 1.875638663768768311e-01
-1.835391616821289062e+01 6.705594539642333984e+00 -1.007452607154846191e-03
-1.895636367797851562e+01 6.909481048583984375e+00 -3.319455385208129883e-01
-2.009392547607421875e+01 7.383873462677001953e+00 -2.987454235553741455e-01
-2.158513832092285156e+01 8.051783561706542969e+00 -8.664492368698120117e-01
-1.090772705078125000e+02 6.242646026611328125e+01 -6.696428680419921875e+01
-1.928063520000000000e+08 1.674943840000000000e+08 -1.393712320000000000e+08
4.822692915501889629e+32 -6.905457784328594415e+32 -6.232386690119034946e+32
nan nan nan
nan nan nan
nan nan nan
nan nan nan
nan nan nan
nan nan nan
nan nan nan
nan nan nan
nan nan nan
