2.344283294677734375e+01 -2.070198506116867065e-01 2.107423990964889526e-01
2.325780677795410156e+01 -2.170924246311187744e-01 3.329784572124481201e-01
2.310829925537109375e+01 -2.253123968839645386e-01 4.304977655410766602e-01
2.300764656066894531e+01 -2.308891266584396362e-01 4.954571127891540527e-01
2.281807899475097656e+01 -2.414452284574508667e-01 6.169100403785705566e-01
2.263605880737304688e+01 -2.516760826110839844e-01 7.318927645683288574e-01
2.245643234252929688e+01 -2.618598341941833496e-01 8.437842726707458496e-01
2.239955902099609375e+01 -2.651106715202331543e-01 8.787077069282531738e-01
2.226272583007812500e+01 -2.729514837265014648e-01 9.623437523841857910e-01
2.209493637084960938e+01 -2.826232016086578369e-01 1.063744544982910156e+00
2.185010719299316406e+01 -2.968353927135467529e-01 1.209598898887634277e+00
2.173054885864257812e+01 -3.038448095321655273e-01 1.279290676116943359e+00
2.160376167297363281e+01 -3.113117516040802002e-01 1.352385997772216797e+00
2.151551818847656250e+01 -3.165330588817596436e-01 1.402655005455017090e+00
2.134080696105957031e+01 -3.269029259681701660e-01 1.501336216926574707e+00
2.116585922241210938e+01 -3.373501300811767578e-01 1.598452091217041016e+00
2.100633239746093750e+01 -3.469317555427551270e-01 1.685425758361816406e+00
2.092449188232421875e+01 -3.518719375133514404e-01 1.729291081428527832e+00
2.071908950805664062e+01 -3.643009662628173828e-01 1.838400721549987793e+00
2.067668533325195312e+01 -3.668822646141052246e-01 1.860408067703247070e+00
2.051469039916992188e+01 -3.767546415328979492e-01 1.944067001342773438e+00
2.032823562622070312e+01 -3.881666362285614014e-01 2.038514375686645508e+00
2.021928977966308594e+01 -3.948659002780914307e-01 2.092435598373413086e+00
2.007074356079101562e+01 -4.040232896804809570e-01 2.164932966232299805e+00
1.993010139465332031e+01 -4.127217233180999756e-01 2.232231378555297852e+00
1.984211349487304688e+01 -4.181789755821228027e-01 2.273526430130004883e+00
1.974173164367675781e+01 -4.244150221347808838e-01 2.320054769515991211e+00
1.956707572937011719e+01 -4.352840483188629150e-01 2.399838924407958984e+00
1.945390319824218750e+01 -4.423466920852661133e-01 2.450194597244262695e+00
1.930753326416015625e+01 -4.514951109886169434e-01 2.514177322387695312e+00
1.920902633666992188e+01 -4.576629400253295898e-01 2.556226968765258789e+00
1.905582427978515625e+01 -4.672650694847106934e-01 2.620552301406860352e+00
1.892465782165527344e+01 -4.754972159862518311e-01 2.674175739288330078e+00
1.881817436218261719e+01 -4.821860492229461670e-01 2.716683387756347656e+00
1.869822311401367188e+01 -4.897247552871704102e-01 2.763617277145385742e+00
1.859363746643066406e+01 -4.963005483150482178e-01 2.803593873977661133e+00
1.848591041564941406e+01 -5.030750632286071777e-01 2.843910217285156250e+00
1.832093048095703125e+01 -5.134501457214355469e-01 2.904277801513671875e+00
1.823468589782714844e+01 -5.188726186752319336e-01 2.934715986251831055e+00
1.810040855407714844e+01 -5.273123383522033691e-01 2.981181383132934570e+00
1.801641654968261719e+01 -5.325878262519836426e-01 3.009332895278930664e+00
1.789752197265625000e+01 -5.400511026382446289e-01 3.048363685607910156e+00
1.777420997619628906e+01 -5.477840304374694824e-01 3.087626934051513672e+00
1.765587806701660156e+01 -5.551953315734863281e-01 3.124074697494506836e+00
1.756905746459960938e+01 -5.606251955032348633e-01 3.149937629699707031e+00
1.746638679504394531e+01 -5.670384764671325684e-01 3.179749488830566406e+00
1.736636734008789062e+01 -5.732763409614562988e-01 3.207891941070556641e+00
1.724056434631347656e+01 -5.811088085174560547e-01 3.242172241210937500e+00
1.715068435668945312e+01 -5.866914391517639160e-01 3.265645980834960938e+00
1.702478599548339844e+01 -5.944966673851013184e-01 3.297494649887084961e+00
1.687883567810058594e+01 -6.035196185111999512e-01 3.332717418670654297e+00
1.676428794860839844e+01 -6.105757355690002441e-01 3.358789205551147461e+00
1.669244003295898438e+01 -6.149878501892089844e-01 3.374355792999267578e+00
1.662402534484863281e+01 -6.191803812980651855e-01 3.388703346252441406e+00
1.649642372131347656e+01 -6.269837617874145508e-01 3.414612054824829102e+00
1.637875556945800781e+01 -6.341508030891418457e-01 3.437021493911743164e+00
1.629521369934082031e+01 -6.392189860343933105e-01 3.451945781707763672e+00
1.620705604553222656e+01 -6.445512771606445312e-01 3.466947078704833984e+00
1.610423851013183594e+01 -6.507499814033508301e-01 3.483512878417968750e+00
1.598380851745605469e+01 -6.579815745353698730e-01 3.501630067825317383e+00
1.590458679199218750e+01 -6.627154946327209473e-01 3.512542724609375000e+00
1.580304431915283203e+01 -6.687628626823425293e-01 3.525671958923339844e+00
1.565558242797851562e+01 -6.775060296058654785e-01 3.543122768402099609e+00
1.556555843353271484e+01 -6.828079819679260254e-01 3.552320718765258789e+00
1.552482128143310547e+01 -6.851969957351684570e-01 3.556074857711791992e+00
1.540807723999023438e+01 -6.920300722122192383e-01 3.566300153732299805e+00
1.529624557495117188e+01 -6.985383033752441406e-01 3.574615716934204102e+00
1.523700428009033203e+01 -7.019667029380798340e-01 3.578259229660034180e+00
1.509565067291259766e+01 -7.101225852966308594e-01 3.585979938507080078e+00
1.502431488037109375e+01 -7.142088413238525391e-01 3.588689088821411133e+00
1.493060398101806641e+01 -7.195571064949035645e-01 3.591450691223144531e+00
1.484786987304687500e+01 -7.242561578750610352e-01 3.592954158782958984e+00
1.475102615356445312e+01 -7.297334671020507812e-01 3.593737363815307617e+00
1.462129020690917969e+01 -7.370351552963256836e-01 3.593237161636352539e+00
1.453615283966064453e+01 -7.417958974838256836e-01 3.591526031494140625e+00
1.443594837188720703e+01 -7.473763227462768555e-01 3.588429450988769531e+00
1.436377811431884766e+01 -7.513768672943115234e-01 3.585270166397094727e+00
1.428364086151123047e+01 -7.558049559593200684e-01 3.581010580062866211e+00
1.421799182891845703e+01 -7.594201564788818359e-01 3.576830387115478516e+00
1.410179519653320312e+01 -7.658020853996276855e-01 3.568420410156250000e+00
1.399838161468505859e+01 -7.714566588401794434e-01 3.559321880340576172e+00
1.396968078613281250e+01 -7.730203866958618164e-01 3.556392192840576172e+00
1.385791397094726562e+01 -7.791043519973754883e-01 3.544541597366333008e+00
1.379257488250732422e+01 -7.826490402221679688e-01 3.536598443984985352e+00
1.366304397583007812e+01 -7.896642684936523438e-01 3.519660472869873047e+00
1.359198284149169922e+01 -7.935009598731994629e-01 3.509053707122802734e+00
1.349077129364013672e+01 -7.989582419395446777e-01 3.492904424667358398e+00
1.346193885803222656e+01 -8.005103468894958496e-01 3.487875461578369141e+00
1.332345867156982422e+01 -8.079622983932495117e-01 3.463130235671997070e+00
1.329644393920898438e+01 -8.094137310981750488e-01 3.457741260528564453e+00
1.320040607452392578e+01 -8.145728111267089844e-01 3.438189029693603516e+00
1.312777996063232422e+01 -8.184723258018493652e-01 3.422332763671875000e+00
1.304772663116455078e+01 -8.227701187133789062e-01 3.403950691223144531e+00
1.296581459045410156e+01 -8.271679878234863281e-01 3.384109973907470703e+00
1.286660575866699219e+01 -8.324961066246032715e-01 3.358784437179565430e+00
1.276840686798095703e+01 -8.377732634544372559e-01 3.332141876220703125e+00
1.268297958374023438e+01 -8.423683047294616699e-01 3.307586669921875000e+00
1.262565231323242188e+01 -8.454551696777343750e-01 3.290292263031005859e+00
1.257361030578613281e+01 -8.482598662376403809e-01 3.274089336395263672e+00
1.250132846832275391e+01 -8.521586060523986816e-01 3.250945329666137695e+00
1.239918804168701172e+01 -8.576749563217163086e-01 3.216972351074218750e+00
1.230663299560546875e+01 -8.626837134361267090e-01 3.184540271759033203e+00
1.223990917205810547e+01 -8.663020730018615723e-01 3.160066127777099609e+00
1.216691493988037109e+01 -8.702669143676757812e-01 3.132418155670166016e+00
1.212426090240478516e+01 -8.725881576538085938e-01 3.115697145462036133e+00
1.202830028533935547e+01 -8.778164982795715332e-01 3.077328681945800781e+00
1.194636154174804688e+01 -8.822930455207824707e-01 3.043108940124511719e+00
1.187016391754150391e+01 -8.864663243293762207e-01 3.010112047195434570e+00
1.183177280426025391e+01 -8.885740637779235840e-01 2.992929220199584961e+00
1.174797058105468750e+01 -8.931807875633239746e-01 2.954802036285400391e+00
1.163271141052246094e+01 -8.995347619056701660e-01 2.900483369827270508e+00
1.158647155761718750e+01 -9.020941853523254395e-01 2.877636909484863281e+00
1.150440788269042969e+01 -9.066442847251892090e-01 2.836328983306884766e+00
1.145618343353271484e+01 -9.093263745307922363e-01 2.811251401901245117e+00
1.137027931213378906e+01 -9.141129255294799805e-01 2.765730142593383789e+00
1.131336975097656250e+01 -9.172946214675903320e-01 2.734558105468750000e+00
1.124713611602783203e+01 -9.210060834884643555e-01 2.697486400604248047e+00
1.117193984985351562e+01 -9.252311587333679199e-01 2.654339551925659180e+00
1.110067558288574219e+01 -9.292477965354919434e-01 2.612295866012573242e+00
1.103969287872314453e+01 -9.326952695846557617e-01 2.575370550155639648e+00
1.097585201263427734e+01 -9.363137483596801758e-01 2.535855293273925781e+00
1.088877296447753906e+01 -9.412629604339599609e-01 2.480716466903686523e+00
1.083504867553710938e+01 -9.443281292915344238e-01 2.445639610290527344e+00
1.077806186676025391e+01 -9.475871324539184570e-01 2.407732009887695312e+00
1.068241214752197266e+01 -9.530711770057678223e-01 2.342843770980834961e+00
1.061869239807128906e+01 -9.567402601242065430e-01 2.298186779022216797e+00
1.054517650604248047e+01 -9.609856605529785156e-01 2.245548963546752930e+00
1.049751949310302734e+01 -9.637470245361328125e-01 2.210581302642822266e+00
1.044722938537597656e+01 -9.666672945022583008e-01 2.173097133636474609e+00
1.035317230224609375e+01 -9.721417427062988281e-01 2.101825714111328125e+00
1.031929206848144531e+01 -9.741222858428955078e-01 2.075358152389526367e+00
1.023701286315917969e+01 -9.789395928382873535e-01 2.010376214981079102e+00
1.019740200042724609e+01 -9.812675714492797852e-01 1.978260278701782227e+00
1.011295318603515625e+01 -9.862398505210876465e-01 1.908925890922546387e+00
1.004035377502441406e+01 -9.905312061309814453e-01 1.847716927528381348e+00
9.993509292602539062e+00 -9.933094978332519531e-01 1.807319521903991699e+00
9.935496330261230469e+00 -9.967575669288635254e-01 1.756560683250427246e+00
9.849069595336914062e+00 -1.001908183097839355e+00 1.679579496383666992e+00
9.835532188415527344e+00 -1.002718210220336914e+00 1.667199254035949707e+00
9.760287284851074219e+00 -1.007223129272460938e+00 1.598104238510131836e+00
9.672198295593261719e+00 -1.012515068054199219e+00 1.515355944633483887e+00
9.626012802124023438e+00 -1.015300750732421875e+00 1.470810294151306152e+00
9.571516036987304688e+00 -1.018594503402709961e+00 1.417520403861999512e+00
9.508323669433593750e+00 -1.022423148155212402e+00 1.354722142219543457e+00
9.464637756347656250e+00 -1.025077342987060547e+00 1.310492992401123047e+00
9.418070793151855469e+00 -1.027912020683288574e+00 1.262738704681396484e+00
9.350948333740234375e+00 -1.032006144523620605e+00 1.192961931228637695e+00
9.290731430053710938e+00 -1.035689711570739746e+00 1.129129648208618164e+00
9.227036476135253906e+00 -1.039596080780029297e+00 1.060424089431762695e+00
9.174293518066406250e+00 -1.042839407920837402e+00 1.002478957176208496e+00
9.112226486206054688e+00 -1.046664476394653320e+00 9.332517981529235840e-01
9.070854187011718750e+00 -1.049220681190490723e+00 8.862816095352172852e-01
9.015559196472167969e+00 -1.052642822265625000e+00 8.227618932723999023e-01
8.952938079833984375e+00 -1.056526899337768555e+00 7.496890425682067871e-01
8.892534255981445312e+00 -1.060282588005065918e+00 6.779463291168212891e-01
8.843638420104980469e+00 -1.063329815864562988e+00 6.188758015632629395e-01
8.779177665710449219e+00 -1.067354559898376465e+00 5.399261116981506348e-01
8.736783027648925781e+00 -1.070007801055908203e+00 4.870589077472686768e-01
8.688748359680175781e+00 -1.073018670082092285e+00 4.264462888240814209e-01
8.606253623962402344e+00 -1.078198313713073730e+00 3.209502100944519043e-01
8.581353187561035156e+00 -1.079766154289245605e+00 2.883704304695129395e-01
8.496473312377929688e+00 -1.085115075111389160e+00 1.765468120574951172e-01
8.443472862243652344e+00 -1.088464260101318359e+00 1.050695404410362244e-01
8.403630256652832031e+00 -1.090986013412475586e+00 5.054817721247673035e-02
8.360028266906738281e+00 -1.093748927116394043e+00 -9.773679077625274658e-03
8.303547859191894531e+00 -1.090844154357910156e+00 7.875084877014160156e-02
8.253505706787109375e+00 -1.088359594345092773e+00 1.518687009811401367e-01
8.211485862731933594e+00 -1.086329698562622070e+00 2.097116112709045410e-01
8.186087608337402344e+00 -1.085127830505371094e+00 2.430168390274047852e-01
8.140180587768554688e+00 -1.082979917526245117e+00 3.015154302120208740e-01
8.081933021545410156e+00 -1.080306768417358398e+00 3.720198869705200195e-01
8.030214309692382812e+00 -1.077985048294067383e+00 4.307209849357604980e-01
7.977755069732666016e+00 -1.075670003890991211e+00 4.870098829269409180e-01
7.910253524780273438e+00 -1.072736501693725586e+00 5.554606914520263672e-01
7.855282306671142578e+00 -1.070388436317443848e+00 6.072986125946044922e-01
7.790900230407714844e+00 -1.067670464515686035e+00 6.645329594612121582e-01
7.758139133453369141e+00 -1.066303491592407227e+00 6.916968822479248047e-01
7.706488609313964844e+00 -1.064158678054809570e+00 7.330300211906433105e-01
7.623150825500488281e+00 -1.060721158981323242e+00 7.960410118103027344e-01
7.573564052581787109e+00 -1.058693408966064453e+00 8.301634192466735840e-01
7.506510257720947266e+00 -1.055959939956665039e+00 8.737425804138183594e-01
7.460892200469970703e+00 -1.054105401039123535e+00 9.011161327362060547e-01
7.383813381195068359e+00 -1.050973773002624512e+00 9.448537230491638184e-01
7.327044963836669922e+00 -1.048666238784790039e+00 9.740297794342041016e-01
7.268331527709960938e+00 -1.046274900436401367e+00 1.001979231834411621e+00
7.237736701965332031e+00 -1.045024752616882324e+00 1.015374898910522461e+00
7.136389732360839844e+00 -1.040873646736145020e+00 1.057776927947998047e+00
7.098602771759033203e+00 -1.039312362670898438e+00 1.071192979812622070e+00
7.048951148986816406e+00 -1.037251472473144531e+00 1.087684631347656250e+00
6.956832885742187500e+00 -1.033402800559997559e+00 1.115543246269226074e+00
6.908118247985839844e+00 -1.031339883804321289e+00 1.127630233764648438e+00
6.868650913238525391e+00 -1.029654264450073242e+00 1.136311531066894531e+00
6.769346237182617188e+00 -1.025381326675415039e+00 1.155909299850463867e+00
6.724467754364013672e+00 -1.023411870002746582e+00 1.162231326103210449e+00
6.646248340606689453e+00 -1.019943952560424805e+00 1.171276688575744629e+00
6.584179401397705078e+00 -1.017140269279479980e+00 1.175734043121337891e+00
6.554551601409912109e+00 -1.015780210494995117e+00 1.176834940910339355e+00
6.467021465301513672e+00 -1.011729121208190918e+00 1.178640961647033691e+00
6.417641162872314453e+00 -1.009386301040649414e+00 1.177242994308471680e+00
6.346740245819091797e+00 -1.005971074104309082e+00 1.173271298408508301e+00
6.307804107666015625e+00 -1.004052639007568359e+00 1.169532179832458496e+00
6.222003936767578125e+00 -9.997689723968505859e-01 1.159393072128295898e+00
6.151816368103027344e+00 -9.961586594581604004e-01 1.147641301155090332e+00
6.081167221069335938e+00 -9.924286007881164551e-01 1.132918715476989746e+00
6.053000926971435547e+00 -9.908998608589172363e-01 1.125867128372192383e+00
6.001086235046386719e+00 -9.880493283271789551e-01 1.111987233161926270e+00
5.931416511535644531e+00 -9.841396212577819824e-01 1.091150283813476562e+00
5.888634681701660156e+00 -9.816650748252868652e-01 1.076495409011840820e+00
5.811721801757812500e+00 -9.771286845207214355e-01 1.048045754432678223e+00
5.730422496795654297e+00 -9.721575975418090820e-01 1.013879179954528809e+00
5.706170558929443359e+00 -9.706139564514160156e-01 1.002345561981201172e+00
5.636269092559814453e+00 -9.661077260971069336e-01 9.679079055786132812e-01
5.575933933258056641e+00 -9.620709419250488281e-01 9.351424574851989746e-01
5.537926673889160156e+00 -9.594407677650451660e-01 9.127761721611022949e-01
5.476498603820800781e+00 -9.550943970680236816e-01 8.748035430908203125e-01
5.397388935089111328e+00 -9.492865800857543945e-01 8.219698071479797363e-01
5.370442390441894531e+00 -9.472074508666992188e-01 8.021516799926757812e-01
5.303854942321777344e+00 -9.419761896133422852e-01 7.515590786933898926e-01
5.272843837738037109e+00 -9.394264221191406250e-01 7.260587215423583984e-01
5.200406551361083984e+00 -9.333354234695434570e-01 6.642629504203796387e-01
5.166441440582275391e+00 -9.303215146064758301e-01 6.327199935913085938e-01
5.119418144226074219e+00 -9.260349869728088379e-01 5.872607827186584473e-01
5.075717926025390625e+00 -9.218948483467102051e-01 5.425944924354553223e-01
5.031633377075195312e+00 -9.175584912300109863e-01 4.951190948486328125e-01
4.951966285705566406e+00 -9.094050526618957520e-01 4.046237468719482422e-01
4.927457809448242188e+00 -9.067002534866333008e-01 3.739273548126220703e-01
4.871486186981201172e+00 -9.003642201423645020e-01 3.015892207622528076e-01
4.824858188629150391e+00 -8.947592973709106445e-01 2.367814481258392334e-01
4.807426452636718750e+00 -8.925478458404541016e-01 2.109743803739547729e-01
4.746158599853515625e+00 -8.846063017845153809e-01 1.180146932601928711e-01
4.713069915771484375e+00 -8.799686431884765625e-01 6.318627297878265381e-02
4.679873943328857422e+00 -8.750944733619689941e-01 5.310710519552230835e-03
4.614942073822021484e+00 -8.613934516906738281e-01 8.716388046741485596e-02
4.590046405792236328e+00 -8.562032580375671387e-01 1.163511723279953003e-01
4.526213169097900391e+00 -8.429502248764038086e-01 1.891979277133941650e-01
4.474266052246093750e+00 -8.322718739509582520e-01 2.445245832204818726e-01
4.378884792327880859e+00 -8.128061294555664062e-01 3.406527340412139893e-01
4.356637477874755859e+00 -8.083197474479675293e-01 3.609060943126678467e-01
4.252333164215087891e+00 -7.873358726501464844e-01 4.536830186843872070e-01
4.233070373535156250e+00 -7.835015058517456055e-01 4.690088927745819092e-01
4.142121791839599609e+00 -7.654274702072143555e-01 5.399104952812194824e-01
4.077868938446044922e+00 -7.527534365653991699e-01 5.852827429771423340e-01
3.998671293258666992e+00 -7.372014522552490234e-01 6.373628377914428711e-01
3.964867591857910156e+00 -7.305958271026611328e-01 6.576632261276245117e-01
3.898099899291992188e+00 -7.175719738006591797e-01 6.962040066719055176e-01
3.803730010986328125e+00 -6.992242932319641113e-01 7.464399933815002441e-01
3.729000329971313477e+00 -6.847527027130126953e-01 7.816644906997680664e-01
3.712334394454956055e+00 -6.815332770347595215e-01 7.887501120567321777e-01
3.611189126968383789e+00 -6.620032787322998047e-01 8.307383060455322266e-01
3.563737154006958008e+00 -6.528637409210205078e-01 8.475878238677978516e-01
3.467930793762207031e+00 -6.344249844551086426e-01 8.789951205253601074e-01
3.396146535873413086e+00 -6.206256747245788574e-01 8.986438512802124023e-01
3.327026367187500000e+00 -6.073427200317382812e-01 9.148295521736145020e-01
3.275444030761718750e+00 -5.974291563034057617e-01 9.249742031097412109e-01
3.221141338348388672e+00 -5.869892835617065430e-01 9.341520667076110840e-01
3.127504348754882812e+00 -5.689768791198730469e-01 9.472717642784118652e-01
3.046208858489990234e+00 -5.533169507980346680e-01 9.546355009078979492e-01
2.969527006149291992e+00 -5.385192632675170898e-01 9.583051800727844238e-01
2.925416231155395508e+00 -5.299884080886840820e-01 9.586415290832519531e-01
2.867452144622802734e+00 -5.187612175941467285e-01 9.577412009239196777e-01
2.805145978927612305e+00 -5.066661834716796875e-01 9.548715949058532715e-01
2.698464870452880859e+00 -4.859013557434082031e-01 9.464396238327026367e-01
2.644278287887573242e+00 -4.752994775772094727e-01 9.390647411346435547e-01
2.568393468856811523e+00 -4.604053497314453125e-01 9.265060424804687500e-01
2.528416395187377930e+00 -4.525210857391357422e-01 9.182214736938476562e-01
2.469101428985595703e+00 -4.407898187637329102e-01 9.046044945716857910e-01
2.350474357604980469e+00 -4.172228574752807617e-01 8.733845353126525879e-01
2.292618989944458008e+00 -4.056163728237152100e-01 8.541640639305114746e-01
2.248586177825927734e+00 -3.967336416244506836e-01 8.379966616630554199e-01
2.180512905120849609e+00 -3.829384744167327881e-01 8.111479282379150391e-01
2.091818332672119141e+00 -3.648292124271392822e-01 7.723335027694702148e-01
2.064982891082763672e+00 -3.592911064624786377e-01 7.590167522430419922e-01
1.972333192825317383e+00 -3.401016592979431152e-01 7.113298177719116211e-01
1.949278116226196289e+00 -3.352639079093933105e-01 6.979457139968872070e-01
1.846031427383422852e+00 -3.135206699371337891e-01 6.362325549125671387e-01
1.799985170364379883e+00 -3.036575317382812500e-01 6.050239801406860352e-01
1.746408581733703613e+00 -2.920820415019989014e-01 5.666594505310058594e-01
1.677866220474243164e+00 -2.771134674549102783e-01 5.143823027610778809e-01
1.650210142135620117e+00 -2.709833085536956787e-01 4.915396273136138916e-01
1.588532328605651855e+00 -2.572217881679534912e-01 4.389262199401855469e-01
1.524600625038146973e+00 -2.427354604005813599e-01 3.803504407405853271e-01
1.462370514869689941e+00 -2.283836901187896729e-01 3.189291357994079590e-01
1.430238008499145508e+00 -2.208305150270462036e-01 2.848008275032043457e-01
1.369859933853149414e+00 -2.064830511808395386e-01 2.181413769721984863e-01
1.325338363647460938e+00 -1.956700980663299561e-01 1.652378290891647339e-01
1.262630939483642578e+00 -1.801649779081344604e-01 8.643861114978790283e-02
1.206487536430358887e+00 -1.658915579319000244e-01 9.934373199939727783e-03
1.188912749290466309e+00 -1.612950563430786133e-01 -1.590878143906593323e-02
1.124770164489746094e+00 -1.398399919271469116e-01 5.888983979821205139e-02
1.038999199867248535e+00 -1.113625988364219666e-01 1.521237343549728394e-01
9.801707863807678223e-01 -9.200049191713333130e-02 2.104217708110809326e-01
8.980779051780700684e-01 -6.512074172496795654e-02 2.868745326995849609e-01
8.524811863899230957e-01 -5.028736591339111328e-02 3.258064687252044678e-01
7.678831815719604492e-01 -2.285281568765640259e-02 3.946598172187805176e-01
7.054277062416076660e-01 -2.707527950406074524e-03 4.410958290100097656e-01
6.389508247375488281e-01 1.866084709763526917e-02 4.872931838035583496e-01
5.391662716865539551e-01 5.062960460782051086e-02 5.517255067825317383e-01
4.603506624698638916e-01 7.576916366815567017e-02 5.970931649208068848e-01
4.129183888435363770e-01 9.085437655448913574e-02 6.219224929809570312e-01
3.190479576587677002e-01 1.206634938716888428e-01 6.682299971580505371e-01
2.694446742534637451e-01 1.363727897405624390e-01 6.898258328437805176e-01
1.545111238956451416e-01 1.727299690246582031e-01 7.364790439605712891e-01
1.080762967467308044e-01 1.873841285705566406e-01 7.522394061088562012e-01
3.682910650968551636e-02 2.098533362150192261e-01 7.745741009712219238e-01
-9.003857523202896118e-02 2.498281002044677734e-01 8.093752264976501465e-01
-1.363693326711654663e-01 2.644097506999969482e-01 8.189204931259155273e-01
-2.295953631401062012e-01 2.937464714050292969e-01 8.358570337295532227e-01
-3.192200660705566406e-01 3.219472169876098633e-01 8.477821350097656250e-01
-3.906404972076416016e-01 3.444264233112335205e-01 8.539819717407226562e-01
-4.622209966182708740e-01 3.669677674770355225e-01 8.575730323791503906e-01
-5.290145277976989746e-01 3.880176842212677002e-01 8.584743738174438477e-01
-6.423029303550720215e-01 4.237537980079650879e-01 8.561213612556457520e-01
-6.713933944702148438e-01 4.329481720924377441e-01 8.538160324096679688e-01
-7.965140342712402344e-01 4.725203216075897217e-01 8.420084714889526367e-01
-8.634181022644042969e-01 4.937453866004943848e-01 8.312937021255493164e-01
-9.319421648979187012e-01 5.155301690101623535e-01 8.178617358207702637e-01
-9.932082295417785645e-01 5.350549817085266113e-01 8.035628795623779297e-01
-1.058272957801818848e+00 5.558410286903381348e-01 7.861607074737548828e-01
-1.151373982429504395e+00 5.856690406799316406e-01 7.578189969062805176e-01
-1.245836257934570312e+00 6.160713434219360352e-01 7.239204049110412598e-01
-1.316645264625549316e+00 6.389826536178588867e-01 6.944338679313659668e-01
-1.383107781410217285e+00 6.605862379074096680e-01 6.637607216835021973e-01
-1.473780274391174316e+00 6.902000308036804199e-01 6.179203987121582031e-01
-1.542282938957214355e+00 7.127348184585571289e-01 5.789688825607299805e-01
-1.579562902450561523e+00 7.250747084617614746e-01 5.558865666389465332e-01
-1.635998487472534180e+00 7.438246607780456543e-01 5.193184614181518555e-01
-1.716997504234313965e+00 7.708966732025146484e-01 4.631674885749816895e-01
-1.801469087600708008e+00 7.993964552879333496e-01 3.987840712070465088e-01
-1.845046877861022949e+00 8.142645359039306641e-01 3.621635138988494873e-01
-1.900996565818786621e+00 8.334792256355285645e-01 3.127032816410064697e-01
-1.980901122093200684e+00 8.611719012260437012e-01 2.373133450746536255e-01
-2.034915208816528320e+00 8.801653981208801270e-01 1.813492625951766968e-01
-2.105929374694824219e+00 9.054202437400817871e-01 1.028317287564277649e-01
-2.141938686370849609e+00 9.184414744377136230e-01 5.938125401735305786e-02
-2.212779521942138672e+00 9.443067312240600586e-01 -3.014018386602401733e-02
-2.248297214508056641e+00 9.600898623466491699e-01 5.004495382308959961e-03
-2.362311601638793945e+00 1.010619401931762695e+00 1.136887073516845703e-01
-2.410247802734375000e+00 1.031696200370788574e+00 1.541576087474822998e-01
-2.522042751312255859e+00 1.080712199211120605e+00 2.439101338386535645e-01
-2.614042520523071289e+00 1.120806455612182617e+00 3.094049394130706787e-01
-2.679216146469116211e+00 1.149090409278869629e+00 3.513420522212982178e-01
-2.773241758346557617e+00 1.189789175987243652e+00 4.075606167316436768e-01
-2.877482652664184570e+00 1.234756469726562500e+00 4.633499681949615479e-01
-2.925076723098754883e+00 1.255220770835876465e+00 4.856936931610107422e-01
-3.024469852447509766e+00 1.297903299331665039e+00 5.295066237449645996e-01
-3.143286943435668945e+00 1.348803043365478516e+00 5.749566555023193359e-01
-3.218231201171875000e+00 1.380830407142639160e+00 5.986118316650390625e-01
-3.324916124343872070e+00 1.426367282867431641e+00 6.279429197311401367e-01
-3.398380517959594727e+00 1.457679629325866699e+00 6.439734101295471191e-01
-3.500072240829467773e+00 1.500992178916931152e+00 6.622756123542785645e-01
-3.538844347000122070e+00 1.517493605613708496e+00 6.672267317771911621e-01
-3.655697107315063477e+00 1.567218899726867676e+00 6.798456907272338867e-01
-3.780345439910888672e+00 1.620244860649108887e+00 6.859194636344909668e-01
-3.845581293106079102e+00 1.648000717163085938e+00 6.849864721298217773e-01
-3.934456825256347656e+00 1.685827851295471191e+00 6.807774901390075684e-01
-4.068956375122070312e+00 1.743112564086914062e+00 6.683070659637451172e-01
-4.130596160888671875e+00 1.769404530525207520e+00 6.582956314086914062e-01
-4.194778442382812500e+00 1.796808123588562012e+00 6.457799673080444336e-01
-4.304326534271240234e+00 1.843637824058532715e+00 6.206411719322204590e-01
-4.395772933959960938e+00 1.882822275161743164e+00 5.941417813301086426e-01
-4.515480518341064453e+00 1.934242725372314453e+00 5.532043576240539551e-01
-4.582310199737548828e+00 1.963059425354003906e+00 5.255802869796752930e-01
-4.652979850769042969e+00 1.993611097335815430e+00 4.934086203575134277e-01
-4.730156421661376953e+00 2.027078390121459961e+00 4.547187089920043945e-01
-4.843115806579589844e+00 2.076248168945312500e+00 3.921350836753845215e-01
-4.905052185058593750e+00 2.103379487991333008e+00 3.527236282825469971e-01
-4.964703083038330078e+00 2.129617452621459961e+00 3.118608891963958740e-01
-5.047411918640136719e+00 2.166158437728881836e+00 2.511001229286193848e-01
-5.110315322875976562e+00 2.194139480590820312e+00 2.002607285976409912e-01
-5.221560001373291016e+00 2.243920564651489258e+00 1.035849228501319885e-01
-5.276153087615966797e+00 2.268647432327270508e+00 4.966275021433830261e-02
-5.326295852661132812e+00 2.291522502899169922e+00 -3.178440034389495850e-03
-5.406544685363769531e+00 2.335705041885375977e+00 7.146766781806945801e-02
-5.504694938659667969e+00 2.389454126358032227e+00 1.552922725677490234e-01
-5.630127429962158203e+00 2.457743167877197266e+00 2.517127692699432373e-01
-5.733407020568847656e+00 2.513605833053588867e+00 3.208645284175872803e-01
-5.835252285003662109e+00 2.568439722061157227e+00 3.814854919910430908e-01
-5.980330467224121094e+00 2.646238327026367188e+00 4.579146504402160645e-01
-6.101353168487548828e+00 2.710811614990234375e+00 5.106153488159179688e-01
-6.157031536102294922e+00 2.740414619445800781e+00 5.308936238288879395e-01
-6.263266563415527344e+00 2.796818494796752930e+00 5.662443637847900391e-01
-6.418587684631347656e+00 2.879078626632690430e+00 6.088110804557800293e-01
-6.502625465393066406e+00 2.923446178436279297e+00 6.248551011085510254e-01
-6.595130920410156250e+00 2.972218275070190430e+00 6.384742259979248047e-01
-6.705024242401123047e+00 3.030083656311035156e+00 6.494265198707580566e-01
-6.827426433563232422e+00 3.094454526901245117e+00 6.547592282295227051e-01
-6.915126323699951172e+00 3.140526771545410156e+00 6.531132459640502930e-01
-7.111525535583496094e+00 3.243652820587158203e+00 6.406286954879760742e-01
-7.177084922790527344e+00 3.278054714202880859e+00 6.297775506973266602e-01
-7.256445884704589844e+00 3.319704532623291016e+00 6.138773560523986816e-01
-7.372610569000244141e+00 3.380688905715942383e+00 5.856134295463562012e-01
-7.493286609649658203e+00 3.444090127944946289e+00 5.484394431114196777e-01
-7.617843151092529297e+00 3.509613037109375000e+00 5.013146996498107910e-01
-7.732827663421630859e+00 3.570215702056884766e+00 4.489847421646118164e-01
-7.801538467407226562e+00 3.606516361236572266e+00 4.125045835971832275e-01
-7.950736522674560547e+00 3.685484170913696289e+00 3.260816633701324463e-01
-8.030133247375488281e+00 3.727706670761108398e+00 2.711114287376403809e-01
-8.126575469970703125e+00 3.779165983200073242e+00 1.978685259819030762e-01
-8.179683685302734375e+00 3.807641029357910156e+00 1.528054475784301758e-01
-8.269991874694824219e+00 3.856217622756958008e+00 7.131075114011764526e-02
-8.363093376159667969e+00 3.906610250473022461e+00 -2.201269567012786865e-02
-8.483266830444335938e+00 3.985418081283569336e+00 8.056734502315521240e-02
-8.595634460449218750e+00 4.058467388153076172e+00 1.647287905216217041e-01
-8.811840057373046875e+00 4.198017597198486328e+00 3.076000809669494629e-01
-8.935853004455566406e+00 4.277094841003417969e+00 3.705251514911651611e-01
-9.008992195129394531e+00 4.323462963104248047e+00 4.019139111042022705e-01
-9.227597236633300781e+00 4.461625576019287109e+00 4.861622452735900879e-01
-9.337414741516113281e+00 4.530433654785156250e+00 5.146529674530029297e-01
-9.416558265686035156e+00 4.579839229583740234e+00 5.304673910140991211e-01
-9.601588249206542969e+00 4.695061683654785156e+00 5.596538782119750977e-01
-9.710288047790527344e+00 4.762383460998535156e+00 5.662130117416381836e-01
-9.862577438354492188e+00 4.856438159942626953e+00 5.668038129806518555e-01
-1.001690196990966797e+01 4.951405525207519531e+00 5.551354289054870605e-01
-1.019388103485107422e+01 5.059959888458251953e+00 5.272791981697082520e-01
-1.032137680053710938e+01 5.137907981872558594e+00 4.948662519454956055e-01
-1.043276500701904297e+01 5.205878257751464844e+00 4.584227502346038818e-01
-1.059278011322021484e+01 5.303386688232421875e+00 3.953781127929687500e-01
-1.071283149719238281e+01 5.376424312591552734e+00 3.357956409454345703e-01
-1.084883785247802734e+01 5.459110736846923828e+00 2.569156289100646973e-01
-1.094642829895019531e+01 5.518424034118652344e+00 1.901666074991226196e-01
-1.110344886779785156e+01 5.613886833190917969e+00 6.973747164011001587e-02
-1.116326236724853516e+01 5.650297641754150391e+00 1.480750367045402527e-02
-1.139941406250000000e+01 5.826274871826171875e+00 2.210730314254760742e-01
-1.167422676086425781e+01 6.026395320892333984e+00 4.035688042640686035e-01
-1.180024719238281250e+01 6.116171360015869141e+00 4.621989727020263672e-01
-1.200992202758789062e+01 6.264265537261962891e+00 5.432026386260986328e-01
-1.215569972991943359e+01 6.365854263305664062e+00 5.814270973205566406e-01
-1.245321369171142578e+01 6.571402549743652344e+00 6.352799534797668457e-01
-1.271513175964355469e+01 6.749308586120605469e+00 6.403508186340332031e-01
-1.281405258178710938e+01 6.815556049346923828e+00 6.284061670303344727e-01
-1.303153800964355469e+01 6.960457801818847656e+00 5.905077457427978516e-01
-1.325698089599609375e+01 7.108935832977294922e+00 5.237058997154235840e-01
-1.337058925628662109e+01 7.182846069335937500e+00 4.745954275131225586e-01
-1.367746734619140625e+01 7.381236076354980469e+00 3.191065192222595215e-01
-1.377968883514404297e+01 7.446088314056396484e+00 2.440133392810821533e-01
-1.389477634429931641e+01 7.518610000610351562e+00 1.489378809928894043e-01
-1.407323932647705078e+01 7.630141735076904297e+00 -1.922440528869628906e-02
-1.421506881713867188e+01 7.717480659484863281e+00 -1.837182790040969849e-01
-1.454187488555908203e+01 7.961147785186767578e+00 6.536078453063964844e-02
-1.499509048461914062e+01 8.280167579650878906e+00 2.982000410556793213e-01
-1.526156330108642578e+01 8.455145835876464844e+00 3.627724647521972656e-01
-1.562493038177490234e+01 8.684864997863769531e+00 4.019635319709777832e-01
-1.598823738098144531e+01 8.902699470520019531e+00 3.773108124732971191e-01
-1.646688842773437500e+01 9.173747062683105469e+00 2.609699368476867676e-01
-1.666943931579589844e+01 9.278577804565429688e+00 1.608275175094604492e-01
-1.690467834472656250e+01 9.394646644592285156e+00 1.575443148612976074e-02
-1.726760292053222656e+01 9.561869621276855469e+00 -2.677306830883026123e-01
-1.823132133483886719e+01 1.005524158477783203e+01 -1.028080731630325317e-01
-1.974076652526855469e+01 1.066303634643554688e+01 -4.747008085250854492e-01
-5.748600006103515625e+01 1.576166534423828125e+01 -3.170570373535156250e+01
5.346582593536000000e+12 -6.781945249792000000e+12 -3.342226109235200000e+13
nan nan nan
nan nan nan
nan nan nan
nan nan nan
nan nan nan
nan nan nan
nan nan nan
nan nan nan
nan nan nan
nan nan nan
nan nan nan
nan nan nan
nan nan nan
nan nan nan
nan nan nan
nan nan nan
nan nan nan
nan nan nan
nan nan nan
nan nan nan
nan nan nan
nan nan nan
nan nan nan
nan nan nan
nan nan nan
nan nan nan
nan nan nan
nan nan nan
nan nan nan
nan nan nan
nan nan nan
nan nan nan
nan nan nan
nan nan nan
nan nan nan
nan nan nan
nan nan nan
nan nan nan
nan nan nan
nan nan nan
nan nan nan
nan nan nan
nan nan nan
nan nan nan
nan nan nan
nan nan nan
nan nan nan
nan nan nan
nan nan nan
