2.353149604797363281e+01 -1.671955138444900513e-01 1.747644692659378052e-01
2.339050865173339844e+01 -1.579646915197372437e-01 2.660405039787292480e-01
2.325348472595214844e+01 -1.490598469972610474e-01 3.538992106914520264e-01
2.304503250122070312e+01 -1.356098949909210205e-01 4.862793385982513428e-01
2.298208236694335938e+01 -1.315922439098358154e-01 5.256575942039489746e-01
2.278584289550781250e+01 -1.191075593233108521e-01 6.478458046913146973e-01
2.264999389648437500e+01 -1.105513721704483032e-01 7.311819791793823242e-01
2.249604988098144531e+01 -1.009215265512466431e-01 8.246198296546936035e-01
2.241080284118652344e+01 -9.562960267066955566e-02 8.757258057594299316e-01
2.219919586181640625e+01 -8.254818618297576904e-02 1.001698851585388184e+00
2.213317108154296875e+01 -7.850861549377441406e-02 1.040307044982910156e+00
2.193712425231933594e+01 -6.655142456293106079e-02 1.154290318489074707e+00
2.182846260070800781e+01 -5.998542532324790955e-02 1.216372132301330566e+00
2.168681907653808594e+01 -5.146930366754531860e-02 1.296492815017700195e+00
2.150548744201660156e+01 -4.063715785741806030e-02 1.397702813148498535e+00
2.134513473510742188e+01 -3.113607689738273621e-02 1.485633730888366699e+00
2.126659011840820312e+01 -2.651468291878700256e-02 1.528012514114379883e+00
2.111417770385742188e+01 -1.757698506116867065e-02 1.609578847885131836e+00
2.102738952636718750e+01 -1.252010278403759003e-02 1.655279040336608887e+00
2.086559295654296875e+01 -3.126141615211963654e-03 1.739672660827636719e+00
2.078349304199218750e+01 1.609453465789556503e-03 1.781724929809570312e+00
2.057864379882812500e+01 1.338766142725944519e-02 1.885661959648132324e+00
2.049197196960449219e+01 1.833165809512138367e-02 1.928575992584228516e+00
2.037554168701171875e+01 2.495191432535648346e-02 1.985610127449035645e+00
2.023543357849121094e+01 3.288501128554344177e-02 2.053239345550537109e+00
2.007204246520996094e+01 4.209091514348983765e-02 2.130677700042724609e+00
1.996278953552246094e+01 4.821263253688812256e-02 2.181323289871215820e+00
1.990163040161132812e+01 5.162772536277770996e-02 2.209243535995483398e+00
1.972070693969726562e+01 6.171160936355590820e-02 2.291116476058959961e+00
1.963670158386230469e+01 6.636849790811538696e-02 2.328125953674316406e+00
1.951713943481445312e+01 7.298143208026885986e-02 2.380126476287841797e+00
1.936441802978515625e+01 8.140207082033157349e-02 2.445307970046997070e+00
1.927505683898925781e+01 8.631087839603424072e-02 2.482504844665527344e+00
1.919448280334472656e+01 9.072829782962799072e-02 2.515540122985839844e+00
1.906228828430175781e+01 9.796361625194549561e-02 2.568985462188720703e+00
1.888773536682128906e+01 1.074927002191543579e-01 2.637902736663818359e+00
1.880145263671875000e+01 1.121886000037193298e-01 2.670869588851928711e+00
1.866388702392578125e+01 1.196659877896308899e-01 2.722550392150878906e+00
1.860158538818359375e+01 1.230461522936820984e-01 2.745311737060546875e+00
1.845565986633300781e+01 1.309578716754913330e-01 2.797933340072631836e+00
1.833650207519531250e+01 1.374087035655975342e-01 2.839562416076660156e+00
1.827951431274414062e+01 1.404909789562225342e-01 2.858939647674560547e+00
1.818407249450683594e+01 1.456515341997146606e-01 2.890962123870849609e+00
1.802230834960937500e+01 1.543942689895629883e-01 2.944003105163574219e+00
1.791968345642089844e+01 1.599381119012832642e-01 2.976304769515991211e+00
1.785865592956542969e+01 1.632347702980041504e-01 2.994996070861816406e+00
1.772072792053222656e+01 1.706864684820175171e-01 3.036539077758789062e+00
1.760245895385742188e+01 1.770785450935363770e-01 3.070782899856567383e+00
1.752718544006347656e+01 1.811495572328567505e-01 3.091814041137695312e+00
1.743268394470214844e+01 1.862633824348449707e-01 3.117599248886108398e+00
1.727104568481445312e+01 1.950179189443588257e-01 3.160362720489501953e+00
1.715859985351562500e+01 2.011190354824066162e-01 3.188489437103271484e+00
1.709576797485351562e+01 2.045336514711380005e-01 3.203564405441284180e+00
1.701995086669921875e+01 2.086582481861114502e-01 3.221317768096923828e+00
1.689624595642089844e+01 2.153970450162887573e-01 3.249415636062622070e+00
1.680782508850097656e+01 2.202253937721252441e-01 3.268473386764526367e+00
1.669188117980957031e+01 2.265689074993133545e-01 3.292488336563110352e+00
1.663131713867187500e+01 2.298916578292846680e-01 3.304356336593627930e+00
1.646621322631835938e+01 2.389642000198364258e-01 3.335735321044921875e+00
1.643189239501953125e+01 2.408587336540222168e-01 3.341697692871093750e+00
1.630657577514648438e+01 2.477837800979614258e-01 3.363038301467895508e+00
1.619305419921875000e+01 2.540821433067321777e-01 3.380931138992309570e+00
1.609877395629882812e+01 2.593335807323455811e-01 3.394691944122314453e+00
1.603093528747558594e+01 2.631254494190216064e-01 3.403927564620971680e+00
1.592182159423828125e+01 2.692404687404632568e-01 3.418004035949707031e+00
1.582876300811767578e+01 2.744788229465484619e-01 3.428929090499877930e+00
1.576314163208007812e+01 2.781874239444732666e-01 3.435974836349487305e+00
1.565313243865966797e+01 2.844228744506835938e-01 3.447000980377197266e+00
1.558009910583496094e+01 2.885834872722625732e-01 3.453436613082885742e+00
1.549358463287353516e+01 2.935294210910797119e-01 3.460356950759887695e+00
1.540320014953613281e+01 2.987186908721923828e-01 3.466707706451416016e+00
1.528606319427490234e+01 3.054747879505157471e-01 3.473734617233276367e+00
1.517592430114746094e+01 3.118659853935241699e-01 3.478856086730957031e+00
1.506946849822998047e+01 3.180796205997467041e-01 3.482437610626220703e+00
1.501069259643554688e+01 3.215297758579254150e-01 3.483675003051757812e+00
1.494225883483886719e+01 3.255593478679656982e-01 3.484635829925537109e+00
1.486171340942382812e+01 3.303190767765045166e-01 3.485104084014892578e+00
1.474158763885498047e+01 3.374470770359039307e-01 3.484628915786743164e+00
1.469990253448486328e+01 3.399352729320526123e-01 3.483849048614501953e+00
1.460009765625000000e+01 3.459039032459259033e-01 3.481467008590698242e+00
1.448645305633544922e+01 3.527297079563140869e-01 3.477337121963500977e+00
1.441872596740722656e+01 3.568154573440551758e-01 3.473901271820068359e+00
1.433134841918945312e+01 3.620980978012084961e-01 3.468711137771606445e+00
1.421668624877929688e+01 3.690471649169921875e-01 3.460604429244995117e+00
1.417183971405029297e+01 3.717720806598663330e-01 3.456759452819824219e+00
1.407719516754150391e+01 3.775267302989959717e-01 3.448082208633422852e+00
1.396936607360839844e+01 3.840909004211425781e-01 3.436829566955566406e+00
1.390861988067626953e+01 3.877917528152465820e-01 3.429600238800048828e+00
1.383914756774902344e+01 3.920245766639709473e-01 3.420751571655273438e+00
1.377123451232910156e+01 3.961619734764099121e-01 3.411445856094360352e+00
1.365001964569091797e+01 4.035441577434539795e-01 3.393680810928344727e+00
1.361408615112304688e+01 4.057304859161376953e-01 3.387793779373168945e+00
1.354655551910400391e+01 4.098373651504516602e-01 3.376380443572998047e+00
1.341753959655761719e+01 4.176759719848632812e-01 3.353308677673339844e+00
1.337755680084228516e+01 4.201000034809112549e-01 3.345396995544433594e+00
1.328357982635498047e+01 4.257926940917968750e-01 3.326239347457885742e+00
1.320332527160644531e+01 4.306439757347106934e-01 3.308738946914672852e+00
1.315050506591796875e+01 4.338304996490478516e-01 3.296571016311645508e+00
1.306467151641845703e+01 4.390011727809906006e-01 3.276095867156982422e+00
1.300534629821777344e+01 4.425661563873291016e-01 3.261146545410156250e+00
1.288651180267333984e+01 4.496941268444061279e-01 3.230084657669067383e+00
1.282994174957275391e+01 4.530742466449737549e-01 3.214217662811279297e+00
1.273779582977294922e+01 4.585691988468170166e-01 3.187522411346435547e+00
1.270142078399658203e+01 4.607310891151428223e-01 3.176431417465209961e+00
1.260604476928710938e+01 4.663917124271392822e-01 3.146772384643554688e+00
1.255746555328369141e+01 4.692642092704772949e-01 3.130885124206542969e+00
1.248087215423583984e+01 4.737841784954071045e-01 3.105201959609985352e+00
1.240472412109375000e+01 4.782634675502777100e-01 3.078663825988769531e+00
1.232239151000976562e+01 4.830906093120574951e-01 3.048877239227294922e+00
1.225093173980712891e+01 4.872648715972900391e-01 3.021984815597534180e+00
1.220029830932617188e+01 4.902128279209136963e-01 3.002282857894897461e+00
1.213858222961425781e+01 4.937974512577056885e-01 2.977703571319580078e+00
1.202794933319091797e+01 5.002042055130004883e-01 2.932397127151489258e+00
1.197220134735107422e+01 5.034149885177612305e-01 2.908425807952880859e+00
1.191487026214599609e+01 5.067075490951538086e-01 2.883174180984497070e+00
1.186043071746826172e+01 5.098248124122619629e-01 2.858604669570922852e+00
1.178919696807861328e+01 5.138920545578002930e-01 2.825714349746704102e+00
1.170387840270996094e+01 5.187449455261230469e-01 2.785146474838256836e+00
1.163310909271240234e+01 5.227515101432800293e-01 2.750314235687255859e+00
1.157171916961669922e+01 5.262134075164794922e-01 2.719235897064208984e+00
1.149488830566406250e+01 5.305309891700744629e-01 2.679394006729125977e+00
1.141547107696533203e+01 5.349741578102111816e-01 2.636971712112426758e+00
1.135682964324951172e+01 5.382397770881652832e-01 2.604688167572021484e+00
1.128139686584472656e+01 5.424257516860961914e-01 2.562239170074462891e+00
1.122936439514160156e+01 5.453000068664550781e-01 2.532131195068359375e+00
1.119098949432373047e+01 5.474131107330322266e-01 2.509500265121459961e+00
1.112412548065185547e+01 5.510862469673156738e-01 2.469516754150390625e+00
1.104761409759521484e+01 5.552719235420227051e-01 2.422654390335083008e+00
1.098930454254150391e+01 5.584464669227600098e-01 2.385960102081298828e+00
1.090727329254150391e+01 5.628958344459533691e-01 2.333274841308593750e+00
1.084567642211914062e+01 5.662191510200500488e-01 2.292575597763061523e+00
1.079124927520751953e+01 5.691438317298889160e-01 2.255849361419677734e+00
1.071997070312500000e+01 5.729603171348571777e-01 2.206857442855834961e+00
1.064491271972656250e+01 5.769600868225097656e-01 2.154020786285400391e+00
1.060406684875488281e+01 5.791257619857788086e-01 2.124542474746704102e+00
1.054993247985839844e+01 5.819880366325378418e-01 2.084946632385253906e+00
1.048276901245117188e+01 5.855261683464050293e-01 2.034944534301757812e+00
1.043826866149902344e+01 5.878596305847167969e-01 2.001086473464965820e+00
1.038031959533691406e+01 5.908889770507812500e-01 1.956360816955566406e+00
1.030543899536132812e+01 5.947876572608947754e-01 1.897488355636596680e+00
1.022159767150878906e+01 5.991300344467163086e-01 1.829990506172180176e+00
1.016544532775878906e+01 6.020210981369018555e-01 1.783581018447875977e+00
1.011542415618896484e+01 6.045863032341003418e-01 1.741510868072509766e+00
1.005513286590576172e+01 6.076671481132507324e-01 1.690014362335205078e+00
9.990530967712402344e+00 6.109540462493896484e-01 1.633805632591247559e+00
9.930324554443359375e+00 6.140031218528747559e-01 1.580379605293273926e+00
9.884715080261230469e+00 6.163029074668884277e-01 1.539162516593933105e+00
9.840120315551757812e+00 6.185441613197326660e-01 1.498305082321166992e+00
9.794120788574218750e+00 6.208485364913940430e-01 1.455594301223754883e+00
9.743921279907226562e+00 6.233549118041992188e-01 1.408339738845825195e+00
9.658887863159179688e+00 6.275850534439086914e-01 1.327093124389648438e+00
9.614257812500000000e+00 6.297914981842041016e-01 1.283367633819580078e+00
9.572838783264160156e+00 6.318325400352478027e-01 1.242253541946411133e+00
9.508808135986328125e+00 6.349782347679138184e-01 1.177921652793884277e+00
9.445571899414062500e+00 6.380704641342163086e-01 1.113193392753601074e+00
9.377321243286132812e+00 6.413924694061279297e-01 1.042043209075927734e+00
9.343441963195800781e+00 6.430332660675048828e-01 1.006024837493896484e+00
9.274785995483398438e+00 6.463502049446105957e-01 9.323216080665588379e-01
9.247453689575195312e+00 6.476640701293945312e-01 9.023998975753784180e-01
9.154870033264160156e+00 6.521058678627014160e-01 8.002534508705139160e-01
9.101618766784667969e+00 6.546435356140136719e-01 7.399414181709289551e-01
9.067686080932617188e+00 6.562544107437133789e-01 7.009280920028686523e-01
9.009932518005371094e+00 6.589894890785217285e-01 6.338918209075927734e-01
8.953466415405273438e+00 6.616525650024414062e-01 5.672813653945922852e-01
8.893280029296875000e+00 6.644797325134277344e-01 4.951543509960174561e-01
8.859381675720214844e+00 6.660652756690979004e-01 4.538455605506896973e-01
8.799650192260742188e+00 6.688525676727294922e-01 3.803686499595642090e-01
8.771671295166015625e+00 6.701527237892150879e-01 3.453775346279144287e-01
8.722586631774902344e+00 6.724292635917663574e-01 2.835156917572021484e-01
8.649800300598144531e+00 6.757938265800476074e-01 1.905330121517181396e-01
8.591454505920410156e+00 6.784776449203491211e-01 1.144926249980926514e-01
8.555973052978515625e+00 6.801034212112426758e-01 6.750685721635818481e-02
8.507893562316894531e+00 6.823014020919799805e-01 3.218062222003936768e-03
8.463644981384277344e+00 6.893486976623535156e-01 7.126411050558090210e-02
8.408761024475097656e+00 6.980224251747131348e-01 1.511347889900207520e-01
8.366396903991699219e+00 7.046611905097961426e-01 2.088243961334228516e-01
8.320241928100585938e+00 7.118532657623291016e-01 2.686362564563751221e-01
8.299321174621582031e+00 7.150955796241760254e-01 2.943500876426696777e-01
8.227265357971191406e+00 7.262381315231323242e-01 3.808586001396179199e-01
8.178315162658691406e+00 7.337545156478881836e-01 4.350496828556060791e-01
8.153989791870117188e+00 7.374750375747680664e-01 4.605665504932403564e-01
8.090745925903320312e+00 7.471315860748291016e-01 5.251762270927429199e-01
8.055170059204101562e+00 7.525413632392883301e-01 5.590859055519104004e-01
7.991780757904052734e+00 7.621623277664184570e-01 6.172128915786743164e-01
7.929691314697265625e+00 7.715578675270080566e-01 6.703138947486877441e-01
7.894767761230468750e+00 7.768305540084838867e-01 6.981932520866394043e-01
7.845327854156494141e+00 7.842875719070434570e-01 7.361528873443603516e-01
7.770076751708984375e+00 7.956247329711914062e-01 7.907817959785461426e-01
7.707597732543945312e+00 8.050261139869689941e-01 8.323282599449157715e-01
7.682183265686035156e+00 8.088486194610595703e-01 8.480063676834106445e-01
7.594175815582275391e+00 8.220856785774230957e-01 9.006367921829223633e-01
7.545900344848632812e+00 8.293486833572387695e-01 9.264261126518249512e-01
7.492545604705810547e+00 8.373807072639465332e-01 9.531428813934326172e-01
7.461256504058837891e+00 8.420953154563903809e-01 9.676811695098876953e-01
7.368290424346923828e+00 8.561131358146667480e-01 1.008953094482421875e+00
7.332099914550781250e+00 8.615829348564147949e-01 1.022835135459899902e+00
7.272169113159179688e+00 8.706520199775695801e-01 1.044458270072937012e+00
7.215926170349121094e+00 8.791821002960205078e-01 1.062657952308654785e+00
7.157626152038574219e+00 8.880453705787658691e-01 1.079523205757141113e+00
7.086596488952636719e+00 8.988739848136901855e-01 1.097582340240478516e+00
7.062224388122558594e+00 9.026035070419311523e-01 1.102752566337585449e+00
6.986715793609619141e+00 9.141747951507568359e-01 1.117692828178405762e+00
6.922868728637695312e+00 9.240042567253112793e-01 1.127515196800231934e+00
6.887941837310791016e+00 9.294046759605407715e-01 1.131600499153137207e+00
6.808711051940917969e+00 9.416869878768920898e-01 1.139278411865234375e+00
6.754241943359375000e+00 9.501822590827941895e-01 1.142081260681152344e+00
6.709739208221435547e+00 9.571549892425537109e-01 1.142983794212341309e+00
6.650544643402099609e+00 9.664666056632995605e-01 1.142675161361694336e+00
6.600919723510742188e+00 9.743162989616394043e-01 1.140728950500488281e+00
6.515258312225341797e+00 9.879335165023803711e-01 1.134916901588439941e+00
6.483598709106445312e+00 9.930117130279541016e-01 1.131191849708557129e+00
6.397594451904296875e+00 1.006856918334960938e+00 1.119474172592163086e+00
6.336545944213867188e+00 1.016784906387329102e+00 1.108042001724243164e+00
6.309462547302246094e+00 1.021224021911621094e+00 1.101971983909606934e+00
6.252597808837890625e+00 1.030578732490539551e+00 1.088284730911254883e+00
6.203042030334472656e+00 1.038796067237854004e+00 1.074611783027648926e+00
6.129299163818359375e+00 1.051113963127136230e+00 1.051960468292236328e+00
6.056057453155517578e+00 1.063488841056823730e+00 1.025980472564697266e+00
6.033055782318115234e+00 1.067422986030578613e+00 1.016700387001037598e+00
5.982746601104736328e+00 1.076063156127929688e+00 9.956122636795043945e-01
5.910235404968261719e+00 1.088631629943847656e+00 9.626818895339965820e-01
5.846989631652832031e+00 1.099748849868774414e+00 9.306673407554626465e-01
5.794396877288818359e+00 1.109116077423095703e+00 9.015538692474365234e-01
5.764534950256347656e+00 1.114497303962707520e+00 8.837984204292297363e-01
5.695540904998779297e+00 1.127017855644226074e+00 8.411148786544799805e-01
5.653208255767822266e+00 1.134830594062805176e+00 8.124905824661254883e-01
5.598129749298095703e+00 1.145109415054321289e+00 7.732034921646118164e-01
5.551600456237792969e+00 1.153926372528076172e+00 7.376697659492492676e-01
5.524647712707519531e+00 1.159104466438293457e+00 7.158788442611694336e-01
5.468408584594726562e+00 1.170000553131103516e+00 6.688880324363708496e-01
5.406743049621582031e+00 1.182168483734130859e+00 6.137368679046630859e-01
5.361411571502685547e+00 1.191309213638305664e+00 5.700635313987731934e-01
5.339534282684326172e+00 1.195797562599182129e+00 5.477917194366455078e-01
5.283424377441406250e+00 1.207411646842956543e+00 4.891108274459838867e-01
5.226517200469970703e+00 1.219473838806152344e+00 4.253372251987457275e-01
5.187402725219726562e+00 1.227985978126525879e+00 3.782564997673034668e-01
5.153513908386230469e+00 1.235508441925048828e+00 3.353535830974578857e-01
5.125544548034667969e+00 1.241832137107849121e+00 2.983233928680419922e-01
5.082693576812744141e+00 1.251677870750427246e+00 2.394048720598220825e-01
5.034705162048339844e+00 1.262997388839721680e+00 1.693989485502243042e-01
4.994347095489501953e+00 1.272828102111816406e+00 1.063284203410148621e-01
4.963710308074951172e+00 1.280517697334289551e+00 5.544780194759368896e-02
4.935311794281005859e+00 1.287824988365173340e+00 5.945671349763870239e-03
4.877594470977783203e+00 1.306582450866699219e+00 7.994633913040161133e-02
4.849551200866699219e+00 1.315634846687316895e+00 1.135922670364379883e-01
4.766747951507568359e+00 1.342286109924316406e+00 2.098717391490936279e-01
4.708215713500976562e+00 1.360975980758666992e+00 2.719034552574157715e-01
4.688288688659667969e+00 1.367308616638183594e+00 2.917118966579437256e-01
4.617469787597656250e+00 1.389781594276428223e+00 3.606142401695251465e-01
4.540870189666748047e+00 1.413970112800598145e+00 4.296012222766876221e-01
4.494935512542724609e+00 1.428408861160278320e+00 4.676409661769866943e-01
4.442137241363525391e+00 1.444965720176696777e+00 5.092157721519470215e-01
4.401971817016601562e+00 1.457530140876770020e+00 5.390408635139465332e-01
4.312041282653808594e+00 1.485614299774169922e+00 6.028708219528198242e-01
4.254169940948486328e+00 1.503625035285949707e+00 6.398642659187316895e-01
4.198244094848632812e+00 1.520999193191528320e+00 6.732180118560791016e-01
4.162910461425781250e+00 1.531959891319274902e+00 6.928801536560058594e-01
4.072807788848876953e+00 1.559888124465942383e+00 7.408137917518615723e-01
4.039972305297851562e+00 1.570047378540039062e+00 7.562839984893798828e-01
3.939204931259155273e+00 1.601210355758666992e+00 8.016097545623779297e-01
3.873850107192993164e+00 1.621397018432617188e+00 8.268157243728637695e-01
3.827645063400268555e+00 1.635663032531738281e+00 8.427843451499938965e-01
3.748094558715820312e+00 1.660221815109252930e+00 8.680697083473205566e-01
3.707139730453491211e+00 1.672865509986877441e+00 8.791609406471252441e-01
3.648966550827026367e+00 1.690828323364257812e+00 8.935332298278808594e-01
3.575108051300048828e+00 1.713643431663513184e+00 9.093125462532043457e-01
3.507239818572998047e+00 1.734623432159423828e+00 9.209653139114379883e-01
3.432518482208251953e+00 1.757743835449218750e+00 9.309461712837219238e-01
3.376865863800048828e+00 1.774986505508422852e+00 9.360608458518981934e-01
3.299861907958984375e+00 1.798873066902160645e+00 9.407596588134765625e-01
3.231877088546752930e+00 1.820002079010009766e+00 9.420055747032165527e-01
3.189219236373901367e+00 1.833285927772521973e+00 9.411779046058654785e-01
3.115659236907958984e+00 1.856225132942199707e+00 9.380043745040893555e-01
3.064270496368408203e+00 1.872292399406433105e+00 9.336717128753662109e-01
2.979759693145751953e+00 1.898770213127136230e+00 9.240964651107788086e-01
2.960893154144287109e+00 1.904703021049499512e+00 9.210492372512817383e-01
2.863927364349365234e+00 1.935223340988159180e+00 9.043319225311279297e-01
2.812922000885009766e+00 1.951356530189514160e+00 8.926485180854797363e-01
2.772712707519531250e+00 1.964112520217895508e+00 8.822125792503356934e-01
2.677885532379150391e+00 1.994270324707031250e+00 8.552868962287902832e-01
2.634404659271240234e+00 2.008184909820556641e+00 8.403820991516113281e-01
2.567822933197021484e+00 2.029560804367065430e+00 8.157040476799011230e-01
2.499578714370727539e+00 2.051585197448730469e+00 7.874273657798767090e-01
2.462452411651611328e+00 2.063637018203735352e+00 7.703224420547485352e-01
2.402494907379150391e+00 2.083167791366577148e+00 7.411348819732666016e-01
2.341835021972656250e+00 2.103044271469116211e+00 7.089780569076538086e-01
2.267428159713745117e+00 2.127583265304565430e+00 6.661383509635925293e-01
2.201353073120117188e+00 2.149563312530517578e+00 6.242148876190185547e-01
2.173722743988037109e+00 2.158833026885986328e+00 6.051564216613769531e-01
2.108829021453857422e+00 2.180688142776489258e+00 5.588218569755554199e-01
2.067896127700805664e+00 2.194605827331542969e+00 5.271736979484558105e-01
1.992483854293823242e+00 2.220416545867919922e+00 4.658838808536529541e-01
1.939233422279357910e+00 2.238882064819335938e+00 4.184927046298980713e-01
1.919083833694458008e+00 2.245941877365112305e+00 3.993676006793975830e-01
1.851472496986389160e+00 2.269731760025024414e+00 3.335927724838256836e-01
1.794049739837646484e+00 2.290241479873657227e+00 2.729319334030151367e-01
1.763608694076538086e+00 2.301270961761474609e+00 2.383948266506195068e-01
1.723090410232543945e+00 2.316075325012207031e+00 1.906053423881530762e-01
1.658278107643127441e+00 2.340039968490600586e+00 1.100474447011947632e-01
1.637672662734985352e+00 2.347820758819580078e+00 8.213928341865539551e-02
1.597300410270690918e+00 2.363180875778198242e+00 2.587113901972770691e-02
1.534547805786132812e+00 2.387433767318725586e+00 -6.673350930213928223e-02
1.487370848655700684e+00 2.409122705459594727e+00 -1.437003910541534424e-02
1.448986768722534180e+00 2.426710605621337891e+00 2.604402601718902588e-02
1.366262674331665039e+00 2.464522123336791992e+00 1.095230579376220703e-01
1.292460680007934570e+00 2.498092412948608398e+00 1.774516254663467407e-01
1.268843054771423340e+00 2.508795976638793945e+00 1.974823772907257080e-01
1.196418166160583496e+00 2.541585922241210938e+00 2.573326230049133301e-01
1.113394498825073242e+00 2.579063653945922852e+00 3.205878734588623047e-01
1.073061943054199219e+00 2.597217321395874023e+00 3.485248088836669922e-01
9.643790721893310547e-01 2.646077156066894531e+00 4.203528463840484619e-01
9.133689403533935547e-01 2.668943166732788086e+00 4.498730599880218506e-01
8.453866243362426758e-01 2.699385404586791992e+00 4.867492616176605225e-01
8.055071830749511719e-01 2.717221736907958984e+00 5.065129399299621582e-01
7.158516049385070801e-01 2.757297754287719727e+00 5.485590696334838867e-01
6.584746837615966797e-01 2.782916784286499023e+00 5.721175670623779297e-01
5.535860657691955566e-01 2.829727649688720703e+00 6.114017367362976074e-01
5.093851089477539062e-01 2.849442243576049805e+00 6.251147389411926270e-01
4.344996213912963867e-01 2.882840394973754883e+00 6.463778614997863770e-01
3.496168851852416992e-01 2.920697927474975586e+00 6.667467355728149414e-01
2.736594378948211670e-01 2.954583883285522461e+00 6.812519431114196777e-01
1.978926658630371094e-01 2.988401174545288086e+00 6.924464702606201172e-01
1.614091247320175171e-01 3.004696607589721680e+00 6.962787508964538574e-01
8.476440608501434326e-02 3.038945436477661133e+00 7.027631402015686035e-01
2.298399060964584351e-02 3.066581249237060547e+00 7.053395509719848633e-01
-9.193319827318191528e-02 3.118040084838867188e+00 7.061615586280822754e-01
-1.322786659002304077e-01 3.136146783828735352e+00 7.038456201553344727e-01
-1.924179643392562866e-01 3.163163423538208008e+00 6.990221738815307617e-01
-2.733832001686096191e-01 3.199593305587768555e+00 6.897571086883544922e-01
-3.292317688465118408e-01 3.224781513214111328e+00 6.807614564895629883e-01
-4.422232806682586670e-01 3.275835990905761719e+00 6.588705778121948242e-01
-4.808197617530822754e-01 3.293347358703613281e+00 6.487875580787658691e-01
-5.527239441871643066e-01 3.326024055480957031e+00 6.282998919486999512e-01
-6.523704528808593750e-01 3.371455669403076172e+00 5.954238772392272949e-01
-6.790921688079833984e-01 3.383700132369995117e+00 5.848820805549621582e-01
-7.461622357368469238e-01 3.414479732513427734e+00 5.572190284729003906e-01
-8.302333354949951172e-01 3.453216552734375000e+00 5.186709761619567871e-01
-9.156749248504638672e-01 3.492803335189819336e+00 4.743424952030181885e-01
-9.750628471374511719e-01 3.520494222640991211e+00 4.396807253360748291e-01
-1.021785974502563477e+00 3.542388439178466797e+00 4.101805388927459717e-01
-1.093578100204467773e+00 3.576173067092895508e+00 3.620294630527496338e-01
-1.137839436531066895e+00 3.597149848937988281e+00 3.295316994190216064e-01
-1.194217920303344727e+00 3.623998880386352539e+00 2.857893705368041992e-01
-1.250292658805847168e+00 3.650881528854370117e+00 2.391494363546371460e-01
-1.309054374694824219e+00 3.679257631301879883e+00 1.867887675762176514e-01
-1.375074386596679688e+00 3.711407899856567383e+00 1.235498189926147461e-01
-1.433149576187133789e+00 3.739989280700683594e+00 6.317627429962158203e-02
-1.474599838256835938e+00 3.760604143142700195e+00 1.680422946810722351e-02
-1.561586499214172363e+00 3.811173200607299805e+00 1.032018810510635376e-01
-1.620778799057006836e+00 3.845442771911621094e+00 1.564069390296936035e-01
-1.704260349273681641e+00 3.893660068511962891e+00 2.265493422746658325e-01
-1.772831559181213379e+00 3.933148622512817383e+00 2.788586318492889404e-01
-1.854557514190673828e+00 3.980116128921508789e+00 3.363754749298095703e-01
-1.885532259941101074e+00 3.997879266738891602e+00 3.561186790466308594e-01
-2.016806602478027344e+00 4.073110580444335938e+00 4.366534054279327393e-01
-2.098044872283935547e+00 4.119543552398681641e+00 4.785622358322143555e-01
-2.176018476486206055e+00 4.164057731628417969e+00 5.143990516662597656e-01
-2.250307321548461914e+00 4.206430435180664062e+00 5.446866750717163086e-01
-2.336179018020629883e+00 4.255377769470214844e+00 5.755890607833862305e-01
-2.378837823867797852e+00 4.279680728912353516e+00 5.886480212211608887e-01
-2.452790975570678711e+00 4.321806430816650391e+00 6.093602180480957031e-01
-2.551976442337036133e+00 4.378296852111816406e+00 6.327167153358459473e-01
-2.645522594451904297e+00 4.431577205657958984e+00 6.492480635643005371e-01
-2.717562675476074219e+00 4.472621917724609375e+00 6.580509543418884277e-01
-2.840958356857299805e+00 4.542959213256835938e+00 6.679978370666503906e-01
-2.930353403091430664e+00 4.593970298767089844e+00 6.688525080680847168e-01
-3.000467538833618164e+00 4.634025096893310547e+00 6.659116148948669434e-01
-3.063606023788452148e+00 4.670134544372558594e+00 6.606966257095336914e-01
-3.124055147171020508e+00 4.704746246337890625e+00 6.534709930419921875e-01
-3.253078937530517578e+00 4.778714656829833984e+00 6.334347128868103027e-01
-3.331757307052612305e+00 4.823956012725830078e+00 6.150867342948913574e-01
-3.368247509002685547e+00 4.844985961914062500e+00 6.047875881195068359e-01
-3.440390825271606445e+00 4.886612892150878906e+00 5.827468633651733398e-01
-3.572059631347656250e+00 4.962774753570556641e+00 5.363354682922363281e-01
-3.643910646438598633e+00 5.004549026489257812e+00 5.045706629753112793e-01
-3.726053237915039062e+00 5.052468299865722656e+00 4.639883339405059814e-01
-3.765935420989990234e+00 5.075834751129150391e+00 4.417956471443176270e-01
-3.856481552124023438e+00 5.129008769989013672e+00 3.885293602943420410e-01
-3.939434528350830078e+00 5.178004741668701172e+00 3.334495127201080322e-01
-3.979768276214599609e+00 5.201972961425781250e+00 3.036417365074157715e-01
-4.055285453796386719e+00 5.246999263763427734e+00 2.448808848857879639e-01
-4.124592304229736328e+00 5.288605213165283203e+00 1.855738162994384766e-01
-4.163073062896728516e+00 5.311871051788330078e+00 1.496473252773284912e-01
-4.266425609588623047e+00 5.374639034271240234e+00 4.831248521804809570e-02
-4.331676483154296875e+00 5.414799690246582031e+00 -2.466474473476409912e-02
-4.382366657257080078e+00 5.451314449310302734e+00 2.412811294198036194e-02
-4.485022068023681641e+00 5.525061607360839844e+00 1.174248456954956055e-01
-4.571385860443115234e+00 5.586795330047607422e+00 1.871400922536849976e-01
-4.650204181671142578e+00 5.642933845520019531e+00 2.446347177028656006e-01
-4.724928855895996094e+00 5.696003913879394531e+00 2.942003011703491211e-01
-4.854508399963378906e+00 5.787809848785400391e+00 3.724777102470397949e-01
-4.930818557739257812e+00 5.841674804687500000e+00 4.111766815185546875e-01
-5.061872959136962891e+00 5.934016227722167969e+00 4.706346094608306885e-01
-5.152773380279541016e+00 5.997892856597900391e+00 5.038730502128601074e-01
-5.257849693298339844e+00 6.071622371673583984e+00 5.361794233322143555e-01
-5.360063552856445312e+00 6.143241882324218750e+00 5.609225630760192871e-01
-5.484656333923339844e+00 6.230448722839355469e+00 5.833524465560913086e-01
-5.526467323303222656e+00 6.259685993194580078e+00 5.877711772918701172e-01
-5.681471824645996094e+00 6.368057727813720703e+00 6.003352403640747070e-01
-5.794722080230712891e+00 6.447199821472167969e+00 5.991662144660949707e-01
-5.876548290252685547e+00 6.504390716552734375e+00 5.928478240966796875e-01
-5.930009365081787109e+00 6.541770458221435547e+00 5.861091017723083496e-01
-6.085812568664550781e+00 6.650748729705810547e+00 5.614413619041442871e-01
-6.178943634033203125e+00 6.715981483459472656e+00 5.377312898635864258e-01
-6.280793666839599609e+00 6.787416458129882812e+00 5.057092308998107910e-01
-6.347078323364257812e+00 6.833992481231689453e+00 4.803627431392669678e-01
-6.465447425842285156e+00 6.917290210723876953e+00 4.296386539936065674e-01
-6.508035182952880859e+00 6.947352409362792969e+00 4.077072739601135254e-01
-6.628538608551025391e+00 7.032531261444091797e+00 3.416818380355834961e-01
-6.713924407958984375e+00 7.093147754669189453e+00 2.865095734596252441e-01
-6.822041034698486328e+00 7.170193672180175781e+00 2.084175795316696167e-01
-6.901270866394042969e+00 7.226979255676269531e+00 1.428172588348388672e-01
-6.970749855041503906e+00 7.277033329010009766e+00 7.928192615509033203e-02
-7.013986110687255859e+00 7.308347702026367188e+00 3.612448275089263916e-02
-7.125838756561279297e+00 7.389667034149169922e+00 -8.188892155885696411e-02
-7.223896503448486328e+00 7.473742961883544922e+00 4.269458353519439697e-03
-7.361624717712402344e+00 7.591140747070312500e+00 1.117593273520469666e-01
-7.495374202728271484e+00 7.704325675964355469e+00 1.993928998708724976e-01
-7.571345329284667969e+00 7.768233776092529297e+00 2.408374696969985962e-01
-7.726376056671142578e+00 7.898267269134521484e+00 3.164534568786621094e-01
-7.876963615417480469e+00 8.023884773254394531e+00 3.729489445686340332e-01
-7.927541732788085938e+00 8.065886497497558594e+00 3.867301940917968750e-01
-8.121089935302734375e+00 8.226408004760742188e+00 4.330587387084960938e-01
-8.177377700805664062e+00 8.272872924804687500e+00 4.394880533218383789e-01
-8.293083190917968750e+00 8.368283271789550781e+00 4.486060738563537598e-01
-8.505780220031738281e+00 8.543307304382324219e+00 4.498797655105590820e-01
-8.643309593200683594e+00 8.656105995178222656e+00 4.321270287036895752e-01
-8.675447463989257812e+00 8.682427406311035156e+00 4.251068830490112305e-01
-8.879095077514648438e+00 8.849176406860351562e+00 3.762790262699127197e-01
-8.984888076782226562e+00 8.935688972473144531e+00 3.360697031021118164e-01
-9.101902008056640625e+00 9.031372070312500000e+00 2.824523150920867920e-01
-9.193722724914550781e+00 9.106481552124023438e+00 2.319218218326568604e-01
-9.300564765930175781e+00 9.193940162658691406e+00 1.648087203502655029e-01
-9.403601646423339844e+00 9.278392791748046875e+00 8.997428417205810547e-02
-9.506888389587402344e+00 9.363209724426269531e+00 4.138141870498657227e-03
-9.648299217224121094e+00 9.479646682739257812e+00 -1.300831288099288940e-01
-9.801692962646484375e+00 9.629445075988769531e+00 -1.010435074567794800e-02
-9.906421661376953125e+00 9.730538368225097656e+00 5.632208287715911865e-02
-1.014372634887695312e+01 9.958013534545898438e+00 1.853532344102859497e-01
-1.031271076202392578e+01 1.011767387390136719e+01 2.451121211051940918e-01
-1.052242851257324219e+01 1.031406879425048828e+01 2.935805916786193848e-01
-1.059470748901367188e+01 1.038107299804687500e+01 2.997614741325378418e-01
-1.086344432830810547e+01 1.062940788269042969e+01 3.096651136875152588e-01
-1.097641944885253906e+01 1.073258590698242188e+01 2.931121289730072021e-01
-1.115049457550048828e+01 1.089085006713867188e+01 2.539937794208526611e-01
-1.138267230987548828e+01 1.110048961639404297e+01 1.726958155632019043e-01
-1.156794357299804688e+01 1.126625537872314453e+01 7.417003810405731201e-02
-1.167404651641845703e+01 1.136051082611083984e+01 2.751573920249938965e-04
-1.196265316009521484e+01 1.166758728027343750e+01 2.176166176795959473e-01
-1.236630916595458984e+01 1.208266830444335938e+01 4.065625667572021484e-01
-1.248578548431396484e+01 1.220062160491943359e+01 4.234775006771087646e-01
-1.298203086853027344e+01 1.268528747558593750e+01 4.516842663288116455e-01
-1.313039016723632812e+01 1.282356834411621094e+01 4.069408774375915527e-01
-1.347485733032226562e+01 1.314005470275878906e+01 2.651182711124420166e-01
-1.384046840667724609e+01 1.346345710754394531e+01 9.638488292694091797e-03
-1.402137279510498047e+01 1.361518383026123047e+01 -1.889731138944625854e-01
-1.487219715118408203e+01 1.446650028228759766e+01 2.363150268793106079e-01
-1.603129959106445312e+01 1.541953659057617188e+01 8.207598328590393066e-02
-1.712214279174804688e+01 1.607741165161132812e+01 -8.746566772460937500e-01
-1.741844177246093750e+01 1.610839271545410156e+01 -1.628998756408691406e+00
-7.521813964843750000e+01 -1.531373443603515625e+02 -7.678509521484375000e+01
3.832233532483174400e+16 -4.471259060502528000e+15 -4.456938243673292800e+16
nan nan nan
nan nan nan
nan nan nan
nan nan nan
nan nan nan
nan nan nan
nan nan nan
nan nan nan
nan nan nan
nan nan nan
nan nan nan
nan nan nan
nan nan nan
nan nan nan
nan nan nan
nan nan nan
nan nan nan
nan nan nan
nan nan nan
nan nan nan
nan nan nan
nan nan nan
nan nan nan
nan nan nan
nan nan nan
nan nan nan
nan nan nan
nan nan nan
nan nan nan
nan nan nan
nan nan nan
nan nan nan
nan nan nan
nan nan nan
nan nan nan
nan nan nan
nan nan nan
nan nan nan
