2.333826255798339844e+01 -2.266966849565505981e-01 2.054105103015899658e-01
2.318462181091308594e+01 -2.160639911890029907e-01 2.995058596134185791e-01
2.295609664916992188e+01 -2.003939896821975708e-01 4.383657276630401611e-01
2.279909515380859375e+01 -1.897740662097930908e-01 5.325998067855834961e-01
2.262617111206054688e+01 -1.781826615333557129e-01 6.354718208312988281e-01
2.247864723205566406e+01 -1.683904379606246948e-01 7.223414778709411621e-01
2.241103935241699219e+01 -1.639392822980880737e-01 7.617925405502319336e-01
2.223108673095703125e+01 -1.521347314119338989e-01 8.663492202758789062e-01
2.208316421508789062e+01 -1.425251364707946777e-01 9.512885212898254395e-01
2.192197799682617188e+01 -1.321345269680023193e-01 1.042913079261779785e+00
2.178358268737792969e+01 -1.232863813638687134e-01 1.120684146881103516e+00
2.157887649536132812e+01 -1.102883219718933105e-01 1.234543323516845703e+00
2.144404029846191406e+01 -1.018117517232894897e-01 1.308357357978820801e+00
2.135850143432617188e+01 -9.646785259246826172e-02 1.354673147201538086e+00
2.121904945373535156e+01 -8.778903633356094360e-02 1.429641962051391602e+00
2.107462882995605469e+01 -7.885629683732986450e-02 1.506350636482238770e+00
2.092585563659667969e+01 -6.971099972724914551e-02 1.584351301193237305e+00
2.074901199340820312e+01 -5.890649557113647461e-02 1.675786733627319336e+00
2.064807510375976562e+01 -5.278271436691284180e-02 1.727077960968017578e+00
2.050859832763671875e+01 -4.435260966420173645e-02 1.797225952148437500e+00
2.041689109802246094e+01 -3.883768990635871887e-02 1.842674136161804199e+00
2.024024581909179688e+01 -2.824838832020759583e-02 1.929342508316040039e+00
2.011524009704589844e+01 -2.079893648624420166e-02 1.989456057548522949e+00
1.996277618408203125e+01 -1.174845919013023376e-02 2.061691999435424805e+00
1.988529396057128906e+01 -7.169655058532953262e-03 2.097715377807617188e+00
1.970787048339843750e+01 3.292861860245466232e-03 2.179385900497436523e+00
1.958485603332519531e+01 1.051284186542034149e-02 2.234685420989990234e+00
1.947199821472167969e+01 1.711717061698436737e-02 2.284552335739135742e+00
1.937638664245605469e+01 2.269823290407657623e-02 2.326111078262329102e+00
1.928498840332031250e+01 2.802280709147453308e-02 2.365270614624023438e+00
1.914872169494628906e+01 3.594724461436271667e-02 2.422831535339355469e+00
1.896532249450683594e+01 4.658647254109382629e-02 2.498619556427001953e+00
1.885375976562500000e+01 5.303928256034851074e-02 2.543305873870849609e+00
1.880136680603027344e+01 5.606511607766151428e-02 2.563876152038574219e+00
1.867521095275878906e+01 6.334669888019561768e-02 2.612931489944458008e+00
1.858987998962402344e+01 6.826505810022354126e-02 2.645324230194091797e+00
1.845005798339843750e+01 7.631805539131164551e-02 2.697513818740844727e+00
1.829482460021972656e+01 8.524900674819946289e-02 2.753807783126831055e+00
1.820483970642089844e+01 9.042145311832427979e-02 2.785351991653442383e+00
1.806957435607910156e+01 9.819443523883819580e-02 2.831801891326904297e+00
1.795336151123046875e+01 1.048706993460655212e-01 2.870434761047363281e+00
1.790948677062988281e+01 1.073912829160690308e-01 2.884598255157470703e+00
1.777408790588378906e+01 1.151704415678977966e-01 2.927808284759521484e+00
1.765138053894042969e+01 1.222226992249488831e-01 2.965552806854248047e+00
1.755788230895996094e+01 1.275991797447204590e-01 2.993314504623413086e+00
1.748388099670410156e+01 1.318569779396057129e-01 3.014673948287963867e+00
1.732147789001464844e+01 1.412062197923660278e-01 3.060468912124633789e+00
1.724401664733886719e+01 1.456717997789382935e-01 3.081159591674804688e+00
1.719633674621582031e+01 1.484227925539016724e-01 3.093549966812133789e+00
1.705443763732910156e+01 1.566145271062850952e-01 3.129785776138305664e+00
1.698251533508300781e+01 1.607738882303237915e-01 3.147173166275024414e+00
1.683886146545410156e+01 1.690901070833206177e-01 3.180892944335937500e+00
1.679220199584960938e+01 1.717971116304397583e-01 3.191179037094116211e+00
1.667254447937011719e+01 1.787447184324264526e-01 3.216994524002075195e+00
1.657760620117187500e+01 1.842685639858245850e-01 3.236314535140991211e+00
1.643674468994140625e+01 1.924789398908615112e-01 3.263587474822998047e+00
1.634278106689453125e+01 1.979709118604660034e-01 3.280375242233276367e+00
1.625193786621093750e+01 2.032910138368606567e-01 3.295681953430175781e+00
1.616372299194335938e+01 2.084673345088958740e-01 3.309665441513061523e+00
1.605479621887207031e+01 2.148715704679489136e-01 3.325860977172851562e+00
1.601873970031738281e+01 2.169967293739318848e-01 3.330776929855346680e+00
1.587996482849121094e+01 2.251829504966735840e-01 3.349124193191528320e+00
1.579935359954833984e+01 2.299536913633346558e-01 3.358481407165527344e+00
1.570638656616210938e+01 2.354662120342254639e-01 3.368386030197143555e+00
1.563601970672607422e+01 2.396479249000549316e-01 3.375097513198852539e+00
1.553014278411865234e+01 2.459503710269927979e-01 3.384289741516113281e+00
1.547072410583496094e+01 2.494961470365524292e-01 3.388672351837158203e+00
1.536131286621093750e+01 2.560341954231262207e-01 3.395929098129272461e+00
1.524264812469482422e+01 2.631428539752960205e-01 3.402153968811035156e+00
1.517537117004394531e+01 2.671836316585540771e-01 3.404652595520019531e+00
1.508946132659912109e+01 2.723506689071655273e-01 3.407085657119750977e+00
1.503356266021728516e+01 2.757184207439422607e-01 3.408031463623046875e+00
1.490646457672119141e+01 2.833837568759918213e-01 3.409228563308715820e+00
1.481596088409423828e+01 2.888543903827667236e-01 3.408514738082885742e+00
1.478659820556640625e+01 2.906317710876464844e-01 3.407914876937866211e+00
1.467938613891601562e+01 2.971240878105163574e-01 3.405284404754638672e+00
1.458167266845703125e+01 3.030495047569274902e-01 3.401405572891235352e+00
1.448443126678466797e+01 3.089525103569030762e-01 3.396179914474487305e+00
1.442504119873046875e+01 3.125606775283813477e-01 3.392145395278930664e+00
1.435085964202880859e+01 3.170691430568695068e-01 3.386455059051513672e+00
1.429417610168457031e+01 3.205152750015258789e-01 3.381479263305664062e+00
1.418006610870361328e+01 3.274536728858947754e-01 3.370486497879028320e+00
1.411398029327392578e+01 3.314724564552307129e-01 3.362967491149902344e+00
1.399171447753906250e+01 3.389066755771636963e-01 3.347803831100463867e+00
1.393753623962402344e+01 3.421993851661682129e-01 3.340042591094970703e+00
1.388286399841308594e+01 3.455208241939544678e-01 3.331738233566284180e+00
1.375559616088867188e+01 3.532490432262420654e-01 3.311288118362426758e+00
1.370275402069091797e+01 3.564536869525909424e-01 3.301700353622436523e+00
1.361433887481689453e+01 3.618119359016418457e-01 3.284885406494140625e+00
1.352524662017822266e+01 3.672042489051818848e-01 3.266624212265014648e+00
1.346220111846923828e+01 3.710142970085144043e-01 3.252749681472778320e+00
1.337451171875000000e+01 3.763072192668914795e-01 3.232503175735473633e+00
1.333412456512451172e+01 3.787405490875244141e-01 3.222563505172729492e+00
1.327762603759765625e+01 3.821415007114410400e-01 3.208258390426635742e+00
1.314816856384277344e+01 3.899237811565399170e-01 3.174188613891601562e+00
1.309869766235351562e+01 3.928880095481872559e-01 3.160021066665649414e+00
1.301170825958251953e+01 3.980931043624877930e-01 3.134326219558715820e+00
1.295129585266113281e+01 4.016987979412078857e-01 3.115515708923339844e+00
1.286622047424316406e+01 4.067670106887817383e-01 3.088069915771484375e+00
1.283438491821289062e+01 4.086583554744720459e-01 3.077290058135986328e+00
1.276164913177490234e+01 4.129748940467834473e-01 3.052221298217773438e+00
1.264095878601074219e+01 4.201192855834960938e-01 3.008943319320678711e+00
1.259737682342529297e+01 4.226878881454467773e-01 2.992291927337646484e+00
1.253412437438964844e+01 4.264095723628997803e-01 2.967581748962402344e+00
1.242907619476318359e+01 4.325750768184661865e-01 2.925222158432006836e+00
1.235459136962890625e+01 4.369281530380249023e-01 2.893608570098876953e+00
1.230644130706787109e+01 4.397332668304443359e-01 2.872437953948974609e+00
1.224029350280761719e+01 4.435787796974182129e-01 2.842695474624633789e+00
1.215192699432373047e+01 4.487007558345794678e-01 2.801742553710937500e+00
1.212400817871093750e+01 4.503124952316284180e-01 2.788281679153442383e+00
1.203123569488525391e+01 4.556610286235809326e-01 2.742999076843261719e+00
1.195430183410644531e+01 4.600767195224761963e-01 2.703906774520874023e+00
1.189083957672119141e+01 4.637053906917572021e-01 2.670590162277221680e+00
1.182366943359375000e+01 4.675336778163909912e-01 2.634382247924804688e+00
1.175427341461181641e+01 4.714751243591308594e-01 2.595928907394409180e+00
1.171958732604980469e+01 4.734379351139068604e-01 2.576162815093994141e+00
1.163583946228027344e+01 4.781683087348937988e-01 2.527772426605224609e+00
1.159388160705566406e+01 4.805274009704589844e-01 2.502715587615966797e+00
1.152984905242919922e+01 4.841192364692687988e-01 2.463846683502197266e+00
1.142777442932128906e+01 4.898243546485900879e-01 2.400341033935546875e+00
1.136412143707275391e+01 4.933611452579498291e-01 2.359179973602294922e+00
1.133248138427734375e+01 4.951125681400299072e-01 2.338229656219482422e+00
1.124960994720458984e+01 4.996912479400634766e-01 2.282711982727050781e+00
1.121313667297363281e+01 5.016962885856628418e-01 2.257527112960815430e+00
1.113385868072509766e+01 5.060447454452514648e-01 2.202058315277099609e+00
1.108272838592529297e+01 5.088354349136352539e-01 2.165254116058349609e+00
1.100961017608642578e+01 5.128133296966552734e-01 2.111661911010742188e+00
1.093784713745117188e+01 5.166992545127868652e-01 2.057697772979736328e+00
1.086583995819091797e+01 5.205802321434020996e-01 2.002186059951782227e+00
1.081934165954589844e+01 5.230744481086730957e-01 1.965443730354309082e+00
1.073880195617675781e+01 5.273811817169189453e-01 1.900788545608520508e+00
1.071857738494873047e+01 5.284567475318908691e-01 1.884106278419494629e+00
1.063793468475341797e+01 5.327395200729370117e-01 1.817135930061340332e+00
1.056119346618652344e+01 5.367924571037292480e-01 1.751673579216003418e+00
1.053399372100830078e+01 5.382212400436401367e-01 1.727877855300903320e+00
1.045021247863769531e+01 5.426136255264282227e-01 1.653927922248840332e+00
1.041598129272460938e+01 5.443975329399108887e-01 1.622880101203918457e+00
1.032458496093750000e+01 5.491487383842468262e-01 1.539061784744262695e+00
1.027727413177490234e+01 5.515917539596557617e-01 1.494384288787841797e+00
1.022490406036376953e+01 5.542865991592407227e-01 1.444178938865661621e+00
1.015823364257812500e+01 5.577039718627929688e-01 1.379195570945739746e+00
1.011467838287353516e+01 5.599253177642822266e-01 1.335842728614807129e+00
1.007184219360351562e+01 5.621027946472167969e-01 1.292620539665222168e+00
1.001485443115234375e+01 5.649901628494262695e-01 1.234346508979797363e+00
9.947340011596679688e+00 5.683959126472473145e-01 1.164075493812561035e+00
9.894907951354980469e+00 5.710269808769226074e-01 1.108353734016418457e+00
9.823553085327148438e+00 5.745930075645446777e-01 1.031290292739868164e+00
9.785151481628417969e+00 5.765014290809631348e-01 9.889014363288879395e-01
9.732449531555175781e+00 5.791125297546386719e-01 9.300429821014404297e-01
9.681377410888671875e+00 5.816323161125183105e-01 8.720846772193908691e-01
9.641656875610351562e+00 5.835840106010437012e-01 8.263073563575744629e-01
9.588783264160156250e+00 5.861737132072448730e-01 7.646363973617553711e-01
9.512943267822265625e+00 5.898724198341369629e-01 6.747606396675109863e-01
9.469318389892578125e+00 5.919868946075439453e-01 6.218735575675964355e-01
9.413650512695312500e+00 5.946754217147827148e-01 5.535023808479309082e-01
9.346172332763671875e+00 5.979194641113281250e-01 4.692398905754089355e-01
9.300783157348632812e+00 6.000894308090209961e-01 4.114127755165100098e-01
9.266275405883789062e+00 6.017329692840576172e-01 3.668541610240936279e-01
9.199336051940917969e+00 6.049120426177978516e-01 2.795316874980926514e-01
9.141157150268554688e+00 6.076596379280090332e-01 2.021229565143585205e-01
9.123530387878417969e+00 6.084880828857421875e-01 1.782645583152770996e-01
9.044466972351074219e+00 6.121984124183654785e-01 7.069436460733413696e-02
9.016558647155761719e+00 6.134994029998779297e-01 3.183200582861900330e-02
8.964618682861328125e+00 6.182108521461486816e-01 1.141708791255950928e-01
8.925450325012207031e+00 6.216948032379150391e-01 1.721844077110290527e-01
8.882670402526855469e+00 6.254485249519348145e-01 2.324963808059692383e-01
8.833658218383789062e+00 6.296893358230590820e-01 2.980458140373229980e-01
8.799032211303710938e+00 6.326406002044677734e-01 3.416925370693206787e-01
8.770305633544921875e+00 6.350646018981933594e-01 3.764491677284240723e-01
8.708304405212402344e+00 6.402547955513000488e-01 4.489864110946655273e-01
8.674508094787597656e+00 6.430374979972839355e-01 4.857596457004547119e-01
8.605272293090820312e+00 6.486901044845581055e-01 5.582200288772583008e-01
8.582073211669921875e+00 6.505528092384338379e-01 5.806280970573425293e-01
8.536953926086425781e+00 6.541564464569091797e-01 6.230672001838684082e-01
8.497214317321777344e+00 6.572986245155334473e-01 6.585481762886047363e-01
8.415086746215820312e+00 6.637368202209472656e-01 7.285740375518798828e-01
8.362879753112792969e+00 6.677595973014831543e-01 7.689596414566040039e-01
8.346552848815917969e+00 6.690045595169067383e-01 7.808219194412231445e-01
8.281712532043457031e+00 6.739328503608703613e-01 8.270098567008972168e-01
8.230016708374023438e+00 6.778129935264587402e-01 8.609840273857116699e-01
8.162151336669921875e+00 6.828572750091552734e-01 9.027323722839355469e-01
8.128691673278808594e+00 6.853131651878356934e-01 9.215373396873474121e-01
8.075819015502929688e+00 6.891703605651855469e-01 9.499172568321228027e-01
8.023007392883300781e+00 6.929866075515747070e-01 9.762027859687805176e-01
7.965064048767089844e+00 6.971346139907836914e-01 1.002846479415893555e+00
7.901746749877929688e+00 7.016214132308959961e-01 1.029397964477539062e+00
7.832982063293457031e+00 7.064408063888549805e-01 1.055272102355957031e+00
7.797390937805175781e+00 7.089057564735412598e-01 1.067042469978332520e+00
7.748356342315673828e+00 7.122811079025268555e-01 1.082127571105957031e+00
7.709469318389892578e+00 7.149356007575988770e-01 1.092870354652404785e+00
7.647672653198242188e+00 7.191260457038879395e-01 1.108425259590148926e+00
7.556867599487304688e+00 7.252190709114074707e-01 1.127782583236694336e+00
7.531551837921142578e+00 7.268916964530944824e-01 1.131768822669982910e+00
7.478048324584960938e+00 7.304114103317260742e-01 1.139374136924743652e+00
7.423150062561035156e+00 7.339898943901062012e-01 1.145409584045410156e+00
7.348203182220458984e+00 7.388291358947753906e-01 1.151189088821411133e+00
7.300504684448242188e+00 7.418690919876098633e-01 1.152741909027099609e+00
7.235535621643066406e+00 7.459750175476074219e-01 1.153021335601806641e+00
7.161552429199218750e+00 7.505967617034912109e-01 1.150494933128356934e+00
7.145600795745849609e+00 7.515799403190612793e-01 1.149250984191894531e+00
7.086533069610595703e+00 7.552099227905273438e-01 1.144084572792053223e+00
7.010521411895751953e+00 7.598300576210021973e-01 1.134760856628417969e+00
6.972791194915771484e+00 7.620903253555297852e-01 1.128411769866943359e+00
6.894405364990234375e+00 7.667515277862548828e-01 1.113429307937622070e+00
6.831976413726806641e+00 7.704059481620788574e-01 1.098503589630126953e+00
6.780298709869384766e+00 7.733920812606811523e-01 1.084141731262207031e+00
6.743138313293457031e+00 7.755156755447387695e-01 1.072600603103637695e+00
6.665142059326171875e+00 7.799366116523742676e-01 1.046517491340637207e+00
6.624752998352050781e+00 7.821856737136840820e-01 1.030955433845520020e+00
6.558590888977050781e+00 7.858348488807678223e-01 1.003674626350402832e+00
6.496930599212646484e+00 7.891811132431030273e-01 9.754629731178283691e-01
6.464751243591308594e+00 7.909000515937805176e-01 9.593424797058105469e-01
6.411558628082275391e+00 7.937171459197998047e-01 9.314562678337097168e-01
6.367979049682617188e+00 7.959915399551391602e-01 9.068949818611145020e-01
6.321014881134033203e+00 7.984119653701782227e-01 8.788662552833557129e-01
6.243940353393554688e+00 8.023285865783691406e-01 8.300274014472961426e-01
6.192520618438720703e+00 8.048782348632812500e-01 7.942123413085937500e-01
6.152439117431640625e+00 8.068310618400573730e-01 7.645238041877746582e-01
6.092179775238037109e+00 8.097247481346130371e-01 7.177299261093139648e-01
6.063290119171142578e+00 8.110803961753845215e-01 6.936745047569274902e-01
6.024093627929687500e+00 8.128980994224548340e-01 6.599307656288146973e-01
5.975021362304687500e+00 8.151360154151916504e-01 6.157446503639221191e-01
5.908093452453613281e+00 8.181207776069641113e-01 5.520153045654296875e-01
5.880712985992431641e+00 8.193018436431884766e-01 5.238863229751586914e-01
5.806869983673095703e+00 8.224400877952575684e-01 4.455986022949218750e-01
5.766770839691162109e+00 8.240713477134704590e-01 3.993319869041442871e-01
5.717790126800537109e+00 8.260108828544616699e-01 3.400976955890655518e-01
5.681830406188964844e+00 8.273839950561523438e-01 2.940042912960052490e-01
5.661137580871582031e+00 8.281509876251220703e-01 2.662949264049530029e-01
5.611700057983398438e+00 8.299496769905090332e-01 1.983734220266342163e-01
5.570732116699218750e+00 8.313696384429931641e-01 1.384850293397903442e-01
5.525083065032958984e+00 8.328803181648254395e-01 6.810463964939117432e-02
5.476170063018798828e+00 8.344053030014038086e-01 -1.208267360925674438e-02
5.436399459838867188e+00 8.363986015319824219e-01 3.630611672997474670e-02
5.408302783966064453e+00 8.377813696861267090e-01 6.893025338649749756e-02
5.365886211395263672e+00 8.398427963256835938e-01 1.166052371263504028e-01
5.285161495208740234e+00 8.436936140060424805e-01 2.030101865530014038e-01
5.247363090515136719e+00 8.454353809356689453e-01 2.398786544799804688e-01
5.213778495788574219e+00 8.469586968421936035e-01 2.712668776512145996e-01
5.133275508880615234e+00 8.505595326423645020e-01 3.437070846557617188e-01
5.088742256164550781e+00 8.524867892265319824e-01 3.802504539489746094e-01
5.023970603942871094e+00 8.552395701408386230e-01 4.307561814785003662e-01
4.974935054779052734e+00 8.572697043418884277e-01 4.662099182605743408e-01
4.930306434631347656e+00 8.590811491012573242e-01 4.966571331024169922e-01
4.872607231140136719e+00 8.613812923431396484e-01 5.339592695236206055e-01
4.817926883697509766e+00 8.635109066963195801e-01 5.668720602989196777e-01
4.782286643981933594e+00 8.648685812950134277e-01 5.868766903877258301e-01
4.684655189514160156e+00 8.685341477394104004e-01 6.391731500625610352e-01
4.623843669891357422e+00 8.707276582717895508e-01 6.676073074340820312e-01
4.597198963165283203e+00 8.716646432876586914e-01 6.789886951446533203e-01
4.513939380645751953e+00 8.745595812797546387e-01 7.131149172782897949e-01
4.445865631103515625e+00 8.768434524536132812e-01 7.374107241630554199e-01
4.432717323303222656e+00 8.772715330123901367e-01 7.415520548820495605e-01
4.358026504516601562e+00 8.796890377998352051e-01 7.644841074943542480e-01
4.285581588745117188e+00 8.819553256034851074e-01 7.834889888763427734e-01
4.233181476593017578e+00 8.835394978523254395e-01 7.950139641761779785e-01
4.144180297851562500e+00 8.861623406410217285e-01 8.119059801101684570e-01
4.120834827423095703e+00 8.868200182914733887e-01 8.151574134826660156e-01
4.049513339996337891e+00 8.888047337532043457e-01 8.241574764251708984e-01
3.971148967742919922e+00 8.909028768539428711e-01 8.309293389320373535e-01
3.906235694885253906e+00 8.925649523735046387e-01 8.337250947952270508e-01
3.878778219223022461e+00 8.932409882545471191e-01 8.339268565177917480e-01
3.810972213745117188e+00 8.948818445205688477e-01 8.334023356437683105e-01
3.753510475158691406e+00 8.962121009826660156e-01 8.308175802230834961e-01
3.673622369766235352e+00 8.979893326759338379e-01 8.246983885765075684e-01
3.610285282135009766e+00 8.993173241615295410e-01 8.170519471168518066e-01
3.538657188415527344e+00 9.007446765899658203e-01 8.058795332908630371e-01
3.470618486404418945e+00 9.020186066627502441e-01 7.925288081169128418e-01
3.445424556732177734e+00 9.024606943130493164e-01 7.866094708442687988e-01
3.365335226058959961e+00 9.038303494453430176e-01 7.666296362876892090e-01
3.307033538818359375e+00 9.047433137893676758e-01 7.493658661842346191e-01
3.226738452911376953e+00 9.059131741523742676e-01 7.228047847747802734e-01
3.184415817260742188e+00 9.064642190933227539e-01 7.067387104034423828e-01
3.139045715332031250e+00 9.070163369178771973e-01 6.883172392845153809e-01
3.047032117843627930e+00 9.080500006675720215e-01 6.483033895492553711e-01
2.988368034362792969e+00 9.085937738418579102e-01 6.192656159400939941e-01
2.967677354812622070e+00 9.087581038475036621e-01 6.081970930099487305e-01
2.876532554626464844e+00 9.094378948211669922e-01 5.581189990043640137e-01
2.820459365844726562e+00 9.097328186035156250e-01 5.236407518386840820e-01
2.775529146194458008e+00 9.099042415618896484e-01 4.941067099571228027e-01
2.725234031677246094e+00 9.100350737571716309e-01 4.592679142951965332e-01
2.682970285415649414e+00 9.100851416587829590e-01 4.282574951648712158e-01
2.627732992172241211e+00 9.100818037986755371e-01 3.857452273368835449e-01
2.572121620178222656e+00 9.099836945533752441e-01 3.402266204357147217e-01
2.527255535125732422e+00 9.098230600357055664e-01 3.011758625507354736e-01
2.449450492858886719e+00 9.094235897064208984e-01 2.300202548503875732e-01
2.425720453262329102e+00 9.092335700988769531e-01 2.063869982957839966e-01
2.373996257781982422e+00 9.087702631950378418e-01 1.534938514232635498e-01
2.322534561157226562e+00 9.081981778144836426e-01 9.774822741746902466e-02
2.254809856414794922e+00 9.072886109352111816e-01 2.000039070844650269e-02
2.229728937149047852e+00 9.068683981895446777e-01 -1.111660152673721313e-02
2.173691272735595703e+00 9.068917632102966309e-01 4.730648547410964966e-02
2.085881233215332031e+00 9.068258404731750488e-01 1.331925690174102783e-01
2.058843135833740234e+00 9.067586660385131836e-01 1.571284681558609009e-01
1.983254313468933105e+00 9.065319895744323730e-01 2.220582067966461182e-01
1.913863778114318848e+00 9.062271118164062500e-01 2.767865657806396484e-01
1.896788835525512695e+00 9.061310291290283203e-01 2.892310619354248047e-01
1.816849470138549805e+00 9.056572914123535156e-01 3.463717103004455566e-01
1.752716422080993652e+00 9.051895737648010254e-01 3.881313502788543701e-01
1.679872155189514160e+00 9.045802354812622070e-01 4.320626556873321533e-01
1.607082486152648926e+00 9.038845300674438477e-01 4.721764028072357178e-01
1.590377092361450195e+00 9.037052989006042480e-01 4.805556535720825195e-01
1.509424090385437012e+00 9.028150439262390137e-01 5.202721357345581055e-01
1.442310214042663574e+00 9.019909501075744629e-01 5.496989488601684570e-01
1.349273681640625000e+00 9.007505178451538086e-01 5.866281390190124512e-01
1.294211387634277344e+00 8.999366164207458496e-01 6.054223775863647461e-01
1.218620896339416504e+00 8.987544775009155273e-01 6.288182735443115234e-01
1.194414377212524414e+00 8.983474969863891602e-01 6.352760195732116699e-01
1.133359313011169434e+00 8.972977995872497559e-01 6.507446169853210449e-01
1.015122413635253906e+00 8.951522111892700195e-01 6.767381429672241211e-01
9.818396568298339844e-01 8.944867849349975586e-01 6.819382309913635254e-01
8.960995078086853027e-01 8.927271366119384766e-01 6.938288211822509766e-01
8.550238609313964844e-01 8.918280005455017090e-01 6.976823210716247559e-01
7.648379802703857422e-01 8.897938728332519531e-01 7.042227983474731445e-01
6.749384999275207520e-01 8.876339793205261230e-01 7.065622210502624512e-01
6.193178296089172363e-01 8.862144947052001953e-01 7.054446935653686523e-01
5.643234252929687500e-01 8.847589492797851562e-01 7.027718424797058105e-01
4.698528051376342773e-01 8.821687102317810059e-01 6.955127716064453125e-01
4.448133111000061035e-01 8.814405202865600586e-01 6.923692822456359863e-01
3.575599789619445801e-01 8.788634538650512695e-01 6.802806854248046875e-01
2.835771739482879639e-01 8.765599131584167480e-01 6.666588783264160156e-01
2.458995878696441650e-01 8.753339052200317383e-01 6.582450866699218750e-01
1.777499169111251831e-01 8.730661273002624512e-01 6.416479945182800293e-01
7.777101546525955200e-02 8.696034550666809082e-01 6.135990023612976074e-01
8.894681930541992188e-03 8.670758605003356934e-01 5.904540419578552246e-01
-7.496741414070129395e-02 8.638730049133300781e-01 5.589696168899536133e-01
-1.055163964629173279e-01 8.626483678817749023e-01 5.459929704666137695e-01
-1.728435307741165161e-01 8.599007725715637207e-01 5.161468982696533203e-01
-2.507826685905456543e-01 8.565929532051086426e-01 4.783515036106109619e-01
-3.224858641624450684e-01 8.534077405929565430e-01 4.399952292442321777e-01
-3.745845258235931396e-01 8.509929180145263672e-01 4.096221625804901123e-01
-4.421527385711669922e-01 8.477612733840942383e-01 3.677697181701660156e-01
-4.835701584815979004e-01 8.456971645355224609e-01 3.400799334049224854e-01
-5.695921778678894043e-01 8.412983417510986328e-01 2.798592746257781982e-01
-6.145410537719726562e-01 8.388721942901611328e-01 2.453155517578125000e-01
-6.818246841430664062e-01 8.351328372955322266e-01 1.910398900508880615e-01
-7.434291839599609375e-01 8.315529823303222656e-01 1.376452445983886719e-01
-7.705834507942199707e-01 8.299070596694946289e-01 1.125106662511825562e-01
-8.521806597709655762e-01 8.248651027679443359e-01 3.473889827728271484e-02
-9.224884510040283203e-01 8.202574849128723145e-01 -3.840377181768417358e-02
-9.429607987403869629e-01 8.190727829933166504e-01 -2.058924734592437744e-02
-1.006436705589294434e+00 8.153792023658752441e-01 3.342755511403083801e-02
-1.075458526611328125e+00 8.112957477569580078e-01 8.820466697216033936e-02
-1.136032462120056152e+00 8.076494932174682617e-01 1.327478140592575073e-01
-1.243053078651428223e+00 8.011118769645690918e-01 2.063101381063461304e-01
-1.313219785690307617e+00 7.967178821563720703e-01 2.489639967679977417e-01
-1.360195279121398926e+00 7.937293052673339844e-01 2.752500772476196289e-01
-1.448401689529418945e+00 7.880589962005615234e-01 3.218768537044525146e-01
-1.492155790328979492e+00 7.851923108100891113e-01 3.425564765930175781e-01
-1.575813889503479004e+00 7.796599268913269043e-01 3.798728585243225098e-01
-1.650805950164794922e+00 7.746133208274841309e-01 4.096239507198333740e-01
-1.710983633995056152e+00 7.705007195472717285e-01 4.309385120868682861e-01
-1.802045822143554688e+00 7.642007470130920410e-01 4.601765275001525879e-01
-1.892454504966735840e+00 7.578306794166564941e-01 4.847925901412963867e-01
-1.974435925483703613e+00 7.519496679306030273e-01 5.032600760459899902e-01
-2.011812925338745117e+00 7.492245435714721680e-01 5.101248621940612793e-01
-2.126207828521728516e+00 7.408220171928405762e-01 5.289990901947021484e-01
-2.184924840927124023e+00 7.364113330841064453e-01 5.353720188140869141e-01
-2.260477542877197266e+00 7.306697368621826172e-01 5.414153337478637695e-01
-2.308425188064575195e+00 7.269711494445800781e-01 5.435014963150024414e-01
-2.422351837158203125e+00 7.180986404418945312e-01 5.458337068557739258e-01
-2.475044488906860352e+00 7.139011621475219727e-01 5.440367460250854492e-01
-2.560099601745605469e+00 7.070531845092773438e-01 5.389887094497680664e-01
-2.620058298110961914e+00 7.021417617797851562e-01 5.329802632331848145e-01
-2.703033447265625000e+00 6.952605247497558594e-01 5.222604274749755859e-01
-2.804469585418701172e+00 6.867019534111022949e-01 5.050553083419799805e-01
-2.880860090255737305e+00 6.801170110702514648e-01 4.882709383964538574e-01
-2.947915792465209961e+00 6.742402911186218262e-01 4.709579050540924072e-01
-3.034546136856079102e+00 6.665346622467041016e-01 4.456099271774291992e-01
-3.124415636062622070e+00 6.583831906318664551e-01 4.152316749095916748e-01
-3.149345159530639648e+00 6.560743451118469238e-01 4.055940806865692139e-01
-3.234230518341064453e+00 6.481655836105346680e-01 3.716021776199340820e-01
-3.313361644744873047e+00 6.406398415565490723e-01 3.361122012138366699e-01
-3.402662754058837891e+00 6.319764852523803711e-01 2.918997108936309814e-01
-3.479601144790649414e+00 6.243368983268737793e-01 2.495799958705902100e-01
-3.544112443923950195e+00 6.177956461906433105e-01 2.108806222677230835e-01
-3.621983051300048828e+00 6.097538471221923828e-01 1.607498675584793091e-01
-3.676756858825683594e+00 6.039655804634094238e-01 1.224362701177597046e-01
-3.763370990753173828e+00 5.946557521820068359e-01 5.825743824243545532e-02
-3.791183471679687500e+00 5.915812849998474121e-01 3.571738302707672119e-02
-3.895341634750366211e+00 5.797939300537109375e-01 1.155835837125778198e-01
-3.935794830322265625e+00 5.751781463623046875e-01 1.431946009397506714e-01
-4.022927284240722656e+00 5.652033090591430664e-01 2.000369429588317871e-01
-4.089920043945312500e+00 5.574797987937927246e-01 2.395871877670288086e-01
-4.202203273773193359e+00 5.444632768630981445e-01 3.008538484573364258e-01
-4.258190631866455078e+00 5.379130244255065918e-01 3.274396955966949463e-01
-4.332139492034912109e+00 5.292204618453979492e-01 3.600954413414001465e-01
-4.459704399108886719e+00 5.141316056251525879e-01 4.110136926174163818e-01
-4.491885662078857422e+00 5.102840065956115723e-01 4.216080009937286377e-01
-4.613684177398681641e+00 4.956806302070617676e-01 4.596452414989471436e-01
-4.725042343139648438e+00 4.821877777576446533e-01 4.874585866928100586e-01
-4.802762508392333984e+00 4.726776182651519775e-01 5.025962591171264648e-01
-4.877384185791015625e+00 4.634820520877838135e-01 5.143402218818664551e-01
-4.930193901062011719e+00 4.569295048713684082e-01 5.207854509353637695e-01
-5.066700935363769531e+00 4.399080276489257812e-01 5.340701341629028320e-01
-5.123117923736572266e+00 4.327823817729949951e-01 5.359942913055419922e-01
-5.199082374572753906e+00 4.231347143650054932e-01 5.366179347038269043e-01
-5.347422599792480469e+00 4.041527509689331055e-01 5.326754450798034668e-01
-5.372753620147705078e+00 4.008624851703643799e-01 5.302822589874267578e-01
-5.506257057189941406e+00 3.834749758243560791e-01 5.161110162734985352e-01
-5.569170475006103516e+00 3.751636743545532227e-01 5.055436491966247559e-01
-5.692232608795166016e+00 3.587915003299713135e-01 4.812298119068145752e-01
-5.759510993957519531e+00 3.497137725353240967e-01 4.639812111854553223e-01
-5.871033668518066406e+00 3.345438241958618164e-01 4.317096769809722900e-01
-5.934426784515380859e+00 3.258005678653717041e-01 4.098152220249176025e-01
-6.004586219787597656e+00 3.160437047481536865e-01 3.832736611366271973e-01
-6.133335590362548828e+00 2.979686260223388672e-01 3.297504484653472900e-01
-6.183326244354248047e+00 2.908222675323486328e-01 3.053990900516510010e-01
-6.292730331420898438e+00 2.750644385814666748e-01 2.489066570997238159e-01
-6.373597621917724609e+00 2.632159888744354248e-01 2.017643302679061890e-01
-6.436041355133056641e+00 2.539419829845428467e-01 1.620824784040451050e-01
-6.511168956756591797e+00 2.426597625017166138e-01 1.111217886209487915e-01
-6.575916290283203125e+00 2.327988892793655396e-01 6.368331611156463623e-02
-6.668220043182373047e+00 2.185592204332351685e-01 -8.547611534595489502e-03
-6.757301807403564453e+00 2.038613259792327881e-01 5.233093723654747009e-02
-6.823537349700927734e+00 1.929140090942382812e-01 9.343557059764862061e-02
-6.956879138946533203e+00 1.708420515060424805e-01 1.703682988882064819e-01
-7.016290187835693359e+00 1.609755009412765503e-01 1.997587829828262329e-01
-7.144113063812255859e+00 1.397112160921096802e-01 2.586350440979003906e-01
-7.260625362396240234e+00 1.202542334794998169e-01 3.041475415229797363e-01
-7.361310482025146484e+00 1.033755838871002197e-01 3.374436795711517334e-01
-7.451931953430175781e+00 8.812952786684036255e-02 3.629335165023803711e-01
-7.553761005401611328e+00 7.093949615955352783e-02 3.871999979019165039e-01
-7.652825832366943359e+00 5.414902418851852417e-02 4.061571955680847168e-01
-7.748082637786865234e+00 3.793785721063613892e-02 4.201417863368988037e-01
-7.809957027435302734e+00 2.736440673470497131e-02 4.266245961189270020e-01
-7.908653259277343750e+00 1.045149192214012146e-02 4.343031048774719238e-01
-8.053513526916503906e+00 -1.448598876595497131e-02 4.393916428089141846e-01
-8.168286323547363281e+00 -3.438239544630050659e-02 4.362919032573699951e-01
-8.250860214233398438e+00 -4.878196120262145996e-02 4.300012588500976562e-01
-8.403269767761230469e+00 -7.547934353351593018e-02 4.129695296287536621e-01
-8.449975013732910156e+00 -8.373138308525085449e-02 4.046548306941986084e-01
-8.555347442626953125e+00 -1.024016588926315308e-01 3.837162554264068604e-01
-8.711528778076171875e+00 -1.302566230297088623e-01 3.453013300895690918e-01
-8.785352706909179688e+00 -1.435594111680984497e-01 3.218220174312591553e-01
-8.849262237548828125e+00 -1.551365405321121216e-01 2.992297708988189697e-01
-8.964215278625488281e+00 -1.760599613189697266e-01 2.549712359905242920e-01
-9.094491004943847656e+00 -1.999859958887100220e-01 1.971868872642517090e-01
-9.174114227294921875e+00 -2.147707045078277588e-01 1.562835574150085449e-01
-9.284096717834472656e+00 -2.353422045707702637e-01 9.476494044065475464e-02
-9.402239799499511719e+00 -2.576793134212493896e-01 2.080643177032470703e-02
-9.472729682922363281e+00 -2.711766958236694336e-01 -2.878540754318237305e-02
-9.578261375427246094e+00 -2.929318547248840332e-01 3.945238143205642700e-02
-9.664102554321289062e+00 -3.106036782264709473e-01 8.897539973258972168e-02
-9.775371551513671875e+00 -3.334944248199462891e-01 1.473349332809448242e-01
-9.918759346008300781e+00 -3.629770278930664062e-01 2.134116590023040771e-01
-1.001759147644042969e+01 -3.832950592041015625e-01 2.514235079288482666e-01
-1.015829086303710938e+01 -4.122285246849060059e-01 2.986154854297637939e-01
-1.029915046691894531e+01 -4.412160515785217285e-01 3.364583849906921387e-01
-1.037995624542236328e+01 -4.578642845153808594e-01 3.530278801918029785e-01
-1.051581096649169922e+01 -4.858788251876831055e-01 3.760893046855926514e-01
-1.071243190765380859e+01 -5.264913439750671387e-01 3.980494141578674316e-01
-1.081934928894042969e+01 -5.486383438110351562e-01 4.012317061424255371e-01
-1.096151638031005859e+01 -5.781430602073669434e-01 3.992140591144561768e-01
-1.106552505493164062e+01 -5.997885465621948242e-01 3.916725814342498779e-01
-1.121711444854736328e+01 -6.314075589179992676e-01 3.741790056228637695e-01
-1.132063579559326172e+01 -6.530775427818298340e-01 3.556905984878540039e-01
-1.141872787475585938e+01 -6.736670136451721191e-01 3.338484466075897217e-01
-1.157905101776123047e+01 -7.074120640754699707e-01 2.913090884685516357e-01
-1.172536754608154297e+01 -7.383590936660766602e-01 2.419693619012832642e-01
-1.181308841705322266e+01 -7.570055127143859863e-01 2.063316702842712402e-01
-1.198121166229248047e+01 -7.928611040115356445e-01 1.306957900524139404e-01
-1.204700565338134766e+01 -8.069896697998046875e-01 9.528815746307373047e-02
-1.217532348632812500e+01 -8.346283435821533203e-01 2.144949883222579956e-02
-1.233671092987060547e+01 -8.696113228797912598e-01 -8.382479846477508545e-02
-1.242664146423339844e+01 -8.907067179679870605e-01 -3.568391874432563782e-02
-1.262538433074951172e+01 -9.371760487556457520e-01 6.048146262764930725e-02
-1.279246902465820312e+01 -9.760007858276367188e-01 1.238153129816055298e-01
-1.289080715179443359e+01 -9.987574219703674316e-01 1.532379090785980225e-01
-1.309331226348876953e+01 -1.045525312423706055e+00 2.048465162515640259e-01
-1.331996536254882812e+01 -1.097677946090698242e+00 2.428066730499267578e-01
-1.344303798675537109e+01 -1.125903725624084473e+00 2.519806027412414551e-01
-1.353906345367431641e+01 -1.147895693778991699e+00 2.544180750846862793e-01
-1.373319816589355469e+01 -1.192313909530639648e+00 2.519544064998626709e-01
-1.399257087707519531e+01 -1.251554131507873535e+00 2.287641018629074097e-01
-1.411760425567626953e+01 -1.280057549476623535e+00 2.046357244253158569e-01
-1.423324012756347656e+01 -1.306401610374450684e+00 1.763583421707153320e-01
-1.444222450256347656e+01 -1.353987932205200195e+00 1.150078326463699341e-01
-1.465620613098144531e+01 -1.402673840522766113e+00 3.243362158536911011e-02
-1.482226848602294922e+01 -1.440436244010925293e+00 -4.863198101520538330e-02
-1.501778125762939453e+01 -1.487604856491088867e+00 3.174282610416412354e-02
-1.528121948242187500e+01 -1.550465106964111328e+00 1.140750870108604431e-01
-1.546028709411621094e+01 -1.592648386955261230e+00 1.485492438077926636e-01
-1.571805667877197266e+01 -1.652908444404602051e+00 1.786266863346099854e-01
-1.596090030670166016e+01 -1.709097266197204590e+00 1.815236657857894897e-01
-1.618754768371582031e+01 -1.761059999465942383e+00 1.623337268829345703e-01
-1.651409530639648438e+01 -1.835298299789428711e+00 1.050486266613006592e-01
-1.676747512817382812e+01 -1.892189621925354004e+00 2.633330971002578735e-02
-1.705186080932617188e+01 -1.955381393432617188e+00 -9.436626732349395752e-02
-1.729403495788574219e+01 -2.011438608169555664e+00 -3.250652924180030823e-02
-1.785349082946777344e+01 -2.138409614562988281e+00 5.027789250016212463e-02
-1.821134185791015625e+01 -2.216313123703002930e+00 2.241327799856662750e-02
-1.996671485900878906e+01 -2.598705768585205078e+00 -2.160940170288085938e-01
-2.914183807373046875e+01 -3.836779832839965820e+00 -1.148734283447265625e+01
-5.251536875000000000e+05 6.487716796875000000e+03 -3.079395937500000000e+05
-4.748137431017347403e+22 6.084400814224419324e+21 -5.403686346736986908e+22
nan nan nan
nan nan nan
nan nan nan
nan nan nan
