2.336706542968750000e+01 -2.244663238525390625e-01 1.956965476274490356e-01
2.325462341308593750e+01 -2.165293395519256592e-01 2.652542889118194580e-01
2.300555419921875000e+01 -1.990194171667098999e-01 4.185402393341064453e-01
2.292185974121093750e+01 -1.931877583265304565e-01 4.694344401359558105e-01
2.280895423889160156e+01 -1.853424459695816040e-01 5.377993583679199219e-01
2.261435317993164062e+01 -1.718696951866149902e-01 6.549363136291503906e-01
2.245371246337890625e+01 -1.608161330223083496e-01 7.506068944931030273e-01
2.235542106628417969e+01 -1.540848165750503540e-01 8.086037039756774902e-01
2.216316413879394531e+01 -1.409542113542556763e-01 9.213763475418090820e-01
2.199083900451660156e+01 -1.292458027601242065e-01 1.021245837211608887e+00
2.190115165710449219e+01 -1.231781467795372009e-01 1.072633147239685059e+00
2.176673889160156250e+01 -1.141031756997108459e-01 1.149170756340026855e+00
2.163267898559570312e+01 -1.050785779953002930e-01 1.224778175354003906e+00
2.143632316589355469e+01 -9.189622104167938232e-02 1.334421277046203613e+00
2.139657402038574219e+01 -8.923747390508651733e-02 1.356279253959655762e+00
2.122403907775878906e+01 -7.770432531833648682e-02 1.450850009918212891e+00
2.111372756958007812e+01 -7.035063207149505615e-02 1.510448098182678223e+00
2.092179679870605469e+01 -5.757500976324081421e-02 1.613147139549255371e+00
2.087641525268554688e+01 -5.456123128533363342e-02 1.637007832527160645e+00
2.071993446350097656e+01 -4.417411983013153076e-02 1.718925237655639648e+00
2.059715270996093750e+01 -3.603531792759895325e-02 1.782222628593444824e+00
2.042852783203125000e+01 -2.486710622906684875e-02 1.868064999580383301e+00
2.037297821044921875e+01 -2.119112201035022736e-02 1.895836710929870605e+00
2.021272087097167969e+01 -1.058786828070878983e-02 1.975460648536682129e+00
2.014310455322265625e+01 -5.983153358101844788e-03 2.009416580200195312e+00
1.994964790344238281e+01 6.813067942857742310e-03 2.102991342544555664e+00
1.986779403686523438e+01 1.222877018153667450e-02 2.141637802124023438e+00
1.975076293945312500e+01 1.997454091906547546e-02 2.196302652359008789e+00
1.965509223937988281e+01 2.631060034036636353e-02 2.240286588668823242e+00
1.955140876770019531e+01 3.318215161561965942e-02 2.287317991256713867e+00
1.945187950134277344e+01 3.978421539068222046e-02 2.331788301467895508e+00
1.930760383605957031e+01 4.936432838439941406e-02 2.395292043685913086e+00
1.916864013671875000e+01 5.860738456249237061e-02 2.455083608627319336e+00
1.911224555969238281e+01 6.236577406525611877e-02 2.478796243667602539e+00
1.896087837219238281e+01 7.246253639459609985e-02 2.541827678680419922e+00
1.891735267639160156e+01 7.537341862916946411e-02 2.559469461441040039e+00
1.874643135070800781e+01 8.681344985961914062e-02 2.628188133239746094e+00
1.869140625000000000e+01 9.050900489091873169e-02 2.649592638015747070e+00
1.858601379394531250e+01 9.759613126516342163e-02 2.690136671066284180e+00
1.847731208801269531e+01 1.049238890409469604e-01 2.731044530868530273e+00
1.835565376281738281e+01 1.131475120782852173e-01 2.775757312774658203e+00
1.825567245483398438e+01 1.199278756976127625e-01 2.811495542526245117e+00
1.817550849914550781e+01 1.253799349069595337e-01 2.839472055435180664e+00
1.807357215881347656e+01 1.323295533657073975e-01 2.874343633651733398e+00
1.801441383361816406e+01 1.363756507635116577e-01 2.894052982330322266e+00
1.789606285095214844e+01 1.444858312606811523e-01 2.932859659194946289e+00
1.779667091369628906e+01 1.513241678476333618e-01 2.964386224746704102e+00
1.768523406982421875e+01 1.590182930231094360e-01 2.998710632324218750e+00
1.759078407287597656e+01 1.655665338039398193e-01 3.026811838150024414e+00
1.748578262329101562e+01 1.728728860616683960e-01 3.057100296020507812e+00
1.739230346679687500e+01 1.794047504663467407e-01 3.083104848861694336e+00
1.733570480346679688e+01 1.833749264478683472e-01 3.098322629928588867e+00
1.720475387573242188e+01 1.925827413797378540e-01 3.132782459259033203e+00
1.716843414306640625e+01 1.951511651277542114e-01 3.141851186752319336e+00
1.702766227722167969e+01 2.051222920417785645e-01 3.176466703414916992e+00
1.698209953308105469e+01 2.083704173564910889e-01 3.186990022659301758e+00
1.684835624694824219e+01 2.179251462221145630e-01 3.217221021652221680e+00
1.677457427978515625e+01 2.232300639152526855e-01 3.232815742492675781e+00
1.669335746765136719e+01 2.290908098220825195e-01 3.249311447143554688e+00
1.658877182006835938e+01 2.366685420274734497e-01 3.269589424133300781e+00
1.654760169982910156e+01 2.396674752235412598e-01 3.277075052261352539e+00
1.644882011413574219e+01 2.468781471252441406e-01 3.294559240341186523e+00
1.633685684204101562e+01 2.550931572914123535e-01 3.313066005706787109e+00
1.623678016662597656e+01 2.624797224998474121e-01 3.328254938125610352e+00
1.618425369262695312e+01 2.663775086402893066e-01 3.335579633712768555e+00
1.610888481140136719e+01 2.719862163066864014e-01 3.345595121383666992e+00
1.600878524780273438e+01 2.794657349586486816e-01 3.357943296432495117e+00
1.591981124877929688e+01 2.861503660678863525e-01 3.367775917053222656e+00
1.585129833221435547e+01 2.913228869438171387e-01 3.374551057815551758e+00
1.574061584472656250e+01 2.997104823589324951e-01 3.384491443634033203e+00
1.568279552459716797e+01 3.041187226772308350e-01 3.388822555541992188e+00
1.563387203216552734e+01 3.078604042530059814e-01 3.392100095748901367e+00
1.554218292236328125e+01 3.148912787437438965e-01 3.397623062133789062e+00
1.544862937927246094e+01 3.221006095409393311e-01 3.402058601379394531e+00
1.535464668273925781e+01 3.293789923191070557e-01 3.405264139175415039e+00
1.530638313293457031e+01 3.331350386142730713e-01 3.406254053115844727e+00
1.518188858032226562e+01 3.428475558757781982e-01 3.407926797866821289e+00
1.514529991149902344e+01 3.457199931144714355e-01 3.407740592956542969e+00
1.505557918548583984e+01 3.527760803699493408e-01 3.406788110733032227e+00
1.501067829132080078e+01 3.563224375247955322e-01 3.405696153640747070e+00
1.488244152069091797e+01 3.664718270301818848e-01 3.401687145233154297e+00
1.481320190429687500e+01 3.719837069511413574e-01 3.398128986358642578e+00
1.477398014068603516e+01 3.751151561737060547e-01 3.395679473876953125e+00
1.465573406219482422e+01 3.845707476139068604e-01 3.387546062469482422e+00
1.461843585968017578e+01 3.875673115253448486e-01 3.384259223937988281e+00
1.452293872833251953e+01 3.952501416206359863e-01 3.375252962112426758e+00
1.444271278381347656e+01 4.017263352870941162e-01 3.366401433944702148e+00
1.437488365173339844e+01 4.072162508964538574e-01 3.357990503311157227e+00
1.429274177551269531e+01 4.138784408569335938e-01 3.346843004226684570e+00
1.422437286376953125e+01 4.194366931915283203e-01 3.336582422256469727e+00
1.414588069915771484e+01 4.258294105529785156e-01 3.323851823806762695e+00
1.412102317810058594e+01 4.278578162193298340e-01 3.319469928741455078e+00
1.404377269744873047e+01 4.341649115085601807e-01 3.305504798889160156e+00
1.395520496368408203e+01 4.414079487323760986e-01 3.288244009017944336e+00
1.388036537170410156e+01 4.475387334823608398e-01 3.272430181503295898e+00
1.382231426239013672e+01 4.523001313209533691e-01 3.259347438812255859e+00
1.377879714965820312e+01 4.558725059032440186e-01 3.249059677124023438e+00
1.366842555999755859e+01 4.649381339550018311e-01 3.222045660018920898e+00
1.359419250488281250e+01 4.710434675216674805e-01 3.202284097671508789e+00
1.355671691894531250e+01 4.741277396678924561e-01 3.191757917404174805e+00
1.349928188323974609e+01 4.788559675216674805e-01 3.175196170806884766e+00
1.344342041015625000e+01 4.834562242031097412e-01 3.158442974090576172e+00
1.336527347564697266e+01 4.898934662342071533e-01 3.134119272232055664e+00
1.327491760253906250e+01 4.973384141921997070e-01 3.104543685913085938e+00
1.319833946228027344e+01 5.036490559577941895e-01 3.078033924102783203e+00
1.317574119567871094e+01 5.055112838745117188e-01 3.069844245910644531e+00
1.308699035644531250e+01 5.128244757652282715e-01 3.037252664566040039e+00
1.301520347595214844e+01 5.187384486198425293e-01 3.009515762329101562e+00
1.297259426116943359e+01 5.222476124763488770e-01 2.992382526397705078e+00
1.289395713806152344e+01 5.287222862243652344e-01 2.960021018981933594e+00
1.282320976257324219e+01 5.345442891120910645e-01 2.929661750793457031e+00
1.275423336029052734e+01 5.402172207832336426e-01 2.898955821990966797e+00
1.271091938018798828e+01 5.437772870063781738e-01 2.878987312316894531e+00
1.263394641876220703e+01 5.501008629798889160e-01 2.842727661132812500e+00
1.259419441223144531e+01 5.533636808395385742e-01 2.823283433914184570e+00
1.253696727752685547e+01 5.580585598945617676e-01 2.794751167297363281e+00
1.247699546813964844e+01 5.629748702049255371e-01 2.764028310775756836e+00
1.240776824951171875e+01 5.686450600624084473e-01 2.727557897567749023e+00
1.236282920837402344e+01 5.723220109939575195e-01 2.703119754791259766e+00
1.229067420959472656e+01 5.782214403152465820e-01 2.663077831268310547e+00
1.221325111389160156e+01 5.845439434051513672e-01 2.618710994720458984e+00
1.215407085418701172e+01 5.893700718879699707e-01 2.583631277084350586e+00
1.212218570709228516e+01 5.919674038887023926e-01 2.564244031906127930e+00
1.205322360992431641e+01 5.975813865661621094e-01 2.521740674972534180e+00
1.198163414001464844e+01 6.034011840820312500e-01 2.476319074630737305e+00
1.193527603149414062e+01 6.071641445159912109e-01 2.446020841598510742e+00
1.187298202514648438e+01 6.122155785560607910e-01 2.404527187347412109e+00
1.180204296112060547e+01 6.179600954055786133e-01 2.356067895889282227e+00
1.177713394165039062e+01 6.199738383293151855e-01 2.338563203811645508e+00
1.170817279815673828e+01 6.255457997322082520e-01 2.289619445800781250e+00
1.165784263610839844e+01 6.296055912971496582e-01 2.252918720245361328e+00
1.160236740112304688e+01 6.340749859809875488e-01 2.211666345596313477e+00
1.150955486297607422e+01 6.415419578552246094e-01 2.141159296035766602e+00
1.147998905181884766e+01 6.439148783683776855e-01 2.117892265319824219e+00
1.141839218139648438e+01 6.488547921180725098e-01 2.068874597549438477e+00
1.135465908050537109e+01 6.539576649665832520e-01 2.016974449157714844e+00
1.133012962341308594e+01 6.559182405471801758e-01 1.996521949768066406e+00
1.126762390136718750e+01 6.609107255935668945e-01 1.943931937217712402e+00
1.118843650817871094e+01 6.672246456146240234e-01 1.875764489173889160e+00
1.113394451141357422e+01 6.715597510337829590e-01 1.827489614486694336e+00
1.110158920288085938e+01 6.741297841072082520e-01 1.798258304595947266e+00
1.104882526397705078e+01 6.783169507980346680e-01 1.750034570693969727e+00
1.098036479949951172e+01 6.837413907051086426e-01 1.686278820037841797e+00
1.094749546051025391e+01 6.863405108451843262e-01 1.654918909072875977e+00
1.090308952331542969e+01 6.898484230041503906e-01 1.612060666084289551e+00
1.084574127197265625e+01 6.943727135658264160e-01 1.555844306945800781e+00
1.078928089141845703e+01 6.988192796707153320e-01 1.499382495880126953e+00
1.075200748443603516e+01 7.017498016357421875e-01 1.461372017860412598e+00
1.068414688110351562e+01 7.070791125297546387e-01 1.391275167465209961e+00
1.062355041503906250e+01 7.118280529975891113e-01 1.327208280563354492e+00
1.058271026611328125e+01 7.150226831436157227e-01 1.283128023147583008e+00
1.055060482025146484e+01 7.175309062004089355e-01 1.247991323471069336e+00
1.048681545257568359e+01 7.225096225738525391e-01 1.177415251731872559e+00
1.042732429504394531e+01 7.271437048912048340e-01 1.110162019729614258e+00
1.040397644042968750e+01 7.289590239524841309e-01 1.083235263824462891e+00
1.035555648803710938e+01 7.327211499214172363e-01 1.026953220367431641e+00
1.029545593261718750e+01 7.373839020729064941e-01 9.559540152549743652e-01
1.025440502166748047e+01 7.405628561973571777e-01 9.064773917198181152e-01
1.017893791198730469e+01 7.463997006416320801e-01 8.142710328102111816e-01
1.014525413513183594e+01 7.489989399909973145e-01 7.720736265182495117e-01
1.010947227478027344e+01 7.517573237419128418e-01 7.267451882362365723e-01
1.004738903045654297e+01 7.565380334854125977e-01 6.471647024154663086e-01
1.001342964172363281e+01 7.591482996940612793e-01 6.027339100837707520e-01
9.976460456848144531e+00 7.619870305061340332e-01 5.538226366043090820e-01
9.926988601684570312e+00 7.657817006111145020e-01 4.875698685646057129e-01
9.866938591003417969e+00 7.703812122344970703e-01 4.058340191841125488e-01
9.843244552612304688e+00 7.721929550170898438e-01 3.729423582553863525e-01
9.790551185607910156e+00 7.762193679809570312e-01 2.992250621318817139e-01
9.748413085937500000e+00 7.794345617294311523e-01 2.392481267452239990e-01
9.704554557800292969e+00 7.827771902084350586e-01 1.759568452835083008e-01
9.643857955932617188e+00 7.873976826667785645e-01 8.710188418626785278e-02
9.595459938049316406e+00 7.910760641098022461e-01 1.483155786991119385e-02
9.556090354919433594e+00 7.940645813941955566e-01 -4.489363357424736023e-02
9.522876739501953125e+00 7.996472716331481934e-01 1.320532336831092834e-02
9.479124069213867188e+00 8.069221973419189453e-01 8.624058961868286133e-02
9.467462539672851562e+00 8.088361024856567383e-01 1.045776009559631348e-01
9.426967620849609375e+00 8.154612183570861816e-01 1.672865003347396851e-01
9.381301879882812500e+00 8.228539228439331055e-01 2.343620359897613525e-01
9.343565940856933594e+00 8.288969993591308594e-01 2.866628766059875488e-01
9.302380561828613281e+00 8.354390859603881836e-01 3.411397337913513184e-01
9.268688201904296875e+00 8.407470583915710449e-01 3.835251331329345703e-01
9.229415893554687500e+00 8.468959927558898926e-01 4.309781193733215332e-01
9.175605773925781250e+00 8.552642464637756348e-01 4.930367469787597656e-01
9.118690490722656250e+00 8.640397787094116211e-01 5.546404719352722168e-01
9.093853950500488281e+00 8.678378462791442871e-01 5.797892808914184570e-01
9.062185287475585938e+00 8.726648688316345215e-01 6.109466552734375000e-01
8.994437217712402344e+00 8.829501271247863770e-01 6.751947402954101562e-01
8.964193344116210938e+00 8.875048160552978516e-01 7.016809582710266113e-01
8.920282363891601562e+00 8.940961360931396484e-01 7.387967705726623535e-01
8.871189117431640625e+00 9.014319777488708496e-01 7.781884670257568359e-01
8.809635162353515625e+00 9.105862379074096680e-01 8.247497677803039551e-01
8.758695602416992188e+00 9.181200861930847168e-01 8.604769706726074219e-01
8.719670295715332031e+00 9.238676428794860840e-01 8.861519098281860352e-01
8.681581497192382812e+00 9.294603466987609863e-01 9.099863767623901367e-01
8.633450508117675781e+00 9.365078806877136230e-01 9.386348724365234375e-01
8.591758728027343750e+00 9.425920844078063965e-01 9.618843793869018555e-01
8.510487556457519531e+00 9.544197916984558105e-01 1.004635572433471680e+00
8.472301483154296875e+00 9.599493145942687988e-01 1.022439479827880859e+00
8.446518898010253906e+00 9.636749029159545898e-01 1.033762454986572266e+00
8.370527267456054688e+00 9.746406674385070801e-01 1.065769910812377930e+00
8.328353881835937500e+00 9.807029366493225098e-01 1.081339240074157715e+00
8.255701065063476562e+00 9.911266565322875977e-01 1.106122016906738281e+00
8.210433006286621094e+00 9.976012706756591797e-01 1.119416356086730957e+00
8.185457229614257812e+00 1.001167297363281250e+00 1.126029372215270996e+00
8.110790252685546875e+00 1.011818885803222656e+00 1.144622564315795898e+00
8.068408966064453125e+00 1.017849206924438477e+00 1.153200626373291016e+00
8.028516769409179688e+00 1.023518085479736328e+00 1.160236358642578125e+00
7.954616546630859375e+00 1.034007906913757324e+00 1.171474575996398926e+00
7.908290386199951172e+00 1.040570974349975586e+00 1.176453232765197754e+00
7.877319335937500000e+00 1.044954061508178711e+00 1.178923964500427246e+00
7.798495292663574219e+00 1.056102275848388672e+00 1.183759450912475586e+00
7.746056079864501953e+00 1.063507556915283203e+00 1.184526681900024414e+00
7.713851451873779297e+00 1.068051576614379883e+00 1.184000730514526367e+00
7.652155399322509766e+00 1.076753020286560059e+00 1.181820631027221680e+00
7.589090824127197266e+00 1.085640788078308105e+00 1.177295565605163574e+00
7.555021286010742188e+00 1.090439319610595703e+00 1.173579573631286621e+00
7.471947193145751953e+00 1.102137088775634766e+00 1.162836790084838867e+00
7.453940868377685547e+00 1.104671359062194824e+00 1.159615039825439453e+00
7.397923946380615234e+00 1.112555146217346191e+00 1.148984313011169434e+00
7.344753265380859375e+00 1.120037674903869629e+00 1.137089848518371582e+00
7.274934291839599609e+00 1.129863500595092773e+00 1.119198083877563477e+00
7.218874454498291016e+00 1.137754678726196289e+00 1.102403163909912109e+00
7.175778388977050781e+00 1.143823146820068359e+00 1.087965369224548340e+00
7.128679752349853516e+00 1.150457739830017090e+00 1.070882439613342285e+00
7.055661678314208984e+00 1.160748600959777832e+00 1.042154550552368164e+00
7.034752845764160156e+00 1.163698315620422363e+00 1.032911181449890137e+00
6.975064277648925781e+00 1.172121882438659668e+00 1.005672097206115723e+00
6.934087276458740234e+00 1.177911162376403809e+00 9.852775931358337402e-01
6.884768962860107422e+00 1.184885263442993164e+00 9.592936635017395020e-01
6.821202278137207031e+00 1.193885326385498047e+00 9.235199093818664551e-01
6.778033256530761719e+00 1.200008392333984375e+00 8.971648216247558594e-01
6.726143360137939453e+00 1.207378864288330078e+00 8.637420535087585449e-01
6.656139850616455078e+00 1.217341065406799316e+00 8.157361149787902832e-01
6.633466720581054688e+00 1.220576882362365723e+00 7.988595366477966309e-01
6.562531948089599609e+00 1.230711221694946289e+00 7.446539402008056641e-01
6.519732952117919922e+00 1.236847400665283203e+00 7.092104554176330566e-01
6.486420154571533203e+00 1.241635322570800781e+00 6.802625060081481934e-01
6.432719230651855469e+00 1.249369382858276367e+00 6.318243145942687988e-01
6.391473770141601562e+00 1.255330920219421387e+00 5.923339724540710449e-01
6.358352661132812500e+00 1.260132551193237305e+00 5.591341853141784668e-01
6.287338733673095703e+00 1.270454406738281250e+00 4.852730631828308105e-01
6.256175994873046875e+00 1.275011301040649414e+00 4.501982629299163818e-01
6.203728199005126953e+00 1.282703518867492676e+00 3.890436887741088867e-01
6.164517402648925781e+00 1.288485527038574219e+00 3.405050635337829590e-01
6.148198604583740234e+00 1.290902614593505859e+00 3.193609118461608887e-01
6.104214668273925781e+00 1.297430396080017090e+00 2.612572014331817627e-01
6.067093372344970703e+00 1.302971005439758301e+00 2.095738053321838379e-01
6.008060932159423828e+00 1.311828374862670898e+00 1.235585361719131470e-01
5.970335960388183594e+00 1.317541122436523438e+00 6.435650587081909180e-02
5.944075107574462891e+00 1.321544766426086426e+00 2.104521915316581726e-02
5.914761066436767578e+00 1.327102184295654297e+00 6.042248755693435669e-02
5.868534564971923828e+00 1.335822701454162598e+00 1.203419268131256104e-01
5.797471046447753906e+00 1.349131107330322266e+00 2.074920386075973511e-01
5.745320320129394531e+00 1.358798027038574219e+00 2.663253843784332275e-01
5.725016117095947266e+00 1.362536311149597168e+00 2.879083156585693359e-01
5.683213710784912109e+00 1.370213627815246582e+00 3.313446640968322754e-01
5.620592594146728516e+00 1.381658315658569336e+00 3.934407234191894531e-01
5.581763267517089844e+00 1.388706326484680176e+00 4.293453991413116455e-01
5.497125148773193359e+00 1.404009103775024414e+00 5.043202042579650879e-01
5.458294868469238281e+00 1.410973429679870605e+00 5.356098413467407227e-01
5.398168087005615234e+00 1.421721100807189941e+00 5.820082426071166992e-01
5.353734493255615234e+00 1.429624319076538086e+00 6.140441298484802246e-01
5.301551342010498047e+00 1.438874006271362305e+00 6.498046517372131348e-01
5.251247406005859375e+00 1.447756409645080566e+00 6.822470426559448242e-01
5.170208454132080078e+00 1.462015390396118164e+00 7.314797043800354004e-01
5.116304874420166016e+00 1.471449017524719238e+00 7.611123323440551758e-01
5.073872566223144531e+00 1.478850364685058594e+00 7.828839421272277832e-01
5.017447948455810547e+00 1.488667726516723633e+00 8.102553486824035645e-01
4.973655223846435547e+00 1.496262788772583008e+00 8.299103379249572754e-01
4.911486148834228516e+00 1.507019281387329102e+00 8.561099767684936523e-01
4.825049877166748047e+00 1.521925926208496094e+00 8.892536759376525879e-01
4.769889831542968750e+00 1.531397938728332520e+00 9.075797200202941895e-01
4.713016510009765625e+00 1.541138768196105957e+00 9.246718287467956543e-01
4.632708072662353516e+00 1.554858207702636719e+00 9.462323188781738281e-01
4.586951732635498047e+00 1.562647938728332520e+00 9.564864039421081543e-01
4.531085014343261719e+00 1.572140932083129883e+00 9.676205515861511230e-01
4.480078697204589844e+00 1.580788731575012207e+00 9.762592911720275879e-01
4.384938240051269531e+00 1.596887350082397461e+00 9.898021817207336426e-01
4.334591865539550781e+00 1.605376243591308594e+00 9.944609403610229492e-01
4.296044826507568359e+00 1.611864089965820312e+00 9.970231056213378906e-01
4.205305576324462891e+00 1.627116084098815918e+00 1.001252055168151855e+00
4.153532981872558594e+00 1.635791897773742676e+00 1.001255393028259277e+00
4.070993900299072266e+00 1.649600505828857422e+00 9.990759491920471191e-01
4.002502918243408203e+00 1.661029577255249023e+00 9.943791031837463379e-01
3.955435514450073242e+00 1.668867707252502441e+00 9.895005822181701660e-01
3.885795354843139648e+00 1.680449366569519043e+00 9.805966615676879883e-01
3.856746912002563477e+00 1.685270905494689941e+00 9.758369922637939453e-01
3.768572330474853516e+00 1.699894905090332031e+00 9.600553512573242188e-01
3.696108818054199219e+00 1.711885213851928711e+00 9.437355995178222656e-01
3.646508693695068359e+00 1.720077276229858398e+00 9.306505322456359863e-01
3.579451084136962891e+00 1.731139421463012695e+00 9.111610651016235352e-01
3.502461910247802734e+00 1.743819832801818848e+00 8.859521746635437012e-01
3.475350379943847656e+00 1.748277425765991211e+00 8.759052157402038574e-01
3.418806552886962891e+00 1.757568717002868652e+00 8.540733456611633301e-01
3.328950405120849609e+00 1.772315979003906250e+00 8.164310455322265625e-01
3.262261629104614258e+00 1.783240795135498047e+00 7.849222421646118164e-01
3.201080799102783203e+00 1.793250322341918945e+00 7.534901499748229980e-01
3.151710271835327148e+00 1.801318526268005371e+00 7.261928319931030273e-01
3.083931684494018555e+00 1.812385559082031250e+00 6.865060329437255859e-01
3.031914234161376953e+00 1.820869445800781250e+00 6.536395549774169922e-01
3.002613306045532227e+00 1.825644493103027344e+00 6.340411901473999023e-01
2.914705991744995117e+00 1.839964389801025391e+00 5.733500719070434570e-01
2.884712696075439453e+00 1.844844222068786621e+00 5.506360530853271484e-01
2.826606988906860352e+00 1.854294300079345703e+00 5.052292346954345703e-01
2.764981985092163086e+00 1.864310026168823242e+00 4.540909826755523682e-01
2.714554548263549805e+00 1.872500896453857422e+00 4.095125198364257812e-01
2.661337614059448242e+00 1.881141424179077148e+00 3.599689602851867676e-01
2.615669727325439453e+00 1.888553977012634277e+00 3.150628805160522461e-01
2.559397697448730469e+00 1.897686243057250977e+00 2.570502161979675293e-01
2.520279169082641602e+00 1.904034256935119629e+00 2.142845988273620605e-01
2.453217744827270508e+00 1.914917349815368652e+00 1.378681212663650513e-01
2.394143342971801758e+00 1.924506545066833496e+00 6.554175168275833130e-02
2.344322204589843750e+00 1.932597279548645020e+00 4.404410719871520996e-04
2.290560960769653320e+00 1.942818880081176758e+00 6.021802872419357300e-02
2.251871824264526367e+00 1.950132250785827637e+00 1.007676571607589722e-01
2.179365158081054688e+00 1.963785052299499512e+00 1.736605763435363770e-01
2.140801668167114258e+00 1.970997095108032227e+00 2.095351517200469971e-01
2.091480016708374023e+00 1.980190277099609375e+00 2.535969018936157227e-01
1.999459028244018555e+00 1.997272729873657227e+00 3.316640853881835938e-01
1.937496423721313477e+00 2.008693933486938477e+00 3.793675303459167480e-01
1.865086197853088379e+00 2.021982669830322266e+00 4.315901696681976318e-01
1.809036970138549805e+00 2.032219648361206055e+00 4.690057039260864258e-01
1.766796946525573730e+00 2.039907455444335938e+00 4.955432415008544922e-01
1.662122011184692383e+00 2.058911085128784180e+00 5.583261847496032715e-01
1.605655312538146973e+00 2.069101810455322266e+00 5.883807539939880371e-01
1.525968074798583984e+00 2.083440303802490234e+00 6.280564069747924805e-01
1.457287907600402832e+00 2.095748662948608398e+00 6.590427756309509277e-01
1.413094162940979004e+00 2.103642702102661133e+00 6.772730946540832520e-01
1.353934884071350098e+00 2.114188432693481445e+00 7.002480626106262207e-01
1.275641322135925293e+00 2.128108263015747070e+00 7.281776070594787598e-01
1.207259774208068848e+00 2.140224933624267578e+00 7.497851848602294922e-01
1.124689221382141113e+00 2.154814720153808594e+00 7.730194926261901855e-01
1.037330389022827148e+00 2.170200347900390625e+00 7.940387725830078125e-01
9.355126619338989258e-01 2.188073158264160156e+00 8.142502307891845703e-01
8.620592355728149414e-01 2.200919389724731445e+00 8.253074884414672852e-01
7.953447103500366211e-01 2.212557315826416016e+00 8.330833315849304199e-01
7.613765001296997070e-01 2.218469619750976562e+00 8.360058069229125977e-01
6.655801534652709961e-01 2.235124826431274414e+00 8.427692651748657227e-01
5.680584907531738281e-01 2.252027988433837891e+00 8.454353809356689453e-01
5.251640081405639648e-01 2.259440422058105469e+00 8.447315692901611328e-01
4.069173634052276611e-01 2.279848098754882812e+00 8.405201435089111328e-01
3.229758739471435547e-01 2.294285058975219727e+00 8.330880403518676758e-01
2.804148495197296143e-01 2.301588058471679688e+00 8.277130126953125000e-01
1.820129901170730591e-01 2.318453073501586914e+00 8.133900761604309082e-01
1.393480449914932251e-01 2.325746059417724609e+00 8.052676320075988770e-01
2.966547012329101562e-02 2.344474554061889648e+00 7.822281122207641602e-01
-5.854081362485885620e-03 2.350522756576538086e+00 7.729507088661193848e-01
-8.969004452228546143e-02 2.364785909652709961e+00 7.496377825736999512e-01
-1.989313662052154541e-01 2.383333921432495117e+00 7.148527503013610840e-01
-2.739622592926025391e-01 2.396040916442871094e+00 6.869127154350280762e-01
-3.441281318664550781e-01 2.407904386520385742e+00 6.580955386161804199e-01
-4.082814753055572510e-01 2.418734788894653320e+00 6.293822526931762695e-01
-4.929678440093994141e-01 2.433012723922729492e+00 5.885389447212219238e-01
-5.709590315818786621e-01 2.446139574050903320e+00 5.472301244735717773e-01
-6.533882617950439453e-01 2.459992647171020508e+00 4.998163878917694092e-01
-7.193512916564941406e-01 2.471061706542968750e+00 4.585498869419097900e-01
-7.835682034492492676e-01 2.481825590133666992e+00 4.156550168991088867e-01
-8.465727567672729492e-01 2.492375373840332031e+00 3.708498477935791016e-01
-9.076767563819885254e-01 2.502597332000732422e+00 3.246801495552062988e-01
-9.499919414520263672e-01 2.509670019149780273e+00 2.907876372337341309e-01
-1.018115401268005371e+00 2.521050453186035156e+00 2.339773327112197876e-01
-1.116160631179809570e+00 2.537416458129882812e+00 1.467573344707489014e-01
-1.177650451660156250e+00 2.547670364379882812e+00 8.672975748777389526e-02
-1.229432344436645508e+00 2.556301593780517578e+00 3.308101743459701538e-02
-1.280825257301330566e+00 2.564865827560424805e+00 -2.294851094484329224e-02
-1.328122138977050781e+00 2.573417186737060547e+00 2.372944355010986328e-02
-1.417486429214477539e+00 2.589535951614379883e+00 1.077415421605110168e-01
-1.497630834579467773e+00 2.603931665420532227e+00 1.765292286872863770e-01
-1.578373193740844727e+00 2.618385791778564453e+00 2.404779344797134399e-01
-1.685199737548828125e+00 2.637449502944946289e+00 3.185272514820098877e-01
-1.713177442550659180e+00 2.642423391342163086e+00 3.368784487247467041e-01
-1.821955323219299316e+00 2.661743879318237305e+00 4.062426090240478516e-01
-1.895973086357116699e+00 2.674845457077026367e+00 4.484033584594726562e-01
-2.024031162261962891e+00 2.697464227676391602e+00 5.158127546310424805e-01
-2.102797269821166992e+00 2.711328506469726562e+00 5.517182946205139160e-01
-2.161762714385986328e+00 2.721687316894531250e+00 5.761948227882385254e-01
-2.291792154312133789e+00 2.744498968124389648e+00 6.263418793678283691e-01
-2.347910881042480469e+00 2.754315853118896484e+00 6.444738507270812988e-01
-2.414665699005126953e+00 2.765980005264282227e+00 6.643134951591491699e-01
-2.536518812179565430e+00 2.787243843078613281e+00 6.968513727188110352e-01
-2.605894327163696289e+00 2.799322843551635742e+00 7.116562128067016602e-01
-2.731789827346801758e+00 2.821216821670532227e+00 7.347835898399353027e-01
-2.850482463836669922e+00 2.841816663742065430e+00 7.503178119659423828e-01
-2.935316324234008789e+00 2.856514453887939453e+00 7.572870850563049316e-01
-2.992460966110229492e+00 2.866403818130493164e+00 7.600178122520446777e-01
-3.091383218765258789e+00 2.883511304855346680e+00 7.624692320823669434e-01
-3.171029329299926758e+00 2.897269487380981445e+00 7.612856030464172363e-01
-3.285249948501586914e+00 2.916983604431152344e+00 7.559501528739929199e-01
-3.367726325988769531e+00 2.931203365325927734e+00 7.483281493186950684e-01
-3.496845722198486328e+00 2.953449964523315430e+00 7.321109771728515625e-01
-3.610340356826782227e+00 2.972986459732055664e+00 7.119120359420776367e-01
-3.710460424423217773e+00 2.990210056304931641e+00 6.894065737724304199e-01
-3.753684520721435547e+00 2.997642993927001953e+00 6.778691411018371582e-01
-3.871255874633789062e+00 3.017858505249023438e+00 6.443067193031311035e-01
-3.962574005126953125e+00 3.033556938171386719e+00 6.135566234588623047e-01
-4.043280124664306641e+00 3.047431468963623047e+00 5.830589532852172852e-01
-4.156331062316894531e+00 3.066869497299194336e+00 5.360997915267944336e-01
-4.244249343872070312e+00 3.081992387771606445e+00 4.947968125343322754e-01
-4.360071659088134766e+00 3.101926088333129883e+00 4.352490305900573730e-01
-4.467776775360107422e+00 3.120481252670288086e+00 3.732710480690002441e-01
-4.525696754455566406e+00 3.130472421646118164e+00 3.364196717739105225e-01
-4.633036136627197266e+00 3.149005174636840820e+00 2.644016146659851074e-01
-4.677179813385009766e+00 3.156641721725463867e+00 2.317950427532196045e-01
-4.811532974243164062e+00 3.179907560348510742e+00 1.285519003868103027e-01
-4.844650745391845703e+00 3.185662508010864258e+00 9.990876168012619019e-02
-4.927366733551025391e+00 3.200052022933959961e+00 2.620648592710494995e-02
-5.000201702117919922e+00 3.212760686874389648e+00 -4.369362443685531616e-02
-5.110701084136962891e+00 3.232152462005615234e+00 5.379793792963027954e-02
-5.229546546936035156e+00 3.253050088882446289e+00 1.479220688343048096e-01
-5.369235038757324219e+00 3.277658700942993164e+00 2.465663403272628784e-01
-5.460675716400146484e+00 3.293799638748168945e+00 3.029433488845825195e-01
-5.534719944000244141e+00 3.306885719299316406e+00 3.446618318557739258e-01
-5.664928436279296875e+00 3.329920291900634766e+00 4.127505421638488770e-01
-5.785224437713623047e+00 3.351237058639526367e+00 4.675784409046173096e-01
-5.922518253326416016e+00 3.375603675842285156e+00 5.222186446189880371e-01
-6.035250663757324219e+00 3.395647287368774414e+00 5.600832700729370117e-01
-6.141841888427734375e+00 3.414628028869628906e+00 5.907262563705444336e-01
-6.276448249816894531e+00 3.438633441925048828e+00 6.234918236732482910e-01
-6.410517692565917969e+00 3.462590694427490234e+00 6.489149928092956543e-01
-6.475653171539306641e+00 3.474254369735717773e+00 6.578854322433471680e-01
-6.611042499542236328e+00 3.498524904251098633e+00 6.731826066970825195e-01
-6.790803909301757812e+00 3.530825853347778320e+00 6.843768954277038574e-01
-6.937988281250000000e+00 3.557362556457519531e+00 6.837863326072692871e-01
-7.022747516632080078e+00 3.572691202163696289e+00 6.788765192031860352e-01
-7.213359355926513672e+00 3.607230424880981445e+00 6.619009375572204590e-01
-7.264213085174560547e+00 3.616487979888916016e+00 6.537927389144897461e-01
-7.415709018707275391e+00 3.644105672836303711e+00 6.267440915107727051e-01
-7.541556358337402344e+00 3.667147636413574219e+00 5.970332026481628418e-01
-7.727269649505615234e+00 3.701288223266601562e+00 5.440616011619567871e-01
-7.789036750793457031e+00 3.712718248367309570e+00 5.218030810356140137e-01
-7.934187889099121094e+00 3.739645957946777344e+00 4.656973481178283691e-01
-8.030451774597167969e+00 3.757616758346557617e+00 4.223788380622863770e-01
-8.186170578002929688e+00 3.786823987960815430e+00 3.453858494758605957e-01
-8.338495254516601562e+00 3.815634727478027344e+00 2.585033774375915527e-01
-8.403662681579589844e+00 3.828078508377075195e+00 2.160579115152359009e-01
-8.565330505371093750e+00 3.859094619750976562e+00 1.046880260109901428e-01
-8.685133934020996094e+00 3.882374525070190430e+00 1.018373668193817139e-02
-8.720633506774902344e+00 3.889351367950439453e+00 -2.079335972666740417e-02
-8.931468963623046875e+00 3.929229021072387695e+00 1.606338471174240112e-01
-9.020749092102050781e+00 3.946379423141479492e+00 2.232387661933898926e-01
-9.164398193359375000e+00 3.974126815795898438e+00 3.158239126205444336e-01
-9.378405570983886719e+00 4.015805244445800781e+00 4.359338581562042236e-01
-9.560921669006347656e+00 4.051744461059570312e+00 5.183099508285522461e-01
-9.691966056823730469e+00 4.077773094177246094e+00 5.665323138236999512e-01
-9.819765090942382812e+00 4.103310585021972656e+00 6.064637899398803711e-01
-1.012712955474853516e+01 4.165087223052978516e+00 6.866458654403686523e-01
-1.028820133209228516e+01 4.197903633117675781e+00 7.098565101623535156e-01
-1.040868282318115234e+01 4.222631931304931641e+00 7.202206254005432129e-01
-1.063457679748535156e+01 4.269259929656982422e+00 7.300130724906921387e-01
-1.075534343719482422e+01 4.294461727142333984e+00 7.257130742073059082e-01
-1.099691486358642578e+01 4.345189571380615234e+00 7.069220542907714844e-01
-1.121847915649414062e+01 4.392325878143310547e+00 6.708883047103881836e-01
-1.140952777862548828e+01 4.433508396148681641e+00 6.245425343513488770e-01
-1.155237293243408203e+01 4.464690208435058594e+00 5.796242952346801758e-01
-1.182532024383544922e+01 4.524895668029785156e+00 4.784083962440490723e-01
-1.193785953521728516e+01 4.550267219543457031e+00 4.237783849239349365e-01
-1.215746688842773438e+01 4.600306034088134766e+00 3.057446479797363281e-01
-1.228761768341064453e+01 4.630647659301757812e+00 2.214963734149932861e-01
-1.247585105895996094e+01 4.675239086151123047e+00 8.581654727458953857e-02
-1.260790729522705078e+01 4.707362174987792969e+00 -2.510718256235122681e-02
-1.281310272216796875e+01 4.758403778076171875e+00 -2.174691855907440186e-01
-1.302883338928222656e+01 4.808828353881835938e+00 -6.638689339160919189e-02
-1.321532344818115234e+01 4.853372573852539062e+00 4.032900929450988770e-02
-1.350814342498779297e+01 4.924467086791992188e+00 1.800814718008041382e-01
-1.392458534240722656e+01 5.027925491333007812e+00 3.243269026279449463e-01
-1.417605495452880859e+01 5.092266082763671875e+00 3.708232641220092773e-01
-1.461600494384765625e+01 5.206822395324707031e+00 4.129436910152435303e-01
-1.490850925445556641e+01 5.285359382629394531e+00 3.971918225288391113e-01
-1.531587791442871094e+01 5.397191524505615234e+00 3.347130715847015381e-01
-1.573151874542236328e+01 5.515197753906250000e+00 2.111908495426177979e-01
-1.594609546661376953e+01 5.578624725341796875e+00 1.126669570803642273e-01
-1.632453918457031250e+01 5.693373203277587891e+00 -9.741186350584030151e-02
-1.660852050781250000e+01 5.784140110015869141e+00 -3.107779622077941895e-01
-1.739480781555175781e+01 6.057011604309082031e+00 6.191289424896240234e-02
-1.775486373901367188e+01 6.189875125885009766e+00 1.081829369068145752e-01
-1.901670265197753906e+01 6.668671131134033203e+00 1.006339043378829956e-01
-1.994039535522460938e+01 7.055849075317382812e+00 -3.273570537567138672e-01
-2.037894058227539062e+01 7.263827323913574219e+00 -7.436294555664062500e-01
-2.598611450195312500e+01 1.042208957672119141e+01 -2.869283556938171387e-01
-3.470795822143554688e+01 1.720660018920898438e+01 -1.745842170715332031e+01
-3.738230078125000000e+04 3.922499609375000000e+04 -3.169727734375000000e+04
-2.064429178465707622e+19 2.620986791185455514e+19 -3.338594929779041894e+19
nan nan nan
nan nan nan
nan nan nan
nan nan nan
nan nan nan
nan nan nan
nan nan nan
nan nan nan
nan nan nan
nan nan nan
nan nan nan
nan nan nan
nan nan nan
nan nan nan
nan nan nan
nan nan nan
nan nan nan
nan nan nan
