2.348803329467773438e+01 -2.179757654666900635e-01 2.175828367471694946e-01
2.336755752563476562e+01 -2.195287942886352539e-01 2.927080392837524414e-01
2.317066001892089844e+01 -2.221363186836242676e-01 4.144379496574401855e-01
2.303131103515625000e+01 -2.240610718727111816e-01 4.993554651737213135e-01
2.289764022827148438e+01 -2.259596735239028931e-01 5.799603462219238281e-01
2.278581619262695312e+01 -2.275890856981277466e-01 6.466977596282958984e-01
2.270660209655761719e+01 -2.287672013044357300e-01 6.935569047927856445e-01
2.258941650390625000e+01 -2.305345535278320312e-01 7.624365091323852539e-01
2.241249084472656250e+01 -2.332571446895599365e-01 8.654361963272094727e-01
2.230521011352539062e+01 -2.349569052457809448e-01 9.269652962684631348e-01
2.212899971008300781e+01 -2.377958893775939941e-01 1.027093291282653809e+00
2.201096153259277344e+01 -2.397486567497253418e-01 1.093120098114013672e+00
2.193217468261718750e+01 -2.410740852355957031e-01 1.136716842651367188e+00
2.183287048339843750e+01 -2.427627146244049072e-01 1.191262722015380859e+00
2.168641662597656250e+01 -2.452861815690994263e-01 1.270949482917785645e+00
2.153046607971191406e+01 -2.480243295431137085e-01 1.354598164558410645e+00
2.145582962036132812e+01 -2.493599802255630493e-01 1.394006967544555664e+00
2.127774620056152344e+01 -2.525744736194610596e-01 1.487313866615295410e+00
2.115600585937500000e+01 -2.548165023326873779e-01 1.549904823303222656e+00
2.108437347412109375e+01 -2.561528086662292480e-01 1.586244702339172363e+00
2.092473220825195312e+01 -2.591525316238403320e-01 1.666585206985473633e+00
2.080581665039062500e+01 -2.614223957061767578e-01 1.725340485572814941e+00
2.070080184936523438e+01 -2.634491026401519775e-01 1.776499629020690918e+00
2.054034233093261719e+01 -2.665747702121734619e-01 1.853675723075866699e+00
2.050285720825195312e+01 -2.673149704933166504e-01 1.871344089508056641e+00
2.036055946350097656e+01 -2.701332271099090576e-01 1.938093662261962891e+00
2.020331192016601562e+01 -2.732823193073272705e-01 2.010485649108886719e+00
2.013521766662597656e+01 -2.746617794036865234e-01 2.041167974472045898e+00
2.001944541931152344e+01 -2.770177423954010010e-01 2.092836380004882812e+00
1.988619422912597656e+01 -2.797496020793914795e-01 2.151322841644287109e+00
1.977580451965332031e+01 -2.820308208465576172e-01 2.198824405670166016e+00
1.972230529785156250e+01 -2.831430435180664062e-01 2.221458911895751953e+00
1.957496833801269531e+01 -2.862142920494079590e-01 2.283272743225097656e+00
1.947706031799316406e+01 -2.882696390151977539e-01 2.323383808135986328e+00
1.934391593933105469e+01 -2.910761535167694092e-01 2.377045869827270508e+00
1.924312591552734375e+01 -2.932114303112030029e-01 2.416745185852050781e+00
1.912879562377929688e+01 -2.956415116786956787e-01 2.460974454879760742e+00
1.902308082580566406e+01 -2.978957891464233398e-01 2.501017570495605469e+00
1.895167350769042969e+01 -2.994223535060882568e-01 2.527525901794433594e+00
1.884806632995605469e+01 -3.016404509544372559e-01 2.565453290939331055e+00
1.873420143127441406e+01 -3.040824532508850098e-01 2.606274843215942383e+00
1.864188766479492188e+01 -3.060651719570159912e-01 2.638592958450317383e+00
1.850363731384277344e+01 -3.090367615222930908e-01 2.686037063598632812e+00
1.840876388549804688e+01 -3.110772371292114258e-01 2.717599630355834961e+00
1.833911514282226562e+01 -3.125750124454498291e-01 2.740262031555175781e+00
1.818537330627441406e+01 -3.158799409866333008e-01 2.789454460144042969e+00
1.811966323852539062e+01 -3.172906339168548584e-01 2.809683084487915039e+00
1.804712486267089844e+01 -3.188464045524597168e-01 2.831633329391479492e+00
1.794199752807617188e+01 -3.210982382297515869e-01 2.862831354141235352e+00
1.781876754760742188e+01 -3.237319290637969971e-01 2.898346900939941406e+00
1.773743057250976562e+01 -3.254647552967071533e-01 2.920961618423461914e+00
1.760154342651367188e+01 -3.283522725105285645e-01 2.957819223403930664e+00
1.753320693969726562e+01 -3.297973871231079102e-01 2.975568294525146484e+00
1.740614509582519531e+01 -3.324766159057617188e-01 3.007824897766113281e+00
1.737306785583496094e+01 -3.331700563430786133e-01 3.015857219696044922e+00
1.723637580871582031e+01 -3.360308110713958740e-01 3.048654317855834961e+00
1.712694549560546875e+01 -3.383042514324188232e-01 3.073585510253906250e+00
1.707818794250488281e+01 -3.393104970455169678e-01 3.084213972091674805e+00
1.699750900268554688e+01 -3.409701287746429443e-01 3.101443529129028320e+00
1.688220787048339844e+01 -3.433286845684051514e-01 3.125215053558349609e+00
1.675444793701171875e+01 -3.459198474884033203e-01 3.150189638137817383e+00
1.668781471252441406e+01 -3.472573757171630859e-01 3.162414073944091797e+00
1.659718513488769531e+01 -3.490659594535827637e-01 3.178465843200683594e+00
1.650589942932128906e+01 -3.508725166320800781e-01 3.193838357925415039e+00
1.646191024780273438e+01 -3.517353236675262451e-01 3.200855493545532227e+00
1.634474945068359375e+01 -3.540229499340057373e-01 3.219039916992187500e+00
1.628276252746582031e+01 -3.552182614803314209e-01 3.227941274642944336e+00
1.617872047424316406e+01 -3.572104871273040771e-01 3.242235660552978516e+00
1.605688858032226562e+01 -3.595148921012878418e-01 3.257690906524658203e+00
1.598218727111816406e+01 -3.609064817428588867e-01 3.266232967376708984e+00
1.587339687347412109e+01 -3.629131913185119629e-01 3.277828931808471680e+00
1.584430027008056641e+01 -3.634419143199920654e-01 3.280597686767578125e+00
1.574427890777587891e+01 -3.652518689632415771e-01 3.289806604385375977e+00
1.563235855102539062e+01 -3.672477006912231445e-01 3.298914670944213867e+00
1.558843708038330078e+01 -3.680176734924316406e-01 3.301956653594970703e+00
1.550928115844726562e+01 -3.693957328796386719e-01 3.307059288024902344e+00
1.540837669372558594e+01 -3.711302280426025391e-01 3.312684059143066406e+00
1.532903671264648438e+01 -3.724715113639831543e-01 3.316215038299560547e+00
1.520835876464843750e+01 -3.744844794273376465e-01 3.320507526397705078e+00
1.516121006011962891e+01 -3.752547502517700195e-01 3.321535587310791016e+00
1.505434131622314453e+01 -3.769864439964294434e-01 3.323285341262817383e+00
1.497245407104492188e+01 -3.782886564731597900e-01 3.323607921600341797e+00
1.493922805786132812e+01 -3.788095116615295410e-01 3.323418617248535156e+00
1.482435894012451172e+01 -3.805999755859375000e-01 3.322311878204345703e+00
1.477307033538818359e+01 -3.813835978507995605e-01 3.321112632751464844e+00
1.470601367950439453e+01 -3.823993504047393799e-01 3.319128990173339844e+00
1.457918834686279297e+01 -3.842992782592773438e-01 3.314341068267822266e+00
1.453775596618652344e+01 -3.849072754383087158e-01 3.312128543853759766e+00
1.445729255676269531e+01 -3.860807120800018311e-01 3.307415962219238281e+00
1.438186168670654297e+01 -3.871678113937377930e-01 3.302234888076782227e+00
1.431309509277343750e+01 -3.881485760211944580e-01 3.296852588653564453e+00
1.422297096252441406e+01 -3.894226253032684326e-01 3.289003610610961914e+00
1.414792633056640625e+01 -3.904720544815063477e-01 3.281590700149536133e+00
1.407411003112792969e+01 -3.914960026741027832e-01 3.273572444915771484e+00
1.396929359436035156e+01 -3.929396867752075195e-01 3.261161088943481445e+00
1.392936038970947266e+01 -3.934848010540008545e-01 3.255870580673217773e+00
1.387380599975585938e+01 -3.942410349845886230e-01 3.248209476470947266e+00
1.379165554046630859e+01 -3.953554034233093262e-01 3.236257314682006836e+00
1.368697834014892578e+01 -3.967689871788024902e-01 3.219841003417968750e+00
1.362209415435791016e+01 -3.976413309574127197e-01 3.208714962005615234e+00
1.352924823760986328e+01 -3.988875448703765869e-01 3.191940546035766602e+00
1.347237396240234375e+01 -3.996497690677642822e-01 3.180907726287841797e+00
1.342958068847656250e+01 -4.002231955528259277e-01 3.172253608703613281e+00
1.336272621154785156e+01 -4.011192619800567627e-01 3.158315181732177734e+00
1.326949787139892578e+01 -4.023697376251220703e-01 3.137959480285644531e+00
1.319125461578369141e+01 -4.034211933612823486e-01 3.119787454605102539e+00
1.314933586120605469e+01 -4.039859473705291748e-01 3.109555959701538086e+00
1.305564212799072266e+01 -4.052504599094390869e-01 3.086087465286254883e+00
1.297213745117187500e+01 -4.063824415206909180e-01 3.063964128494262695e+00
1.291112899780273438e+01 -4.072134494781494141e-01 3.047003746032714844e+00
1.284636211395263672e+01 -4.080992341041564941e-01 3.028373479843139648e+00
1.277172756195068359e+01 -4.091248214244842529e-01 3.006132125854492188e+00
1.274116420745849609e+01 -4.095472693443298340e-01 2.996655464172363281e+00
1.266851711273193359e+01 -4.105540513992309570e-01 2.973768234252929688e+00
1.261046409606933594e+01 -4.113637804985046387e-01 2.954785823822021484e+00
1.253818416595458984e+01 -4.123774766921997070e-01 2.930454730987548828e+00
1.243135166168212891e+01 -4.138865172863006592e-01 2.893196344375610352e+00
1.240193939208984375e+01 -4.143066406250000000e-01 2.882403612136840820e+00
1.231344699859619141e+01 -4.155748188495635986e-01 2.849483251571655273e+00
1.224690246582031250e+01 -4.165380895137786865e-01 2.823704004287719727e+00
1.218462944030761719e+01 -4.174467027187347412e-01 2.798849821090698242e+00
1.212499427795410156e+01 -4.183234870433807373e-01 2.774387598037719727e+00
1.206444931030273438e+01 -4.192203283309936523e-01 2.748903274536132812e+00
1.200412559509277344e+01 -4.201208651065826416e-01 2.722848653793334961e+00
1.191561222076416016e+01 -4.214527308940887451e-01 2.683639287948608398e+00
1.189827919006347656e+01 -4.217166602611541748e-01 2.675676345825195312e+00
1.183325386047363281e+01 -4.227091073989868164e-01 2.645591259002685547e+00
1.174888801574707031e+01 -4.240083098411560059e-01 2.605523109436035156e+00
1.169488430023193359e+01 -4.248498082160949707e-01 2.579004287719726562e+00
1.162931632995605469e+01 -4.258793890476226807e-01 2.546122074127197266e+00
1.153901767730712891e+01 -4.273107051849365234e-01 2.499680995941162109e+00
1.148893547058105469e+01 -4.281150102615356445e-01 2.473028421401977539e+00
1.142332553863525391e+01 -4.291764795780181885e-01 2.437453985214233398e+00
1.138751029968261719e+01 -4.297615885734558105e-01 2.417558670043945312e+00
1.133357810974121094e+01 -4.306473731994628906e-01 2.387205123901367188e+00
1.124849891662597656e+01 -4.320559799671173096e-01 2.338377714157104492e+00
1.118721771240234375e+01 -4.330836236476898193e-01 2.302122116088867188e+00
1.114029979705810547e+01 -4.338777065277099609e-01 2.273757696151733398e+00
1.106522369384765625e+01 -4.351573884487152100e-01 2.227619647979736328e+00
1.100345706939697266e+01 -4.362222552299499512e-01 2.188662290573120117e+00
1.096837139129638672e+01 -4.368328154087066650e-01 2.166060924530029297e+00
1.092193889617919922e+01 -4.376451671123504639e-01 2.135791778564453125e+00
1.085068893432617188e+01 -4.389005303382873535e-01 2.088611602783203125e+00
1.077176856994628906e+01 -4.403061568737030029e-01 2.035093545913696289e+00
1.074650764465332031e+01 -4.407614767551422119e-01 2.017510890960693359e+00
1.067503070831298828e+01 -4.420547783374786377e-01 1.967346906661987305e+00
1.061520385742187500e+01 -4.431490302085876465e-01 1.924370527267456055e+00
1.058061885833740234e+01 -4.437873363494873047e-01 1.899042367935180664e+00
1.050800228118896484e+01 -4.451345205307006836e-01 1.845269560813903809e+00
1.046462726593017578e+01 -4.459480047225952148e-01 1.812399864196777344e+00
1.038551616668701172e+01 -4.474413096904754639e-01 1.751621723175048828e+00
1.033675289154052734e+01 -4.483726322650909424e-01 1.713218450546264648e+00
1.027725887298583984e+01 -4.495171010494232178e-01 1.665648579597473145e+00
1.025012016296386719e+01 -4.500437080860137939e-01 1.643547296524047852e+00
1.020309734344482422e+01 -4.509598016738891602e-01 1.604931592941284180e+00
1.011404418945312500e+01 -4.527066051959991455e-01 1.530740022659301758e+00
1.008038330078125000e+01 -4.533753991127014160e-01 1.501928567886352539e+00
1.003590393066406250e+01 -4.542634189128875732e-01 1.463468194007873535e+00
9.986578941345214844e+00 -4.552544057369232178e-01 1.420244336128234863e+00
9.915904045104980469e+00 -4.566842615604400635e-01 1.357392072677612305e+00
9.878810882568359375e+00 -4.574421644210815430e-01 1.323704957962036133e+00
9.809219360351562500e+00 -4.588714241981506348e-01 1.259806871414184570e+00
9.750707626342773438e+00 -4.600846767425537109e-01 1.204972028732299805e+00
9.707069396972656250e+00 -4.609967470169067383e-01 1.163371324539184570e+00
9.640650749206542969e+00 -4.623930752277374268e-01 1.099245071411132812e+00
9.620121955871582031e+00 -4.628284871578216553e-01 1.079040169715881348e+00
9.555513381958007812e+00 -4.642025232315063477e-01 1.015073657035827637e+00
9.518318176269531250e+00 -4.650002717971801758e-01 9.775585532188415527e-01
9.439347267150878906e+00 -4.667021632194519043e-01 8.970558047294616699e-01
9.387199401855468750e+00 -4.678373932838439941e-01 8.426872491836547852e-01
9.358642578125000000e+00 -4.684631228446960449e-01 8.124712705612182617e-01
9.312880516052246094e+00 -4.694693982601165771e-01 7.636584639549255371e-01
9.264681816101074219e+00 -4.705352187156677246e-01 7.115804553031921387e-01
9.192968368530273438e+00 -4.721302986145019531e-01 6.330395340919494629e-01
9.151226043701171875e+00 -4.730667471885681152e-01 5.863969326019287109e-01
9.095187187194824219e+00 -4.743300676345825195e-01 5.230479836463928223e-01
9.076386451721191406e+00 -4.747566580772399902e-01 5.014613866806030273e-01
9.014647483825683594e+00 -4.761604666709899902e-01 4.302049279212951660e-01
8.959341049194335938e+00 -4.774268269538879395e-01 3.652739524841308594e-01
8.903595924377441406e+00 -4.787110090255737305e-01 2.988241016864776611e-01
8.875876426696777344e+00 -4.793534278869628906e-01 2.652723491191864014e-01
8.831518173217773438e+00 -4.803844988346099854e-01 2.111711055040359497e-01
8.762449264526367188e+00 -4.819973409175872803e-01 1.259044259786605835e-01
8.748119354248046875e+00 -4.823343157768249512e-01 1.078777313232421875e-01
8.685897827148437500e+00 -4.837995767593383789e-01 2.929976582527160645e-02
8.640725135803222656e+00 -4.848698079586029053e-01 -2.871924638748168945e-02
8.610766410827636719e+00 -4.823081195354461670e-01 1.575751975178718567e-02
8.562129974365234375e+00 -4.781866669654846191e-01 8.535255491733551025e-02
8.509711265563964844e+00 -4.738039374351501465e-01 1.560820639133453369e-01
8.479248046875000000e+00 -4.712889492511749268e-01 1.947337090969085693e-01
8.438149452209472656e+00 -4.679176807403564453e-01 2.450982630252838135e-01
8.377860069274902344e+00 -4.630115628242492676e-01 3.156280815601348877e-01
8.325726509094238281e+00 -4.588131606578826904e-01 3.726365566253662109e-01
8.287828445434570312e+00 -4.557842910289764404e-01 4.117645025253295898e-01
8.239331245422363281e+00 -4.519268572330474854e-01 4.598066210746765137e-01
8.189170837402343750e+00 -4.479586780071258545e-01 5.069342851638793945e-01
8.147064208984375000e+00 -4.446435272693634033e-01 5.443853139877319336e-01
8.092465400695800781e+00 -4.403592646121978760e-01 5.907598137855529785e-01
8.053063392639160156e+00 -4.372788071632385254e-01 6.222653388977050781e-01
8.007599830627441406e+00 -4.337316155433654785e-01 6.570580005645751953e-01
7.957109451293945312e+00 -4.297995865345001221e-01 6.937654614448547363e-01
7.899192810058593750e+00 -4.252959191799163818e-01 7.335004210472106934e-01
7.857701301574707031e+00 -4.220726490020751953e-01 7.600920200347900391e-01
7.804032325744628906e+00 -4.179040491580963135e-01 7.928147315979003906e-01
7.775298118591308594e+00 -4.156715869903564453e-01 8.092079162597656250e-01
7.695768356323242188e+00 -4.094896316528320312e-01 8.529593944549560547e-01
7.663344860076904297e+00 -4.069648683071136475e-01 8.690073490142822266e-01
7.623408317565917969e+00 -4.038513302803039551e-01 8.879071474075317383e-01
7.544924736022949219e+00 -3.977219760417938232e-01 9.229848384857177734e-01
7.511099815368652344e+00 -3.950698971748352051e-01 9.363905787467956543e-01
7.465830802917480469e+00 -3.915128111839294434e-01 9.533711075782775879e-01
7.410140514373779297e+00 -3.871229290962219238e-01 9.726992249488830566e-01
7.366649627685546875e+00 -3.836798667907714844e-01 9.863163232803344727e-01
7.311329364776611328e+00 -3.792837262153625488e-01 1.002192974090576172e+00
7.236984252929687500e+00 -3.733450174331665039e-01 1.021090269088745117e+00
7.172146797180175781e+00 -3.681261837482452393e-01 1.034749865531921387e+00
7.136608123779296875e+00 -3.652443885803222656e-01 1.040907025337219238e+00
7.075748443603515625e+00 -3.602873682975769043e-01 1.050214290618896484e+00
7.014590263366699219e+00 -3.552664518356323242e-01 1.057448029518127441e+00
6.980552673339843750e+00 -3.524480760097503662e-01 1.060295224189758301e+00
6.914580345153808594e+00 -3.469575941562652588e-01 1.064546465873718262e+00
6.874279499053955078e+00 -3.435691595077514648e-01 1.065643668174743652e+00
6.808699607849121094e+00 -3.380184173583984375e-01 1.065938711166381836e+00
6.773651599884033203e+00 -3.350182473659515381e-01 1.064797282218933105e+00
6.688555240631103516e+00 -3.276869058609008789e-01 1.060335040092468262e+00
6.673802852630615234e+00 -3.263953626155853271e-01 1.058845400810241699e+00
6.603095054626464844e+00 -3.201862573623657227e-01 1.051106452941894531e+00
6.559872150421142578e+00 -3.163348436355590820e-01 1.044609308242797852e+00
6.494548320770263672e+00 -3.104585707187652588e-01 1.033139348030090332e+00
6.449785709381103516e+00 -3.063714802265167236e-01 1.023549795150756836e+00
6.403154850006103516e+00 -3.020676374435424805e-01 1.012306332588195801e+00
6.354082107543945312e+00 -2.974852621555328369e-01 9.990806579589843750e-01
6.305743217468261719e+00 -2.929133772850036621e-01 9.845852851867675781e-01
6.230660438537597656e+00 -2.857183814048767090e-01 9.597843885421752930e-01
6.202921867370605469e+00 -2.830033004283905029e-01 9.492793083190917969e-01
6.130913734436035156e+00 -2.758960127830505371e-01 9.206865429878234863e-01
6.092898368835449219e+00 -2.720596492290496826e-01 9.037412405014038086e-01
6.060021877288818359e+00 -2.687003016471862793e-01 8.882142305374145508e-01
6.007655620574951172e+00 -2.632895410060882568e-01 8.622551560401916504e-01
5.931445598602294922e+00 -2.552699148654937744e-01 8.215614557266235352e-01
5.895022392272949219e+00 -2.513286769390106201e-01 8.000035285949707031e-01
5.863731861114501953e+00 -2.478941828012466431e-01 7.805774807929992676e-01
5.797788619995117188e+00 -2.405637204647064209e-01 7.379523515701293945e-01
5.747642517089843750e+00 -2.348333299160003662e-01 7.027409076690673828e-01
5.720268726348876953e+00 -2.316345125436782837e-01 6.822949647903442383e-01
5.667480468750000000e+00 -2.253861427307128906e-01 6.415230035781860352e-01
5.632762908935546875e+00 -2.211706042289733887e-01 6.129423975944519043e-01
5.596745014190673828e+00 -2.167190462350845337e-01 5.820247530937194824e-01
5.542986392974853516e+00 -2.099467366933822632e-01 5.338368415832519531e-01
5.489271163940429688e+00 -2.029754519462585449e-01 4.824856817722320557e-01
5.457875251770019531e+00 -1.987695097923278809e-01 4.504665136337280273e-01
5.419207096099853516e+00 -1.934859603643417358e-01 4.094902873039245605e-01
5.380819320678710938e+00 -1.881057918071746826e-01 3.668294548988342285e-01
5.339099884033203125e+00 -1.821013092994689941e-01 3.181933760643005371e-01
5.305420875549316406e+00 -1.771039068698883057e-01 2.767983675003051758e-01
5.259502410888671875e+00 -1.701098233461380005e-01 2.178404629230499268e-01
5.239213466644287109e+00 -1.669007688760757446e-01 1.901565343141555786e-01
5.182457923889160156e+00 -1.577623337507247925e-01 1.105322092771530151e-01
5.165598869323730469e+00 -1.549022793769836426e-01 8.493088930845260620e-02
5.119536399841308594e+00 -1.469541490077972412e-01 1.322844624519348145e-02
5.091897487640380859e+00 -1.419483423233032227e-01 -3.287651017308235168e-02
5.031966209411621094e+00 -1.271812319755554199e-01 4.075994715094566345e-02
4.981099128723144531e+00 -1.147521883249282837e-01 9.920442104339599609e-02
4.956069946289062500e+00 -1.086747571825981140e-01 1.264053583145141602e-01
4.886940956115722656e+00 -9.193602204322814941e-02 1.995398402214050293e-01
4.855571269989013672e+00 -8.439496159553527832e-02 2.303424179553985596e-01
4.806498527526855469e+00 -7.263218611478805542e-02 2.769516706466674805e-01
4.720142364501953125e+00 -5.201984196901321411e-02 3.548023402690887451e-01
4.699256420135498047e+00 -4.706777632236480713e-02 3.719617724418640137e-01
4.642522335052490234e+00 -3.363449871540069580e-02 4.175484180450439453e-01
4.592104434967041016e+00 -2.173898741602897644e-02 4.556506276130676270e-01
4.521861076354980469e+00 -5.212305113673210144e-03 5.058879256248474121e-01
4.445793628692626953e+00 1.262232102453708649e-02 5.561764240264892578e-01
4.418778419494628906e+00 1.893600076436996460e-02 5.725340247154235840e-01
4.349207878112792969e+00 3.517984598875045776e-02 6.133419871330261230e-01
4.297670364379882812e+00 4.718625918030738831e-02 6.411166191101074219e-01
4.243271350860595703e+00 5.984233692288398743e-02 6.685836911201477051e-01
4.174040794372558594e+00 7.592982798814773560e-02 7.011209130287170410e-01
4.115993976593017578e+00 8.940222859382629395e-02 7.258915901184082031e-01
4.066432476043701172e+00 1.008971482515335083e-01 7.452954053878784180e-01
3.984004020690917969e+00 1.200074851512908936e-01 7.751414775848388672e-01
3.962379932403564453e+00 1.250190585851669312e-01 7.819336652755737305e-01
3.901242256164550781e+00 1.391887962818145752e-01 8.003847002983093262e-01
3.798242568969726562e+00 1.630652397871017456e-01 8.279129862785339355e-01
3.749864816665649414e+00 1.742880195379257202e-01 8.380758166313171387e-01
3.687057256698608398e+00 1.888682991266250610e-01 8.496153950691223145e-01
3.636584520339965820e+00 2.005979567766189575e-01 8.571760058403015137e-01
3.585192441940307617e+00 2.125543802976608276e-01 8.634839057922363281e-01
3.515004158020019531e+00 2.289047390222549438e-01 8.701742887496948242e-01
3.480667114257812500e+00 2.369195967912673950e-01 8.721653223037719727e-01
3.388709068298339844e+00 2.584087848663330078e-01 8.758226633071899414e-01
3.339206218719482422e+00 2.700149714946746826e-01 8.753727078437805176e-01
3.259616613388061523e+00 2.887142896652221680e-01 8.725520372390747070e-01
3.215283632278442383e+00 2.991684079170227051e-01 8.690923452377319336e-01
3.178946256637573242e+00 3.077568709850311279e-01 8.653882741928100586e-01
3.104368209838867188e+00 3.254192471504211426e-01 8.563162684440612793e-01
3.065266847610473633e+00 3.347201943397521973e-01 8.499631285667419434e-01
2.974461793899536133e+00 3.563746511936187744e-01 8.332405090332031250e-01
2.927676439285278320e+00 3.676012754440307617e-01 8.222337365150451660e-01
2.876007556915283203e+00 3.800444006919860840e-01 8.086882829666137695e-01
2.791164875030517578e+00 4.005628526210784912e-01 7.838844656944274902e-01
2.735725879669189453e+00 4.140700399875640869e-01 7.648624181747436523e-01
2.678942918777465820e+00 4.279789924621582031e-01 7.434360980987548828e-01
2.655778169631958008e+00 4.336866736412048340e-01 7.338614463806152344e-01
2.577834129333496094e+00 4.529409408569335938e-01 7.004739046096801758e-01
2.513731241226196289e+00 4.689182937145233154e-01 6.696984171867370605e-01
2.475938796997070312e+00 4.784143567085266113e-01 6.498745679855346680e-01
2.437710046768188477e+00 4.880696535110473633e-01 6.287828683853149414e-01
2.359231233596801758e+00 5.079994201660156250e-01 5.832679867744445801e-01
2.304726839065551758e+00 5.220063328742980957e-01 5.483719706535339355e-01
2.260834932327270508e+00 5.333892107009887695e-01 5.183243751525878906e-01
2.226869821548461914e+00 5.422673821449279785e-01 4.938031733036041260e-01
2.181076765060424805e+00 5.543150305747985840e-01 4.593657851219177246e-01
2.114937305450439453e+00 5.718761086463928223e-01 4.068418443202972412e-01
2.072383165359497070e+00 5.833371281623840332e-01 3.703090846538543701e-01
2.018214225769042969e+00 5.980740189552307129e-01 3.214050531387329102e-01
1.992608070373535156e+00 6.051366925239562988e-01 2.967568039894104004e-01
1.946161627769470215e+00 6.180380582809448242e-01 2.506537139415740967e-01
1.893511891365051270e+00 6.328599452972412109e-01 1.953899860382080078e-01
1.853733301162719727e+00 6.442449688911437988e-01 1.508673429489135742e-01
1.799086689949035645e+00 6.601008176803588867e-01 8.659156411886215210e-02
1.766279339790344238e+00 6.698161363601684570e-01 4.522370919585227966e-02
1.715950846672058105e+00 6.849233508110046387e-01 -2.104172483086585999e-02
1.655466318130493164e+00 7.072720527648925781e-01 4.216564819216728210e-02
1.624451756477355957e+00 7.186797261238098145e-01 7.250816375017166138e-02
1.531844735145568848e+00 7.526714205741882324e-01 1.601417362689971924e-01
1.478091478347778320e+00 7.722886204719543457e-01 2.061376124620437622e-01
1.424943566322326660e+00 7.916307449340820312e-01 2.490546405315399170e-01
1.349297046661376953e+00 8.190923929214477539e-01 3.067145049571990967e-01
1.318763852119445801e+00 8.301417231559753418e-01 3.281197249889373779e-01
1.247722864151000977e+00 8.558216691017150879e-01 3.762578070163726807e-01
1.200884103775024414e+00 8.727126717567443848e-01 4.055188000202178955e-01
1.117275595664978027e+00 9.028229713439941406e-01 4.549646377563476562e-01
1.049256205558776855e+00 9.272667765617370605e-01 4.912882745265960693e-01
9.775015711784362793e-01 9.530166983604431152e-01 5.264104008674621582e-01
9.402813911437988281e-01 9.663574695587158203e-01 5.429419875144958496e-01
8.751618266105651855e-01 9.896869063377380371e-01 5.703800320625305176e-01
7.871661782264709473e-01 1.021189212799072266e+00 6.040105819702148438e-01
7.319286465644836426e-01 1.040950536727905273e+00 6.222773194313049316e-01
6.330615282058715820e-01 1.076313257217407227e+00 6.518638730049133301e-01
5.696585178375244141e-01 1.098988652229309082e+00 6.673352718353271484e-01
5.199496746063232422e-01 1.116770029067993164e+00 6.777435541152954102e-01
4.667153656482696533e-01 1.135818004608154297e+00 6.874616742134094238e-01
3.906177878379821777e-01 1.163058280944824219e+00 6.991843581199645996e-01
2.940517663955688477e-01 1.197652459144592285e+00 7.101528644561767578e-01
2.090985625982284546e-01 1.228126168251037598e+00 7.154693603515625000e-01
1.768918335437774658e-01 1.239696502685546875e+00 7.160453796386718750e-01
8.254352957010269165e-02 1.273615002632141113e+00 7.161352634429931641e-01
1.087561249732971191e-02 1.299436092376708984e+00 7.126337885856628418e-01
-1.261945441365242004e-02 1.307917833328247070e+00 7.105908393859863281e-01
-1.272640079259872437e-01 1.349334955215454102e+00 6.991813182830810547e-01
-1.702568233013153076e-01 1.364924788475036621e+00 6.922377347946166992e-01
-2.636758685111999512e-01 1.398856401443481445e+00 6.749410629272460938e-01
-3.073787093162536621e-01 1.414791584014892578e+00 6.645669937133789062e-01
-3.572388291358947754e-01 1.433009147644042969e+00 6.514858007431030273e-01
-4.612329304218292236e-01 1.471100568771362305e+00 6.211906075477600098e-01
-4.880138337612152100e-01 1.480965018272399902e+00 6.117271780967712402e-01
-5.848237276077270508e-01 1.516682624816894531e+00 5.759192109107971191e-01
-6.121444106101989746e-01 1.526825308799743652e+00 5.641407966613769531e-01
-6.999067664146423340e-01 1.559470891952514648e+00 5.247285366058349609e-01
-7.484949827194213867e-01 1.577665209770202637e+00 5.000224709510803223e-01
-8.365245461463928223e-01 1.610764622688293457e+00 4.522241353988647461e-01
-8.586105108261108398e-01 1.619136095046997070e+00 4.387879073619842529e-01
-9.282581210136413574e-01 1.645594954490661621e+00 3.952146172523498535e-01
-9.968453645706176758e-01 1.671844959259033203e+00 3.484458029270172119e-01
-1.068748354911804199e+00 1.699587583541870117e+00 2.951709032058715820e-01
-1.094257116317749023e+00 1.709523081779479980e+00 2.745764255523681641e-01
-1.152960300445556641e+00 1.732472300529479980e+00 2.257101833820343018e-01
-1.209077835083007812e+00 1.754608631134033203e+00 1.756115704774856567e-01
-1.252439498901367188e+00 1.771876096725463867e+00 1.342085152864456177e-01
-1.326403856277465820e+00 1.801568388938903809e+00 5.977109819650650024e-02
-1.347033500671386719e+00 1.809975981712341309e+00 3.704077377915382385e-02
-1.448643565177917480e+00 1.859566450119018555e+00 1.376889646053314209e-01
-1.509613156318664551e+00 1.889141201972961426e+00 1.917261481285095215e-01
-1.564703106880187988e+00 1.915781974792480469e+00 2.374453842639923096e-01
-1.652145624160766602e+00 1.957962632179260254e+00 3.058167397975921631e-01
-1.746560692787170410e+00 2.003344058990478516e+00 3.728561103343963623e-01
-1.799103975296020508e+00 2.028516054153442383e+00 4.063812494277954102e-01
-1.855877637863159180e+00 2.055671930313110352e+00 4.404676854610443115e-01
-1.928164720535278320e+00 2.090194940567016602e+00 4.810299277305603027e-01
-2.052233219146728516e+00 2.149343252182006836e+00 5.446717143058776855e-01
-2.103240966796875000e+00 2.173597335815429688e+00 5.668129920959472656e-01
-2.221292257308959961e+00 2.229684114456176758e+00 6.144204139709472656e-01
-2.281717300415039062e+00 2.258344411849975586e+00 6.345970630645751953e-01
-2.350987911224365234e+00 2.291180372238159180e+00 6.553587317466735840e-01
-2.440600156784057617e+00 2.333635568618774414e+00 6.787682175636291504e-01
-2.515188455581665039e+00 2.368954896926879883e+00 6.946070790290832520e-01
-2.626208782196044922e+00 2.421514749526977539e+00 7.137452363967895508e-01
-2.678773164749145508e+00 2.446398735046386719e+00 7.197169065475463867e-01
-2.737466335296630859e+00 2.474188327789306641e+00 7.247697114944458008e-01
-2.851386785507202148e+00 2.528141498565673828e+00 7.310860157012939453e-01
-2.934554815292358398e+00 2.567559242248535156e+00 7.307494878768920898e-01
-3.024974107742309570e+00 2.610450267791748047e+00 7.264474630355834961e-01
-3.116530656814575195e+00 2.653932094573974609e+00 7.177242636680603027e-01
-3.165305614471435547e+00 2.677130699157714844e+00 7.106910347938537598e-01
-3.239282369613647461e+00 2.712349653244018555e+00 6.980688571929931641e-01
-3.327215671539306641e+00 2.754280328750610352e+00 6.794905662536621094e-01
-3.431170463562011719e+00 2.803959369659423828e+00 6.523905396461486816e-01
-3.513289213180541992e+00 2.843321323394775391e+00 6.260313987731933594e-01
-3.588917732238769531e+00 2.879674196243286133e+00 5.980117917060852051e-01
-3.619542598724365234e+00 2.894438266754150391e+00 5.852157473564147949e-01
-3.710136890411376953e+00 2.938170909881591797e+00 5.455704927444458008e-01
-3.769459247589111328e+00 2.966927051544189453e+00 5.160308480262756348e-01
-3.847891807556152344e+00 3.005064964294433594e+00 4.737155437469482422e-01
-3.899628639221191406e+00 3.030336141586303711e+00 4.428222179412841797e-01
-3.976473093032836914e+00 3.067997455596923828e+00 3.938535451889038086e-01
-4.057318210601806641e+00 3.107835769653320312e+00 3.372577428817749023e-01
-4.121764659881591797e+00 3.139800548553466797e+00 2.875534892082214355e-01
-4.181868553161621094e+00 3.169788360595703125e+00 2.375031411647796631e-01
-4.242309570312500000e+00 3.200131416320800781e+00 1.834383904933929443e-01
-4.328817367553710938e+00 3.243863582611083984e+00 1.002445444464683533e-01
-4.366090297698974609e+00 3.262920618057250977e+00 6.043814122676849365e-02
-4.442177772521972656e+00 3.302045106887817383e+00 -2.471345663070678711e-02
-4.505600452423095703e+00 3.340895891189575195e+00 3.389174863696098328e-02
-4.624583721160888672e+00 3.413482189178466797e+00 1.366659849882125854e-01
-4.669531345367431641e+00 3.440711975097656250e+00 1.707907319068908691e-01
-4.760848522186279297e+00 3.495906114578247070e+00 2.368238866329193115e-01
-4.893605709075927734e+00 3.575798511505126953e+00 3.235164284706115723e-01
-5.007423400878906250e+00 3.643908500671386719e+00 3.870591521263122559e-01
-5.044749736785888672e+00 3.666152715682983398e+00 4.050970673561096191e-01
-5.137098789215087891e+00 3.721122026443481445e+00 4.475636184215545654e-01
-5.303560256958007812e+00 3.819927453994750977e+00 5.146887898445129395e-01
-5.338289260864257812e+00 3.840448379516601562e+00 5.253025889396667480e-01
-5.449148654937744141e+00 3.905903339385986328e+00 5.570291280746459961e-01
-5.604418277740478516e+00 3.997365713119506836e+00 5.919550657272338867e-01
-5.695235729217529297e+00 4.050712585449218750e+00 6.047855019569396973e-01
-5.759150028228759766e+00 4.088208675384521484e+00 6.107533574104309082e-01
-5.909307956695556641e+00 4.176234245300292969e+00 6.197459101676940918e-01
-5.978758335113525391e+00 4.216884613037109375e+00 6.184377670288085938e-01
-6.039210796356201172e+00 4.252252101898193359e+00 6.150958538055419922e-01
-6.189052581787109375e+00 4.339891910552978516e+00 6.020310521125793457e-01
-6.274480819702148438e+00 4.389833450317382812e+00 5.877242088317871094e-01
-6.374752998352050781e+00 4.448456764221191406e+00 5.662351250648498535e-01
-6.503512382507324219e+00 4.523760795593261719e+00 5.313850045204162598e-01
-6.534533023834228516e+00 4.541918277740478516e+00 5.206583738327026367e-01
-6.666338443756103516e+00 4.619095325469970703e+00 4.726079702377319336e-01
-6.743570804595947266e+00 4.664391040802001953e+00 4.380858838558197021e-01
-6.820270061492919922e+00 4.709436416625976562e+00 3.998694419860839844e-01
-6.938484668731689453e+00 4.778978347778320312e+00 3.346488475799560547e-01
-7.022426128387451172e+00 4.828511238098144531e+00 2.809526622295379639e-01
-7.118393421173095703e+00 4.885301113128662109e+00 2.130298912525177002e-01
-7.200420379638671875e+00 4.934031009674072266e+00 1.480337530374526978e-01
-7.258687496185302734e+00 4.968787193298339844e+00 9.721916913986206055e-02
-7.320292949676513672e+00 5.005661487579345703e+00 3.967758268117904663e-02
-7.405984401702880859e+00 5.057166576385498047e+00 -4.644310474395751953e-02
-7.506107330322265625e+00 5.129736423492431641e+00 4.120656102895736694e-02
-7.617101669311523438e+00 5.209583759307861328e+00 1.281133890151977539e-01
-7.765232086181640625e+00 5.315356731414794922e+00 2.302809953689575195e-01
-7.900467872619628906e+00 5.411075115203857422e+00 3.082319498062133789e-01
-8.020488739013671875e+00 5.495431900024414062e+00 3.661352694034576416e-01
-8.186048507690429688e+00 5.611151695251464844e+00 4.331405758857727051e-01
-8.247860908508300781e+00 5.654057025909423828e+00 4.518831968307495117e-01
-8.385566711425781250e+00 5.749422550201416016e+00 4.886752367019653320e-01
-8.546752929687500000e+00 5.860504150390625000e+00 5.190242528915405273e-01
-8.670140266418457031e+00 5.945094108581542969e+00 5.311522483825683594e-01
-8.737957000732421875e+00 5.991421222686767578e+00 5.332224965095520020e-01
-8.899470329284667969e+00 6.101555824279785156e+00 5.321643948554992676e-01
-9.021487236022949219e+00 6.184415817260742188e+00 5.204930305480957031e-01
-9.207179069519042969e+00 6.310169219970703125e+00 4.900395572185516357e-01
-9.333415985107421875e+00 6.395330429077148438e+00 4.557704925537109375e-01
-9.398225784301757812e+00 6.438956737518310547e+00 4.332067966461181641e-01
-9.500451087951660156e+00 6.507703304290771484e+00 3.934237360954284668e-01
-9.627120018005371094e+00 6.592770576477050781e+00 3.356011807918548584e-01
-9.738035202026367188e+00 6.667150974273681641e+00 2.751075625419616699e-01
-9.853322029113769531e+00 6.744393825531005859e+00 2.024871110916137695e-01
-9.958904266357421875e+00 6.815095901489257812e+00 1.258167028427124023e-01
-1.008042430877685547e+01 6.896468639373779297e+00 2.564890682697296143e-02
-1.016433811187744141e+01 6.952692508697509766e+00 -5.427798628807067871e-02
-1.036937141418457031e+01 7.119118690490722656e+00 1.215033531188964844e-01
-1.051849937438964844e+01 7.237556457519531250e+00 2.215020954608917236e-01
-1.077186965942382812e+01 7.436065196990966797e+00 3.621789813041687012e-01
-1.098169898986816406e+01 7.597050666809082031e+00 4.417419433593750000e-01
-1.108942317962646484e+01 7.678428649902343750e+00 4.685901403427124023e-01
-1.122651195526123047e+01 7.781222343444824219e+00 4.941518604755401611e-01
-1.144627666473388672e+01 7.944492340087890625e+00 5.179342031478881836e-01
-1.161456108093261719e+01 8.067705154418945312e+00 5.153091549873352051e-01
-1.183712005615234375e+01 8.228881835937500000e+00 4.908450245857238770e-01
-1.206239700317382812e+01 8.389650344848632812e+00 4.372772276401519775e-01
-1.221983051300048828e+01 8.500289916992187500e+00 3.783311843872070312e-01
-1.235167884826660156e+01 8.591914176940917969e+00 3.153887391090393066e-01
-1.258337020874023438e+01 8.751325607299804688e+00 1.831516772508621216e-01
-1.265807151794433594e+01 8.801732063293457031e+00 1.266625821590423584e-01
-1.281653022766113281e+01 8.907916069030761719e+00 -4.149258136749267578e-03
-1.300207042694091797e+01 9.030215263366699219e+00 -1.881629973649978638e-01
-1.321378517150878906e+01 9.197128295898437500e+00 -5.589765310287475586e-02
-1.370157432556152344e+01 9.568903923034667969e+00 1.745795160531997681e-01
-1.415370655059814453e+01 9.889500617980957031e+00 2.514668107032775879e-01
-1.447286319732666016e+01 1.010186004638671875e+01 2.293450236320495605e-01
-1.463476562500000000e+01 1.020460319519042969e+01 1.915473043918609619e-01
-1.507252883911132812e+01 1.047528266906738281e+01 5.185241997241973877e-02
-1.535911560058593750e+01 1.063840579986572266e+01 -1.132805347442626953e-01
-1.703908538818359375e+01 1.174607372283935547e+01 2.586993575096130371e-01
-1.814221000671386719e+01 1.223052692413330078e+01 -4.688630104064941406e-01
-1.837292098999023438e+01 1.227180576324462891e+01 -8.584316968917846680e-01
-1.133343353271484375e+02 -3.761947326660156250e+02 -1.205401458740234375e+02
1.870714993373085696e+18 3.554603925891973120e+17 -1.684173224994144256e+18
nan nan nan
nan nan nan
nan nan nan
nan nan nan
