2.335993766784667969e+01 -2.560642361640930176e-01 2.985875308513641357e-01
2.323228263854980469e+01 -2.746721804141998291e-01 3.777902126312255859e-01
2.307595252990722656e+01 -2.975075244903564453e-01 4.739014506340026855e-01
2.289285469055175781e+01 -3.243195414543151855e-01 5.851836800575256348e-01
2.273677062988281250e+01 -3.472408056259155273e-01 6.787416934967041016e-01
2.264055824279785156e+01 -3.614029288291931152e-01 7.357143163681030273e-01
2.250482559204101562e+01 -3.814100027084350586e-01 8.154737949371337891e-01
2.239764022827148438e+01 -3.972397148609161377e-01 8.777650594711303711e-01
2.223380279541015625e+01 -4.214718043804168701e-01 9.721323251724243164e-01
2.204605102539062500e+01 -4.493024349212646484e-01 1.078768134117126465e+00
2.196823883056640625e+01 -4.608648121356964111e-01 1.122233867645263672e+00
2.185359382629394531e+01 -4.779165685176849365e-01 1.185822963714599609e+00
2.170672035217285156e+01 -4.997923374176025391e-01 1.266428470611572266e+00
2.155591964721679688e+01 -5.222918987274169922e-01 1.348042130470275879e+00
2.141612815856933594e+01 -5.431844592094421387e-01 1.422588348388671875e+00
2.130347824096679688e+01 -5.600461959838867188e-01 1.481819748878479004e+00
2.114081954956054688e+01 -5.844217538833618164e-01 1.566353321075439453e+00
2.103064155578613281e+01 -6.009596586227416992e-01 1.622627615928649902e+00
2.089559745788574219e+01 -6.212511062622070312e-01 1.690772414207458496e+00
2.074988555908203125e+01 -6.431723237037658691e-01 1.763187885284423828e+00
2.062468338012695312e+01 -6.620315313339233398e-01 1.824362635612487793e+00
2.056641387939453125e+01 -6.708174943923950195e-01 1.852408409118652344e+00
2.040153121948242188e+01 -6.956900358200073242e-01 1.931203722953796387e+00
2.027034568786621094e+01 -7.155036926269531250e-01 1.992606282234191895e+00
2.020438385009765625e+01 -7.254751920700073242e-01 2.022956132888793945e+00
2.001640129089355469e+01 -7.539048790931701660e-01 2.108690977096557617e+00
1.996026420593261719e+01 -7.624045014381408691e-01 2.133637666702270508e+00
1.978249740600585938e+01 -7.893285155296325684e-01 2.212008953094482422e+00
1.972485542297363281e+01 -7.980669140815734863e-01 2.236767530441284180e+00
1.955331420898437500e+01 -8.240785002708435059e-01 2.309809207916259766e+00
1.949230766296386719e+01 -8.333357572555541992e-01 2.335100412368774414e+00
1.935561180114746094e+01 -8.540824651718139648e-01 2.391216516494750977e+00
1.926269340515136719e+01 -8.681908249855041504e-01 2.428509473800659180e+00
1.913728332519531250e+01 -8.872367739677429199e-01 2.478051424026489258e+00
1.895990753173828125e+01 -9.141812324523925781e-01 2.546592473983764648e+00
1.892640304565429688e+01 -9.192718863487243652e-01 2.559123039245605469e+00
1.878828430175781250e+01 -9.402579069137573242e-01 2.610451936721801758e+00
1.865408897399902344e+01 -9.606481790542602539e-01 2.658996582031250000e+00
1.859537506103515625e+01 -9.695689082145690918e-01 2.679664134979248047e+00
1.848500442504882812e+01 -9.863367676734924316e-01 2.718038558959960938e+00
1.837363624572753906e+01 -1.003253340721130371e+00 2.755848407745361328e+00
1.822303009033203125e+01 -1.026124596595764160e+00 2.805719137191772461e+00
1.809396553039550781e+01 -1.045716404914855957e+00 2.846973419189453125e+00
1.799541854858398438e+01 -1.060668826103210449e+00 2.877486467361450195e+00
1.787719345092773438e+01 -1.078599333763122559e+00 2.913176298141479492e+00
1.780666542053222656e+01 -1.089289665222167969e+00 2.933803081512451172e+00
1.767135810852050781e+01 -1.109791159629821777e+00 2.972607374191284180e+00
1.762232971191406250e+01 -1.117213964462280273e+00 2.986127138137817383e+00
1.751047897338867188e+01 -1.134142160415649414e+00 3.016518354415893555e+00
1.741078567504882812e+01 -1.149218678474426270e+00 3.042678117752075195e+00
1.733791351318359375e+01 -1.160230755805969238e+00 3.061187505722045898e+00
1.717457389831542969e+01 -1.184898972511291504e+00 3.101661682128906250e+00
1.713903045654296875e+01 -1.190259337425231934e+00 3.109967231750488281e+00
1.698385429382324219e+01 -1.213653802871704102e+00 3.145745992660522461e+00
1.691093063354492188e+01 -1.224631309509277344e+00 3.161558628082275391e+00
1.684461021423339844e+01 -1.234607100486755371e+00 3.175505638122558594e+00
1.672515678405761719e+01 -1.252561926841735840e+00 3.199909925460815430e+00
1.662438011169433594e+01 -1.267688989639282227e+00 3.219397068023681641e+00
1.648123168945312500e+01 -1.289149880409240723e+00 3.245739698410034180e+00
1.640933799743652344e+01 -1.299908757209777832e+00 3.258000850677490234e+00
1.632370376586914062e+01 -1.312711715698242188e+00 3.272018194198608398e+00
1.626104545593261719e+01 -1.322068572044372559e+00 3.281758069992065430e+00
1.614776039123535156e+01 -1.338970541954040527e+00 3.298677444458007812e+00
1.608128929138183594e+01 -1.348871588706970215e+00 3.307865142822265625e+00
1.593532657623291016e+01 -1.370591640472412109e+00 3.327076435089111328e+00
1.588766002655029297e+01 -1.377668738365173340e+00 3.332649469375610352e+00
1.576515197753906250e+01 -1.395843863487243652e+00 3.346378087997436523e+00
1.566723537445068359e+01 -1.410341739654541016e+00 3.356115341186523438e+00
1.560132312774658203e+01 -1.420084953308105469e+00 3.361995935440063477e+00
1.549295043945312500e+01 -1.436086773872375488e+00 3.370911359786987305e+00
1.539499092102050781e+01 -1.450523853302001953e+00 3.377837657928466797e+00
1.534764671325683594e+01 -1.457489252090454102e+00 3.380683898925781250e+00
1.523068904876708984e+01 -1.474682211875915527e+00 3.387111663818359375e+00
1.513452720642089844e+01 -1.488788366317749023e+00 3.391156911849975586e+00
1.507402133941650391e+01 -1.497648715972900391e+00 3.393052339553833008e+00
1.500135898590087891e+01 -1.508277297019958496e+00 3.394832372665405273e+00
1.490731716156005859e+01 -1.522014975547790527e+00 3.396358728408813477e+00
1.477821636199951172e+01 -1.540841698646545410e+00 3.397057294845581055e+00
1.473277282714843750e+01 -1.547453045845031738e+00 3.396618366241455078e+00
1.466544914245605469e+01 -1.557239532470703125e+00 3.395606994628906250e+00
1.458351898193359375e+01 -1.569134831428527832e+00 3.393720149993896484e+00
1.449403953552246094e+01 -1.582107305526733398e+00 3.390779018402099609e+00
1.441501808166503906e+01 -1.593545317649841309e+00 3.387322902679443359e+00
1.430873775482177734e+01 -1.608907938003540039e+00 3.381642818450927734e+00
1.423692131042480469e+01 -1.619269967079162598e+00 3.376855134963989258e+00
1.412405490875244141e+01 -1.635535478591918945e+00 3.368310689926147461e+00
1.404109573364257812e+01 -1.647469043731689453e+00 3.360836505889892578e+00
1.398730659484863281e+01 -1.655196547508239746e+00 3.355413913726806641e+00
1.388146114349365234e+01 -1.670390367507934570e+00 3.344001054763793945e+00
1.383011817932128906e+01 -1.677748918533325195e+00 3.337748289108276367e+00
1.373955059051513672e+01 -1.690720200538635254e+00 3.326098442077636719e+00
1.369131088256835938e+01 -1.697620749473571777e+00 3.319304943084716797e+00
1.362042427062988281e+01 -1.707754492759704590e+00 3.308856964111328125e+00
1.353634738922119141e+01 -1.719763398170471191e+00 3.295647144317626953e+00
1.345393848419189453e+01 -1.731522440910339355e+00 3.281738281250000000e+00
1.334700012207031250e+01 -1.746767520904541016e+00 3.262452125549316406e+00
1.330626201629638672e+01 -1.752568721771240234e+00 3.254484653472900391e+00
1.323321151733398438e+01 -1.762967228889465332e+00 3.239769458770751953e+00
1.311033630371093750e+01 -1.780446529388427734e+00 3.213714599609375000e+00
1.305021095275878906e+01 -1.788990616798400879e+00 3.199877023696899414e+00
1.298878669738769531e+01 -1.797715306282043457e+00 3.185189247131347656e+00
1.293744182586669922e+01 -1.805005431175231934e+00 3.172435998916625977e+00
1.281963920593261719e+01 -1.821725845336914062e+00 3.142256498336791992e+00
1.279007148742675781e+01 -1.825919628143310547e+00 3.134145259857177734e+00
1.268837261199951172e+01 -1.840342521667480469e+00 3.105777502059936523e+00
1.261321067810058594e+01 -1.850997090339660645e+00 3.083608627319335938e+00
1.255691051483154297e+01 -1.858975768089294434e+00 3.066327810287475586e+00
1.245660686492919922e+01 -1.873188138008117676e+00 3.034630060195922852e+00
1.243448257446289062e+01 -1.876322269439697266e+00 3.027276039123535156e+00
1.232070350646972656e+01 -1.892439484596252441e+00 2.989041805267333984e+00
1.226559448242187500e+01 -1.900244712829589844e+00 2.969477891921997070e+00
1.219282245635986328e+01 -1.910551190376281738e+00 2.942966461181640625e+00
1.210290431976318359e+01 -1.923285961151123047e+00 2.909091949462890625e+00
1.205641746520996094e+01 -1.929870009422302246e+00 2.890856266021728516e+00
1.197624397277832031e+01 -1.941225886344909668e+00 2.858754396438598633e+00
1.194327163696289062e+01 -1.945896625518798828e+00 2.845085144042968750e+00
1.183995914459228516e+01 -1.960532784461975098e+00 2.801647186279296875e+00
1.177541828155517578e+01 -1.969678521156311035e+00 2.773308038711547852e+00
1.169753074645996094e+01 -1.980717539787292480e+00 2.738189458847045898e+00
1.163288497924804688e+01 -1.989882349967956543e+00 2.708109378814697266e+00
1.160485076904296875e+01 -1.993857741355895996e+00 2.694725513458251953e+00
1.152580738067626953e+01 -2.005068063735961914e+00 2.656570672988891602e+00
1.143699645996093750e+01 -2.017668008804321289e+00 2.612363576889038086e+00
1.138611412048339844e+01 -2.024890184402465820e+00 2.586162805557250977e+00
1.133057880401611328e+01 -2.032774925231933594e+00 2.557013511657714844e+00
1.128448486328125000e+01 -2.039321184158325195e+00 2.532314777374267578e+00
1.120800304412841797e+01 -2.050186157226562500e+00 2.490631341934204102e+00
1.112837696075439453e+01 -2.061503410339355469e+00 2.446008443832397461e+00
1.105956363677978516e+01 -2.071289062500000000e+00 2.406327486038208008e+00
1.101321029663085938e+01 -2.077883958816528320e+00 2.378938674926757812e+00
1.097022628784179688e+01 -2.084001541137695312e+00 2.353125095367431641e+00
1.087906742095947266e+01 -2.096979379653930664e+00 2.297556161880493164e+00
1.080304241180419922e+01 -2.107810497283935547e+00 2.249736785888671875e+00
1.076246929168701172e+01 -2.113594293594360352e+00 2.223550319671630859e+00
1.068021678924560547e+01 -2.125323534011840820e+00 2.169733762741088867e+00
1.064726161956787109e+01 -2.130026102066040039e+00 2.147573471069335938e+00
1.056100273132324219e+01 -2.142338514328002930e+00 2.088934898376464844e+00
1.050575542449951172e+01 -2.150230169296264648e+00 2.050303220748901367e+00
1.043756294250488281e+01 -2.159976005554199219e+00 2.001758337020874023e+00
1.038625431060791016e+01 -2.167313337326049805e+00 1.964424371719360352e+00
1.034933757781982422e+01 -2.172595024108886719e+00 1.937119841575622559e+00
1.026320648193359375e+01 -2.184921979904174805e+00 1.872665882110595703e+00
1.021550941467285156e+01 -2.191753864288330078e+00 1.835993528366088867e+00
1.018089866638183594e+01 -2.196713447570800781e+00 1.808984875679016113e+00
1.012834644317626953e+01 -2.204246520996093750e+00 1.767532587051391602e+00
1.005591773986816406e+01 -2.214633941650390625e+00 1.709468603134155273e+00
9.979391098022460938e+00 -2.225616693496704102e+00 1.646744132041931152e+00
9.930179595947265625e+00 -2.232684612274169922e+00 1.605460405349731445e+00
9.877678871154785156e+00 -2.240228414535522461e+00 1.560759305953979492e+00
9.844919204711914062e+00 -2.244938135147094727e+00 1.532423853874206543e+00
9.769493103027343750e+00 -2.255784988403320312e+00 1.466542959213256836e+00
9.726126670837402344e+00 -2.262026071548461914e+00 1.427806615829467773e+00
9.657584190368652344e+00 -2.271894216537475586e+00 1.365794658660888672e+00
9.578858375549316406e+00 -2.283236026763916016e+00 1.293121695518493652e+00
9.529149055480957031e+00 -2.290402889251708984e+00 1.246169090270996094e+00
9.499473571777343750e+00 -2.294683218002319336e+00 1.217733025550842285e+00
9.433017730712890625e+00 -2.304271697998046875e+00 1.153503894805908203e+00
9.383073806762695312e+00 -2.311482191085815430e+00 1.104302048683166504e+00
9.345413208007812500e+00 -2.316921710968017578e+00 1.066667437553405762e+00
9.255521774291992188e+00 -2.329909801483154297e+00 9.758672118186950684e-01
9.226502418518066406e+00 -2.334105968475341797e+00 9.457973837852478027e-01
9.170368194580078125e+00 -2.342225074768066406e+00 8.871524333953857422e-01
9.112076759338378906e+00 -2.350660324096679688e+00 8.252838850021362305e-01
9.078973770141601562e+00 -2.355453014373779297e+00 7.895704507827758789e-01
9.025839805603027344e+00 -2.363147735595703125e+00 7.317132353782653809e-01
8.975544929504394531e+00 -2.370434522628784180e+00 6.761304736137390137e-01
8.916358947753906250e+00 -2.379012823104858398e+00 6.098026633262634277e-01
8.872923851013183594e+00 -2.385311126708984375e+00 5.603218674659729004e-01
8.792784690856933594e+00 -2.396935462951660156e+00 4.679276943206787109e-01
8.751008033752441406e+00 -2.402998685836791992e+00 4.186902344226837158e-01
8.693677902221679688e+00 -2.411321640014648438e+00 3.503441810607910156e-01
8.645923614501953125e+00 -2.418256998062133789e+00 2.925152480602264404e-01
8.602235794067382812e+00 -2.424603700637817383e+00 2.389174997806549072e-01
8.571104049682617188e+00 -2.429127454757690430e+00 2.002675384283065796e-01
8.507534027099609375e+00 -2.438366174697875977e+00 1.206764280796051025e-01
8.475461006164550781e+00 -2.443028926849365234e+00 7.982365041971206665e-02
8.429119110107421875e+00 -2.449767112731933594e+00 2.028230205178260803e-02
8.361599922180175781e+00 -2.459586381912231445e+00 -6.755933165550231934e-02
8.318990707397460938e+00 -2.461077213287353516e+00 -5.997244268655776978e-03
8.291563987731933594e+00 -2.462066411972045898e+00 3.166402503848075867e-02
8.240239143371582031e+00 -2.463949203491210938e+00 9.993298351764678955e-02
8.205307006835937500e+00 -2.465267658233642578e+00 1.437374502420425415e-01
8.135452270507812500e+00 -2.467947959899902344e+00 2.279748916625976562e-01
8.078073501586914062e+00 -2.470213890075683594e+00 2.919901907444000244e-01
8.039456367492675781e+00 -2.471768379211425781e+00 3.324602842330932617e-01
7.986829280853271484e+00 -2.473909616470336914e+00 3.853658437728881836e-01
7.951943397521972656e+00 -2.475347518920898438e+00 4.185029268264770508e-01
7.917225837707519531e+00 -2.476788759231567383e+00 4.502696096897125244e-01
7.841665744781494141e+00 -2.479945421218872070e+00 5.168770551681518555e-01
7.809707164764404297e+00 -2.481296539306640625e+00 5.428181886672973633e-01
7.752703666687011719e+00 -2.483715772628784180e+00 5.875016450881958008e-01
7.687526702880859375e+00 -2.486497640609741211e+00 6.354577541351318359e-01
7.626319885253906250e+00 -2.489122390747070312e+00 6.772804856300354004e-01
7.590864181518554688e+00 -2.490646600723266602e+00 6.998405456542968750e-01
7.516942024230957031e+00 -2.493826627731323242e+00 7.449373602867126465e-01
7.481901645660400391e+00 -2.495334148406982422e+00 7.644500732421875000e-01
7.444838523864746094e+00 -2.496927261352539062e+00 7.841898202896118164e-01
7.372987747192382812e+00 -2.500011444091796875e+00 8.206474184989929199e-01
7.302923202514648438e+00 -2.503007888793945312e+00 8.528539538383483887e-01
7.261807441711425781e+00 -2.504756927490234375e+00 8.699021935462951660e-01
7.196970939636230469e+00 -2.507503509521484375e+00 8.951174020767211914e-01
7.150036811828613281e+00 -2.509477138519287109e+00 9.114978909492492676e-01
7.094160079956054688e+00 -2.511811733245849609e+00 9.294183254241943359e-01
7.049713134765625000e+00 -2.513653039932250977e+00 9.421972632408142090e-01
6.997251033782958984e+00 -2.515809774398803711e+00 9.559146761894226074e-01
6.937391757965087891e+00 -2.518246412277221680e+00 9.697461724281311035e-01
6.873639583587646484e+00 -2.520809173583984375e+00 9.822894334793090820e-01
6.800549983978271484e+00 -2.523704290390014648e+00 9.940257668495178223e-01
6.743081569671630859e+00 -2.525938034057617188e+00 1.000890731811523438e+00
6.716577053070068359e+00 -2.526951074600219727e+00 1.003205895423889160e+00
6.642555236816406250e+00 -2.529757022857666016e+00 1.008579611778259277e+00
6.592217922210693359e+00 -2.531618833541870117e+00 1.010159969329833984e+00
6.528923034667968750e+00 -2.533916473388671875e+00 1.010375499725341797e+00
6.469182491302490234e+00 -2.536030769348144531e+00 1.008472084999084473e+00
6.429648399353027344e+00 -2.537393331527709961e+00 1.005891442298889160e+00
6.345066070556640625e+00 -2.540253400802612305e+00 9.984907507896423340e-01
6.288669586181640625e+00 -2.542078018188476562e+00 9.908540844917297363e-01
6.269951820373535156e+00 -2.542663574218750000e+00 9.877142906188964844e-01
6.188216209411621094e+00 -2.545190095901489258e+00 9.731190800666809082e-01
6.162641048431396484e+00 -2.545937776565551758e+00 9.673315286636352539e-01
6.107316970825195312e+00 -2.547523498535156250e+00 9.539723396301269531e-01
6.013227939605712891e+00 -2.550100803375244141e+00 9.281307458877563477e-01
5.970686912536621094e+00 -2.551167726516723633e+00 9.139912128448486328e-01
5.932960987091064453e+00 -2.552070617675781250e+00 9.004389047622680664e-01
5.865086555480957031e+00 -2.553622484207153320e+00 8.744117021560668945e-01
5.805014610290527344e+00 -2.554874897003173828e+00 8.486994504928588867e-01
5.751889228820800781e+00 -2.555880308151245117e+00 8.237959146499633789e-01
5.735316753387451172e+00 -2.556163549423217773e+00 8.154107332229614258e-01
5.651216030120849609e+00 -2.557550668716430664e+00 7.718584537506103516e-01
5.599302768707275391e+00 -2.558242321014404297e+00 7.417640089988708496e-01
5.559631824493408203e+00 -2.558685302734375000e+00 7.171745896339416504e-01
5.514765739440917969e+00 -2.559107303619384766e+00 6.879391074180603027e-01
5.480353355407714844e+00 -2.559358596801757812e+00 6.642369031906127930e-01
5.427012920379638672e+00 -2.559656858444213867e+00 6.259232163429260254e-01
5.369904518127441406e+00 -2.559816360473632812e+00 5.821931362152099609e-01
5.309228897094726562e+00 -2.559788942337036133e+00 5.324841141700744629e-01
5.265716075897216797e+00 -2.559605121612548828e+00 4.942075014114379883e-01
5.231691837310791016e+00 -2.559360504150390625e+00 4.627090394496917725e-01
5.177013397216796875e+00 -2.558831691741943359e+00 4.100189805030822754e-01
5.134326934814453125e+00 -2.558236360549926758e+00 3.661471605300903320e-01
5.098119258880615234e+00 -2.557598352432250977e+00 3.269894421100616455e-01
5.068237304687500000e+00 -2.556971073150634766e+00 2.932269275188446045e-01
5.022890567779541016e+00 -2.555883884429931641e+00 2.400796860456466675e-01
4.988663673400878906e+00 -2.554896831512451172e+00 1.976437419652938843e-01
4.954220771789550781e+00 -2.553764820098876953e+00 1.530409753322601318e-01
4.913449287414550781e+00 -2.552245855331420898e+00 9.782728552818298340e-02
4.855731487274169922e+00 -2.549767971038818359e+00 1.530487090349197388e-02
4.840606689453125000e+00 -2.548981904983520508e+00 -8.109610527753829956e-03
4.774260997772216797e+00 -2.541189193725585938e+00 7.098916172981262207e-02
4.696827888488769531e+00 -2.532255887985229492e+00 1.568685322999954224e-01
4.650912284851074219e+00 -2.527055025100708008e+00 2.037467658519744873e-01
4.597933292388916016e+00 -2.521110534667968750e+00 2.553004026412963867e-01
4.563344001770019531e+00 -2.517267942428588867e+00 2.871511280536651611e-01
4.490467548370361328e+00 -2.509219408035278320e+00 3.518979251384735107e-01
4.439557552337646484e+00 -2.503661632537841797e+00 3.938074111938476562e-01
4.375669479370117188e+00 -2.496735811233520508e+00 4.436691999435424805e-01
4.325672149658203125e+00 -2.491358995437622070e+00 4.801310896873474121e-01
4.261735916137695312e+00 -2.484520912170410156e+00 5.243193507194519043e-01
4.179606914520263672e+00 -2.475792169570922852e+00 5.772322416305541992e-01
4.150728225708007812e+00 -2.472744226455688477e+00 5.941796302795410156e-01
4.095038890838623047e+00 -2.466878414154052734e+00 6.257851719856262207e-01
4.021938800811767578e+00 -2.459206104278564453e+00 6.646046638488769531e-01
3.955927133560180664e+00 -2.452304840087890625e+00 6.966001391410827637e-01
3.915131092071533203e+00 -2.448051214218139648e+00 7.147263884544372559e-01
3.815992116928100586e+00 -2.437727451324462891e+00 7.563677430152893066e-01
3.771974325180053711e+00 -2.433154582977294922e+00 7.723156213760375977e-01
3.708824634552001953e+00 -2.426596879959106445e+00 7.936282753944396973e-01
3.632329702377319336e+00 -2.418654441833496094e+00 8.167636990547180176e-01
3.562268495559692383e+00 -2.411376237869262695e+00 8.350346088409423828e-01
3.486955881118774414e+00 -2.403542757034301758e+00 8.518549203872680664e-01
3.464337110519409180e+00 -2.401185274124145508e+00 8.560094833374023438e-01
3.390958786010742188e+00 -2.393530607223510742e+00 8.686234354972839355e-01
3.335612535476684570e+00 -2.387739658355712891e+00 8.760316967964172363e-01
3.234229564666748047e+00 -2.377101659774780273e+00 8.867162466049194336e-01
3.186856508255004883e+00 -2.372101068496704102e+00 8.892483711242675781e-01
3.106791496276855469e+00 -2.363620519638061523e+00 8.915935754776000977e-01
3.035773038864135742e+00 -2.356050014495849609e+00 8.907703161239624023e-01
2.993858814239501953e+00 -2.351552963256835938e+00 8.887599110603332520e-01
2.952039480209350586e+00 -2.347047090530395508e+00 8.858523964881896973e-01
2.875826358795166016e+00 -2.338798284530639648e+00 8.789064288139343262e-01
2.828918457031250000e+00 -2.333676815032958984e+00 8.727687597274780273e-01
2.724678039550781250e+00 -2.322228193283081055e+00 8.565542697906494141e-01
2.703527927398681641e+00 -2.319872617721557617e+00 8.520860671997070312e-01
2.612458705902099609e+00 -2.309697151184082031e+00 8.317987918853759766e-01
2.574529886245727539e+00 -2.305398702621459961e+00 8.214440941810607910e-01
2.517810106277465820e+00 -2.298928737640380859e+00 8.047449588775634766e-01
2.444597721099853516e+00 -2.290491819381713867e+00 7.808068990707397461e-01
2.369891405105590820e+00 -2.281761169433593750e+00 7.531611323356628418e-01
2.332893371582031250e+00 -2.277369737625122070e+00 7.377880215644836426e-01
2.248013496398925781e+00 -2.267210960388183594e+00 7.005488872528076172e-01
2.187072038650512695e+00 -2.259770631790161133e+00 6.704695820808410645e-01
2.115770816802978516e+00 -2.250928163528442383e+00 6.323368549346923828e-01
2.062260627746582031e+00 -2.244160652160644531e+00 6.010239124298095703e-01
2.021199703216552734e+00 -2.238884449005126953e+00 5.753683447837829590e-01
1.955846428871154785e+00 -2.230377435684204102e+00 5.324671268463134766e-01
1.920261383056640625e+00 -2.225643873214721680e+00 5.072391629219055176e-01
1.857000827789306641e+00 -2.217121601104736328e+00 4.604888856410980225e-01
1.812101006507873535e+00 -2.210928201675415039e+00 4.248004555702209473e-01
1.763078331947326660e+00 -2.204042673110961914e+00 3.837730288505554199e-01
1.696475982666015625e+00 -2.194490194320678711e+00 3.248108327388763428e-01
1.664067387580871582e+00 -2.189698696136474609e+00 2.938436865806579590e-01
1.612079977989196777e+00 -2.181887865066528320e+00 2.422591447830200195e-01
1.565090656280517578e+00 -2.174633979797363281e+00 1.927095204591751099e-01
1.499966621398925781e+00 -2.164311170578002930e+00 1.200855672359466553e-01
1.480225920677185059e+00 -2.161056041717529297e+00 9.626129269599914551e-02
1.428601264953613281e+00 -2.152430534362792969e+00 3.238973766565322876e-02
1.368478536605834961e+00 -2.142017841339111328e+00 -4.705623537302017212e-02
1.349778771400451660e+00 -2.137547254562377930e+00 -2.813713625073432922e-02
1.241567373275756836e+00 -2.111732006072998047e+00 7.926934957504272461e-02
1.179799199104309082e+00 -2.097167730331420898e+00 1.340633630752563477e-01
1.139677882194519043e+00 -2.087759733200073242e+00 1.674818396568298340e-01
1.061339139938354492e+00 -2.069449901580810547e+00 2.301239669322967529e-01
9.760653376579284668e-01 -2.049635410308837891e+00 2.930122315883636475e-01
9.316079616546630859e-01 -2.039361953735351562e+00 3.229871988296508789e-01
8.879173994064331055e-01 -2.029290676116943359e+00 3.510843217372894287e-01
7.765646576881408691e-01 -2.003679990768432617e+00 4.193889796733856201e-01
7.465793490409851074e-01 -1.996819138526916504e+00 4.356010556221008301e-01
6.686990857124328613e-01 -1.979019522666931152e+00 4.762638807296752930e-01
5.617520213127136230e-01 -1.954642415046691895e+00 5.270636081695556641e-01
5.250443220138549805e-01 -1.946300864219665527e+00 5.422213077545166016e-01
4.239712357521057129e-01 -1.923350095748901367e+00 5.818876028060913086e-01
3.680790960788726807e-01 -1.910681843757629395e+00 6.007322072982788086e-01
2.761533558368682861e-01 -1.889859437942504883e+00 6.290023922920227051e-01
2.332287132740020752e-01 -1.880143284797668457e+00 6.401498913764953613e-01
1.480806916952133179e-01 -1.860871195793151855e+00 6.604005098342895508e-01
7.986534386873245239e-02 -1.845430612564086914e+00 6.736959218978881836e-01
9.483277797698974609e-03 -1.829493284225463867e+00 6.850288510322570801e-01
-6.887921690940856934e-02 -1.811736464500427246e+00 6.949328184127807617e-01
-1.438156664371490479e-01 -1.794737339019775391e+00 7.015344500541687012e-01
-2.557416558265686035e-01 -1.769311666488647461e+00 7.073159813880920410e-01
-3.048618733882904053e-01 -1.758124232292175293e+00 7.071813344955444336e-01
-3.747498989105224609e-01 -1.742183089256286621e+00 7.053201198577880859e-01
-4.509243071079254150e-01 -1.724767446517944336e+00 7.006906867027282715e-01
-5.532236695289611816e-01 -1.701310992240905762e+00 6.906378865242004395e-01
-6.061412096023559570e-01 -1.689123392105102539e+00 6.827390789985656738e-01
-6.815128922462463379e-01 -1.671717524528503418e+00 6.694696545600891113e-01
-7.311878800392150879e-01 -1.660198211669921875e+00 6.588011384010314941e-01
-8.117945790290832520e-01 -1.641449213027954102e+00 6.393962502479553223e-01
-8.663976192474365234e-01 -1.628681302070617676e+00 6.239058971405029297e-01
-9.648660421371459961e-01 -1.605564475059509277e+00 5.930341482162475586e-01
-1.015309453010559082e+00 -1.593630075454711914e+00 5.744282603263854980e-01
-1.106093287467956543e+00 -1.572054982185363770e+00 5.382750034332275391e-01
-1.144863724708557129e+00 -1.562760949134826660e+00 5.207164287567138672e-01
-1.222118854522705078e+00 -1.544165015220642090e+00 4.838517904281616211e-01
-1.291606068611145020e+00 -1.527292966842651367e+00 4.472204446792602539e-01
-1.340604066848754883e+00 -1.515292882919311523e+00 4.190754592418670654e-01
-1.399684190750122070e+00 -1.500727057456970215e+00 3.830790221691131592e-01
-1.475145697593688965e+00 -1.481962323188781738e+00 3.337939083576202393e-01
-1.547906756401062012e+00 -1.463652133941650391e+00 2.819661498069763184e-01
-1.613122582435607910e+00 -1.447029590606689453e+00 2.315214276313781738e-01
-1.661125659942626953e+00 -1.434637665748596191e+00 1.915585696697235107e-01
-1.722190022468566895e+00 -1.418711066246032715e+00 1.378847509622573853e-01
-1.780212998390197754e+00 -1.403361558914184570e+00 8.322456479072570801e-02
-1.833465695381164551e+00 -1.389062762260437012e+00 2.959926798939704895e-02
-1.868744730949401855e+00 -1.379446148872375488e+00 -8.210834115743637085e-03
-1.961830973625183105e+00 -1.347129344940185547e+00 7.891115546226501465e-02
-2.026085376739501953e+00 -1.324979543685913086e+00 1.335829496383666992e-01
-2.124505043029785156e+00 -1.291195154190063477e+00 2.120430171489715576e-01
-2.218482017517089844e+00 -1.259122371673583984e+00 2.797484397888183594e-01
-2.288188457489013672e+00 -1.235445380210876465e+00 3.252626955509185791e-01
-2.347036600112915039e+00 -1.215517520904541016e+00 3.609274625778198242e-01
-2.429208517074584961e+00 -1.187755703926086426e+00 4.076167643070220947e-01
-2.501903295516967773e+00 -1.163267612457275391e+00 4.452275037765502930e-01
-2.613299369812011719e+00 -1.125827193260192871e+00 4.980718493461608887e-01
-2.699745178222656250e+00 -1.096860527992248535e+00 5.336114764213562012e-01
-2.772807359695434570e+00 -1.072425127029418945e+00 5.602229833602905273e-01
-2.896731853485107422e+00 -1.031034231185913086e+00 6.005985140800476074e-01
-2.958098888397216797e+00 -1.010576128959655762e+00 6.166983246803283691e-01
-3.066129922866821289e+00 -9.745843410491943359e-01 6.417456865310668945e-01
-3.152507781982421875e+00 -9.458313584327697754e-01 6.572020053863525391e-01
-3.238562345504760742e+00 -9.171955585479736328e-01 6.690229177474975586e-01
-3.348431348800659180e+00 -8.806373476982116699e-01 6.796097159385681152e-01
-3.373942852020263672e+00 -8.721461892127990723e-01 6.807400584220886230e-01
-3.465920209884643555e+00 -8.415276408195495605e-01 6.837085485458374023e-01
-3.600080728530883789e+00 -7.968353629112243652e-01 6.822044849395751953e-01
-3.661788940429687500e+00 -7.762477993965148926e-01 6.775748133659362793e-01
-3.793117523193359375e+00 -7.323880195617675781e-01 6.638312339782714844e-01
-3.826354503631591797e+00 -7.212595939636230469e-01 6.582258343696594238e-01
-3.910085201263427734e+00 -6.932013630867004395e-01 6.427241563796997070e-01
-4.022824764251708984e+00 -6.553369760513305664e-01 6.171042919158935547e-01
-4.086203575134277344e+00 -6.339754462242126465e-01 5.990067720413208008e-01
-4.173441410064697266e+00 -6.045026183128356934e-01 5.711432695388793945e-01
-4.293682098388671875e+00 -5.637325644493103027e-01 5.269684791564941406e-01
-4.316612720489501953e+00 -5.559127330780029297e-01 5.169559717178344727e-01
-4.428888797760009766e+00 -5.175755023956298828e-01 4.663814604282379150e-01
-4.494828701019287109e+00 -4.949106872081756592e-01 4.320726096630096436e-01
-4.572305679321289062e+00 -4.681593477725982666e-01 3.883789479732513428e-01
-4.641652584075927734e+00 -4.440734684467315674e-01 3.455255031585693359e-01
-4.708749771118164062e+00 -4.206304848194122314e-01 3.006177246570587158e-01
-4.775240898132324219e+00 -3.972507119178771973e-01 2.526047527790069580e-01
-4.899371623992919922e+00 -3.532955348491668701e-01 1.560354828834533691e-01
-4.949042320251464844e+00 -3.354424536228179932e-01 1.117019951343536377e-01
-5.020753860473632812e+00 -3.094808161258697510e-01 4.399028420448303223e-02
-5.048194885253906250e+00 -2.994315326213836670e-01 1.586263068020343781e-02
-5.137177467346191406e+00 -2.587547302246093750e-01 9.825370460748672485e-02
-5.276777744293212891e+00 -1.953761279582977295e-01 2.165544927120208740e-01
-5.385104656219482422e+00 -1.466603428125381470e-01 2.962938547134399414e-01
-5.459194183349609375e+00 -1.135483905673027039e-01 3.451161384582519531e-01
-5.560645580291748047e+00 -6.837891787290573120e-02 4.069936573505401611e-01
-5.663866519927978516e+00 -2.263878658413887024e-02 4.633723497390747070e-01
-5.749567508697509766e+00 1.517441123723983765e-02 5.049419403076171875e-01
-5.906268596649169922e+00 8.409349620342254639e-02 5.733829140663146973e-01
-5.967620372772216797e+00 1.109343767166137695e-01 5.949963331222534180e-01
-6.084982395172119141e+00 1.621895134449005127e-01 6.326500773429870605e-01
-6.223785877227783203e+00 2.226212769746780396e-01 6.690129041671752930e-01
-6.274470329284667969e+00 2.446184158325195312e-01 6.788685917854309082e-01
-6.450839042663574219e+00 3.210897147655487061e-01 7.089192271232604980e-01
-6.571810245513916016e+00 3.733800351619720459e-01 7.194817662239074707e-01
-6.607266902923583984e+00 3.886827528476715088e-01 7.205864191055297852e-01
-6.763393878936767578e+00 4.560425579547882080e-01 7.228913903236389160e-01
-6.855953216552734375e+00 4.959224760532379150e-01 7.175374031066894531e-01
-6.935228347778320312e+00 5.300649404525756836e-01 7.095112204551696777e-01
-7.093804836273193359e+00 5.983516573905944824e-01 6.874920129776000977e-01
-7.193325996398925781e+00 6.412115097045898438e-01 6.660187244415283203e-01
-7.299994945526123047e+00 6.871750950813293457e-01 6.376811861991882324e-01
-7.416483879089355469e+00 7.374185919761657715e-01 6.002944707870483398e-01
-7.474857807159423828e+00 7.626346349716186523e-01 5.778795480728149414e-01
-7.605319023132324219e+00 8.190498352050781250e-01 5.234807133674621582e-01
-7.707236766815185547e+00 8.632432818412780762e-01 4.731212556362152100e-01
-7.758353710174560547e+00 8.854718804359436035e-01 4.445516467094421387e-01
-7.910206317901611328e+00 9.516219496726989746e-01 3.544501066207885742e-01
-7.955505847930908203e+00 9.714726805686950684e-01 3.226042985916137695e-01
-8.069432258605957031e+00 1.021511554718017578e+00 2.383950501680374146e-01
-8.156146049499511719e+00 1.059847116470336914e+00 1.658299267292022705e-01
-8.221080780029296875e+00 1.088732123374938965e+00 1.060537248849868774e-01
-8.276021003723144531e+00 1.113306283950805664e+00 5.165821313858032227e-02
-8.361107826232910156e+00 1.151568889617919922e+00 -3.806143254041671753e-02
-8.480264663696289062e+00 1.218392252922058105e+00 6.587699055671691895e-02
-8.635886192321777344e+00 1.304726839065551758e+00 1.864675283432006836e-01
-8.739804267883300781e+00 1.361663818359375000e+00 2.551739215850830078e-01
-8.902894020080566406e+00 1.450372457504272461e+00 3.518661558628082275e-01
-9.010538101196289062e+00 1.508313417434692383e+00 4.049533903598785400e-01
-9.116151809692382812e+00 1.564812898635864258e+00 4.506181478500366211e-01
-9.294189453125000000e+00 1.659524083137512207e+00 5.174541473388671875e-01
-9.461001396179199219e+00 1.747485280036926270e+00 5.647290349006652832e-01
-9.619854927062988281e+00 1.830632209777832031e+00 5.967295765876770020e-01
-9.676658630371093750e+00 1.860174298286437988e+00 6.038804054260253906e-01
-9.842498779296875000e+00 1.946243643760681152e+00 6.203652620315551758e-01
-1.006307125091552734e+01 2.060039043426513672e+00 6.252434849739074707e-01
-1.012111568450927734e+01 2.089767456054687500e+00 6.205468773841857910e-01
-1.031458473205566406e+01 2.188690185546875000e+00 5.996118783950805664e-01
-1.042042160034179688e+01 2.242508888244628906e+00 5.783155560493469238e-01
-1.051197719573974609e+01 2.288942337036132812e+00 5.550773739814758301e-01
-1.069731235504150391e+01 2.382736921310424805e+00 4.993447661399841309e-01
-1.085696029663085938e+01 2.463201284408569336e+00 4.354131817817687988e-01
-1.097172260284423828e+01 2.520870208740234375e+00 3.787634670734405518e-01
-1.107207489013671875e+01 2.571210384368896484e+00 3.219220638275146484e-01
-1.117127132415771484e+01 2.620910167694091797e+00 2.589155435562133789e-01
-1.126622104644775391e+01 2.668438911437988281e+00 1.916070729494094849e-01
-1.137761306762695312e+01 2.724168300628662109e+00 1.040359586477279663e-01
-1.148007678985595703e+01 2.775422811508178711e+00 1.313709467649459839e-02
-1.162355041503906250e+01 2.847228050231933594e+00 -1.293705105781555176e-01
-1.170190811157226562e+01 2.895361661911010742e+00 -6.994782388210296631e-02
-1.190994358062744141e+01 3.022019863128662109e+00 7.583457231521606445e-02
-1.210812473297119141e+01 3.140035390853881836e+00 1.867535710334777832e-01
-1.229816341400146484e+01 3.251096487045288086e+00 2.707239091396331787e-01
-1.243110466003417969e+01 3.327514171600341797e+00 3.158076107501983643e-01
-1.267039966583251953e+01 3.463577032089233398e+00 3.808655440807342529e-01
-1.290429878234863281e+01 3.594069004058837891e+00 4.171887636184692383e-01
-1.314242362976074219e+01 3.724567413330078125e+00 4.281181693077087402e-01
-1.330696296691894531e+01 3.813137769699096680e+00 4.175690710544586182e-01
-1.346992588043212891e+01 3.899781703948974609e+00 3.946402072906494141e-01
-1.369918632507324219e+01 4.020163536071777344e+00 3.445517420768737793e-01
-1.388064861297607422e+01 4.113716125488281250e+00 2.840552031993865967e-01
-1.399705123901367188e+01 4.172812461853027344e+00 2.338602542877197266e-01
-1.414768600463867188e+01 4.248495101928710938e+00 1.587343513965606689e-01
-1.440245056152343750e+01 4.374656677246093750e+00 7.608190178871154785e-03
-1.452014064788818359e+01 4.431328773498535156e+00 -8.388786762952804565e-02
-1.474818038940429688e+01 4.570497035980224609e+00 7.510564476251602173e-02
-1.509892463684082031e+01 4.777171611785888672e+00 2.657199203968048096e-01
-1.557548522949218750e+01 5.044600009918212891e+00 4.285859763622283936e-01
-1.588826751708984375e+01 5.209640502929687500e+00 4.619600772857666016e-01
-1.630544662475585938e+01 5.421200275421142578e+00 4.478628337383270264e-01
-1.650571632385253906e+01 5.517148017883300781e+00 4.031088650226593018e-01
-1.671644973754882812e+01 5.615117073059082031e+00 3.359451293945312500e-01
-1.717336463928222656e+01 5.820200920104980469e+00 1.412126719951629639e-01
-1.734531211853027344e+01 5.890313148498535156e+00 2.064315974712371826e-02
-1.760803604125976562e+01 5.992267608642578125e+00 -1.983410865068435669e-01
-1.842635726928710938e+01 6.377629280090332031e+00 8.942763507366180420e-02
-1.943753433227539062e+01 6.762504577636718750e+00 7.658211886882781982e-02
-2.061968040466308594e+01 7.081725597381591797e+00 -4.342533349990844727e-01
-2.108080863952636719e+01 7.108036994934082031e+00 -9.880062341690063477e-01
-3.147027015686035156e+01 -1.034254932403564453e+01 -7.636580944061279297e+00
1.296888709120000000e+11 -6.550068019200000000e+10 -1.752758845440000000e+11
nan nan nan
nan nan nan
nan nan nan
nan nan nan
nan nan nan
nan nan nan
nan nan nan
nan nan nan
nan nan nan
nan nan nan
nan nan nan
nan nan nan
nan nan nan
nan nan nan
nan nan nan
nan nan nan
