2.334815788269042969e+01 -2.307508438825607300e-01 2.525320351123809814e-01
2.324284362792968750e+01 -2.381861507892608643e-01 3.190242052078247070e-01
2.305325126647949219e+01 -2.516268789768218994e-01 4.378757178783416748e-01
2.287429428100585938e+01 -2.644066214561462402e-01 5.485941171646118164e-01
2.277699089050292969e+01 -2.714017033576965332e-01 6.080270409584045410e-01
2.265204811096191406e+01 -2.804152965545654297e-01 6.837999224662780762e-01
2.248369789123535156e+01 -2.926140129566192627e-01 7.849467992782592773e-01
2.231744003295898438e+01 -3.047314286231994629e-01 8.835523128509521484e-01
2.222596168518066406e+01 -3.114359080791473389e-01 9.370973110198974609e-01
2.207036209106445312e+01 -3.228735029697418213e-01 1.027500867843627930e+00
2.184853935241699219e+01 -3.392597138881683350e-01 1.154726386070251465e+00
2.179513549804687500e+01 -3.432317674160003662e-01 1.184776782989501953e+00
2.167313385009765625e+01 -3.523200750350952148e-01 1.253104090690612793e+00
2.149650382995605469e+01 -3.655241131782531738e-01 1.350947141647338867e+00
2.140016937255859375e+01 -3.727614581584930420e-01 1.403445601463317871e+00
2.127274131774902344e+01 -3.823594450950622559e-01 1.472255110740661621e+00
2.113939094543457031e+01 -3.924371302127838135e-01 1.543375611305236816e+00
2.097764778137207031e+01 -4.047018587589263916e-01 1.628496646881103516e+00
2.086986923217773438e+01 -4.129068553447723389e-01 1.684279203414916992e+00
2.072750663757324219e+01 -4.237717092037200928e-01 1.757122635841369629e+00
2.055179786682128906e+01 -4.372245967388153076e-01 1.845643997192382812e+00
2.046116256713867188e+01 -4.441903233528137207e-01 1.890408754348754883e+00
2.030505371093750000e+01 -4.562098383903503418e-01 1.966701149940490723e+00
2.019587326049804688e+01 -4.646418690681457520e-01 2.019070863723754883e+00
2.002371215820312500e+01 -4.779648184776306152e-01 2.100545167922973633e+00
1.991878318786621094e+01 -4.861097931861877441e-01 2.149122714996337891e+00
1.978083038330078125e+01 -4.968366920948028564e-01 2.212110519409179688e+00
1.969160270690917969e+01 -5.037898421287536621e-01 2.252093553543090820e+00
1.954539871215820312e+01 -5.151977539062500000e-01 2.316795587539672852e+00
1.944118690490722656e+01 -5.233455300331115723e-01 2.361952304840087891e+00
1.930993080139160156e+01 -5.336210131645202637e-01 2.417952060699462891e+00
1.919730186462402344e+01 -5.424515008926391602e-01 2.465044975280761719e+00
1.911579132080078125e+01 -5.488496422767639160e-01 2.498523235321044922e+00
1.901545715332031250e+01 -5.567311644554138184e-01 2.539188861846923828e+00
1.883628654479980469e+01 -5.708172917366027832e-01 2.610599756240844727e+00
1.878847503662109375e+01 -5.745811462402343750e-01 2.629070758819580078e+00
1.862588500976562500e+01 -5.873838067054748535e-01 2.691345691680908203e+00
1.847812461853027344e+01 -5.990281701087951660e-01 2.746258258819580078e+00
1.843790626525878906e+01 -6.021991968154907227e-01 2.760781288146972656e+00
1.827599716186523438e+01 -6.149657368659973145e-01 2.818777799606323242e+00
1.814687156677246094e+01 -6.251494884490966797e-01 2.863506555557250977e+00
1.807698631286621094e+01 -6.306608319282531738e-01 2.887045145034790039e+00
1.796079635620117188e+01 -6.398227810859680176e-01 2.925570726394653320e+00
1.787035942077636719e+01 -6.469519138336181641e-01 2.954760074615478516e+00
1.775605392456054688e+01 -6.559595465660095215e-01 2.990859508514404297e+00
1.763290596008300781e+01 -6.656587123870849609e-01 3.028657436370849609e+00
1.750627708435058594e+01 -6.756244897842407227e-01 3.066293954849243164e+00
1.739396095275878906e+01 -6.844553351402282715e-01 3.098537445068359375e+00
1.732368469238281250e+01 -6.899752020835876465e-01 3.118071079254150391e+00
1.719958496093750000e+01 -6.997156143188476562e-01 3.151849746704101562e+00
1.710017776489257812e+01 -7.075071930885314941e-01 3.177882432937622070e+00
1.703754234313964844e+01 -7.124104499816894531e-01 3.193761110305786133e+00
1.691773796081542969e+01 -7.217808961868286133e-01 3.223494529724121094e+00
1.679855346679687500e+01 -7.310866117477416992e-01 3.251846551895141602e+00
1.674267959594726562e+01 -7.354407906532287598e-01 3.264556884765625000e+00
1.658183097839355469e+01 -7.479633688926696777e-01 3.300355434417724609e+00
1.652099800109863281e+01 -7.526854872703552246e-01 3.313019990921020508e+00
1.641832160949707031e+01 -7.606459856033325195e-01 3.333830118179321289e+00
1.628753280639648438e+01 -7.707641124725341797e-01 3.359109163284301758e+00
1.624452972412109375e+01 -7.740812897682189941e-01 3.366899013519287109e+00
1.615814590454101562e+01 -7.807378768920898438e-01 3.382198572158813477e+00
1.604270744323730469e+01 -7.896147370338439941e-01 3.401701450347900391e+00
1.595750045776367188e+01 -7.961476445198059082e-01 3.415154933929443359e+00
1.579912471771240234e+01 -8.082627654075622559e-01 3.438853740692138672e+00
1.573658084869384766e+01 -8.130259513854980469e-01 3.447237730026245117e+00
1.564316749572753906e+01 -8.201269507408142090e-01 3.459177017211914062e+00
1.553293228149414062e+01 -8.284829258918762207e-01 3.472229480743408203e+00
1.548017120361328125e+01 -8.324684500694274902e-01 3.477883338928222656e+00
1.536879825592041016e+01 -8.408670425415039062e-01 3.489213228225708008e+00
1.530543804168701172e+01 -8.456274867057800293e-01 3.494924306869506836e+00
1.521800518035888672e+01 -8.521823883056640625e-01 3.502222537994384766e+00
1.510282039642333984e+01 -8.607918620109558105e-01 3.510767936706542969e+00
1.497959804534912109e+01 -8.699646592140197754e-01 3.518382787704467773e+00
1.492425537109375000e+01 -8.740661144256591797e-01 3.521058082580566406e+00
1.483514022827148438e+01 -8.806571960449218750e-01 3.524821996688842773e+00
1.471820449829101562e+01 -8.892775774002075195e-01 3.528599977493286133e+00
1.467119979858398438e+01 -8.927277326583862305e-01 3.529498338699340820e+00
1.457049179077148438e+01 -9.001069068908691406e-01 3.530883312225341797e+00
1.450643539428710938e+01 -9.047830700874328613e-01 3.531021833419799805e+00
1.437392139434814453e+01 -9.144340157508850098e-01 3.530321121215820312e+00
1.434399127960205078e+01 -9.166032671928405762e-01 3.529695510864257812e+00
1.423357295989990234e+01 -9.245976805686950684e-01 3.526994466781616211e+00
1.415855503082275391e+01 -9.300078749656677246e-01 3.524164438247680664e+00
1.407637691497802734e+01 -9.359193444252014160e-01 3.520314693450927734e+00
1.399388408660888672e+01 -9.418371915817260742e-01 3.515617609024047852e+00
1.390307521820068359e+01 -9.483343958854675293e-01 3.509516716003417969e+00
1.378607463836669922e+01 -9.566821455955505371e-01 3.500321388244628906e+00
1.371716213226318359e+01 -9.615820050239562988e-01 3.493877887725830078e+00
1.362452602386474609e+01 -9.681563973426818848e-01 3.484392404556274414e+00
1.358840179443359375e+01 -9.707140326499938965e-01 3.480256795883178711e+00
1.346632289886474609e+01 -9.793498516082763672e-01 3.465700387954711914e+00
1.341367244720458984e+01 -9.830638766288757324e-01 3.458566427230834961e+00
1.329957675933837891e+01 -9.911037683486938477e-01 3.442297220230102539e+00
1.324530029296875000e+01 -9.949201345443725586e-01 3.433712720870971680e+00
1.317381668090820312e+01 -9.999418854713439941e-01 3.421870946884155273e+00
1.306880378723144531e+01 -1.007311105728149414e+00 3.403428554534912109e+00
1.302518939971923828e+01 -1.010367393493652344e+00 3.395122051239013672e+00
1.292558193206787109e+01 -1.017344117164611816e+00 3.375531435012817383e+00
1.286617374420166016e+01 -1.021501064300537109e+00 3.362993001937866211e+00
1.277439975738525391e+01 -1.027919769287109375e+00 3.342827320098876953e+00
1.272664356231689453e+01 -1.031257867813110352e+00 3.331686258316040039e+00
1.264362239837646484e+01 -1.037059783935546875e+00 3.311726093292236328e+00
1.257247066497802734e+01 -1.042030930519104004e+00 3.293728590011596680e+00
1.246717453002929688e+01 -1.049386858940124512e+00 3.265950679779052734e+00
1.239010047912597656e+01 -1.054771304130554199e+00 3.244362115859985352e+00
1.232815265655517578e+01 -1.059099793434143066e+00 3.226260662078857422e+00
1.225027179718017578e+01 -1.064542770385742188e+00 3.202738285064697266e+00
1.220490741729736328e+01 -1.067714571952819824e+00 3.188469648361206055e+00
1.214456176757812500e+01 -1.071934938430786133e+00 3.169045448303222656e+00
1.204207324981689453e+01 -1.079105854034423828e+00 3.135045528411865234e+00
1.197377109527587891e+01 -1.083889007568359375e+00 3.111227512359619141e+00
1.192391204833984375e+01 -1.087383031845092773e+00 3.093269348144531250e+00
1.181707859039306641e+01 -1.094874024391174316e+00 3.053887605667114258e+00
1.177801227569580078e+01 -1.097616910934448242e+00 3.038770198822021484e+00
1.168279552459716797e+01 -1.104305624961853027e+00 3.001278638839721680e+00
1.165152740478515625e+01 -1.106505155563354492e+00 2.988443851470947266e+00
1.157400321960449219e+01 -1.111961245536804199e+00 2.956192016601562500e+00
1.148745632171630859e+01 -1.118060111999511719e+00 2.918985128402709961e+00
1.143976879119873047e+01 -1.121425628662109375e+00 2.897734642028808594e+00
1.133339023590087891e+01 -1.128939867019653320e+00 2.849399328231811523e+00
1.128783321380615234e+01 -1.132164359092712402e+00 2.827798366546630859e+00
1.121133136749267578e+01 -1.137584209442138672e+00 2.790868520736694336e+00
1.115400409698486328e+01 -1.141652107238769531e+00 2.762360095977783203e+00
1.109588718414306641e+01 -1.145781040191650391e+00 2.732817888259887695e+00
1.100829410552978516e+01 -1.152012228965759277e+00 2.687302589416503906e+00
1.098466110229492188e+01 -1.153696775436401367e+00 2.674614906311035156e+00
1.089853477478027344e+01 -1.159839391708374023e+00 2.627972364425659180e+00
1.081033229827880859e+01 -1.166143059730529785e+00 2.578681468963623047e+00
1.078689575195312500e+01 -1.167821645736694336e+00 2.565162897109985352e+00
1.071652317047119141e+01 -1.172865033149719238e+00 2.524232149124145508e+00
1.061470127105712891e+01 -1.180175304412841797e+00 2.463523864746093750e+00
1.055150699615478516e+01 -1.184724330902099609e+00 2.424491405487060547e+00
1.051765537261962891e+01 -1.187165260314941406e+00 2.403125524520874023e+00
1.043661689758300781e+01 -1.193014025688171387e+00 2.351386070251464844e+00
1.038084411621093750e+01 -1.197048187255859375e+00 2.314793825149536133e+00
1.032555198669433594e+01 -1.201053738594055176e+00 2.277837276458740234e+00
1.024849224090576172e+01 -1.206644892692565918e+00 2.225382566452026367e+00
1.019524574279785156e+01 -1.210516691207885742e+00 2.188212633132934570e+00
1.016168785095214844e+01 -1.212960481643676758e+00 2.164379358291625977e+00
1.006484794616699219e+01 -1.220019578933715820e+00 2.094855308532714844e+00
1.003208160400390625e+01 -1.222414731979370117e+00 2.070593595504760742e+00
9.954958915710449219e+00 -1.228057622909545898e+00 2.012893438339233398e+00
9.888948440551757812e+00 -1.232898354530334473e+00 1.962295651435852051e+00
9.824111938476562500e+00 -1.237662196159362793e+00 1.911566257476806641e+00
9.764223098754882812e+00 -1.242070913314819336e+00 1.863760590553283691e+00
9.705807685852050781e+00 -1.246378779411315918e+00 1.816267251968383789e+00
9.660275459289550781e+00 -1.249742388725280762e+00 1.778583526611328125e+00
9.603937149047851562e+00 -1.253909826278686523e+00 1.731309533119201660e+00
9.574438095092773438e+00 -1.256095528602600098e+00 1.706133246421813965e+00
9.514129638671875000e+00 -1.260567903518676758e+00 1.654205799102783203e+00
9.443143844604492188e+00 -1.265841603279113770e+00 1.591975569725036621e+00
9.368454933166503906e+00 -1.271402001380920410e+00 1.525107741355895996e+00
9.321327209472656250e+00 -1.274918198585510254e+00 1.481978654861450195e+00
9.281457901000976562e+00 -1.277896881103515625e+00 1.444985747337341309e+00
9.230788230895996094e+00 -1.281686902046203613e+00 1.397422671318054199e+00
9.160178184509277344e+00 -1.286976218223571777e+00 1.330160856246948242e+00
9.085815429687500000e+00 -1.292557954788208008e+00 1.257866978645324707e+00
9.068731307983398438e+00 -1.293843030929565430e+00 1.240900397300720215e+00
8.996472358703613281e+00 -1.299281001091003418e+00 1.168786883354187012e+00
8.959827423095703125e+00 -1.302044391632080078e+00 1.131456494331359863e+00
8.897769927978515625e+00 -1.306728959083557129e+00 1.067577838897705078e+00
8.814354896545410156e+00 -1.313036561012268066e+00 9.801985621452331543e-01
8.797236442565917969e+00 -1.314333915710449219e+00 9.618420004844665527e-01
8.746659278869628906e+00 -1.318168878555297852e+00 9.073454141616821289e-01
8.692615509033203125e+00 -1.322272181510925293e+00 8.482868671417236328e-01
8.615062713623046875e+00 -1.328168869018554688e+00 7.622536420822143555e-01
8.591271400451660156e+00 -1.329981446266174316e+00 7.352879643440246582e-01
8.523758888244628906e+00 -1.335128068923950195e+00 6.582637429237365723e-01
8.449445724487304688e+00 -1.340802669525146484e+00 5.718915462493896484e-01
8.434474945068359375e+00 -1.341948032379150391e+00 5.541329383850097656e-01
8.348575592041015625e+00 -1.348521709442138672e+00 4.518221020698547363e-01
8.331007003784179688e+00 -1.349868893623352051e+00 4.304013550281524658e-01
8.280354499816894531e+00 -1.353754639625549316e+00 3.683460354804992676e-01
8.211428642272949219e+00 -1.359048128128051758e+00 2.827347815036773682e-01
8.176033973693847656e+00 -1.361770391464233398e+00 2.379449009895324707e-01
8.136157989501953125e+00 -1.364839553833007812e+00 1.869988441467285156e-01
8.057724952697753906e+00 -1.370881199836730957e+00 8.570923656225204468e-02
8.023741722106933594e+00 -1.373502850532531738e+00 4.088771715760231018e-02
7.954478263854980469e+00 -1.378849387168884277e+00 -5.130213126540184021e-02
7.932969570159912109e+00 -1.378114104270935059e+00 -1.952156051993370056e-02
7.875639915466308594e+00 -1.376187801361083984e+00 6.302572786808013916e-02
7.842973232269287109e+00 -1.375137090682983398e+00 1.069630235433578491e-01
7.803796768188476562e+00 -1.373904585838317871e+00 1.577198505401611328e-01
7.727008819580078125e+00 -1.371547818183898926e+00 2.529008984565734863e-01
7.694018363952636719e+00 -1.370579242706298828e+00 2.904272377490997314e-01
7.636023044586181641e+00 -1.368903875350952148e+00 3.540787398815155029e-01
7.609973907470703125e+00 -1.368170857429504395e+00 3.809283077716827393e-01
7.554753303527832031e+00 -1.366632819175720215e+00 4.362865984439849854e-01
7.501104354858398438e+00 -1.365168571472167969e+00 4.869764447212219238e-01
7.443736553192138672e+00 -1.363629341125488281e+00 5.381503105163574219e-01
7.401787757873535156e+00 -1.362521052360534668e+00 5.733257532119750977e-01
7.355740070343017578e+00 -1.361315846443176270e+00 6.102242469787597656e-01
7.305336952209472656e+00 -1.360008001327514648e+00 6.486284136772155762e-01
7.234841823577880859e+00 -1.358193039894104004e+00 6.994174122810363770e-01
7.196018218994140625e+00 -1.357201457023620605e+00 7.252297401428222656e-01
7.135409355163574219e+00 -1.355657339096069336e+00 7.637518644332885742e-01
7.096524715423583984e+00 -1.354668974876403809e+00 7.867401242256164551e-01
7.031675815582275391e+00 -1.353020429611206055e+00 8.232937455177307129e-01
6.966301441192626953e+00 -1.351355552673339844e+00 8.572187423706054688e-01
6.896484851837158203e+00 -1.349569797515869141e+00 8.904064893722534180e-01
6.859251022338867188e+00 -1.348610639572143555e+00 9.064271450042724609e-01
6.806232929229736328e+00 -1.347237586975097656e+00 9.279986619949340820e-01
6.739645004272460938e+00 -1.345498561859130859e+00 9.529064893722534180e-01
6.703997135162353516e+00 -1.344555974006652832e+00 9.648004770278930664e-01
6.633112430572509766e+00 -1.342667102813720703e+00 9.869471788406372070e-01
6.585998058319091797e+00 -1.341390728950500488e+00 9.997026324272155762e-01
6.523252487182617188e+00 -1.339669585227966309e+00 1.014979720115661621e+00
6.459646224975585938e+00 -1.337893605232238770e+00 1.028181552886962891e+00
6.417311668395996094e+00 -1.336688160896301270e+00 1.035444140434265137e+00
6.325918674468994141e+00 -1.334048867225646973e+00 1.048951864242553711e+00
6.292285442352294922e+00 -1.333046436309814453e+00 1.052206635475158691e+00
6.236745834350585938e+00 -1.331369638442993164e+00 1.056546092033386230e+00
6.174202442169189453e+00 -1.329439878463745117e+00 1.059509158134460449e+00
6.115831375122070312e+00 -1.327592253684997559e+00 1.060253977775573730e+00
6.038159370422363281e+00 -1.325071215629577637e+00 1.058732867240905762e+00
6.005167961120605469e+00 -1.323962569236755371e+00 1.056661009788513184e+00
5.940227031707763672e+00 -1.321745991706848145e+00 1.051384687423706055e+00
5.881774902343750000e+00 -1.319687604904174805e+00 1.044499993324279785e+00
5.833970069885253906e+00 -1.317954182624816895e+00 1.037281990051269531e+00
5.756365776062011719e+00 -1.315069556236267090e+00 1.023434996604919434e+00
5.707640647888183594e+00 -1.313182353973388672e+00 1.012540817260742188e+00
5.647674560546875000e+00 -1.310796022415161133e+00 9.974028468132019043e-01
5.621819972991943359e+00 -1.309731483459472656e+00 9.899427890777587891e-01
5.533311843872070312e+00 -1.306031107902526855e+00 9.630048871040344238e-01
5.503976821899414062e+00 -1.304738640785217285e+00 9.524593949317932129e-01
5.456233978271484375e+00 -1.302596211433410645e+00 9.343993663787841797e-01
5.378127098083496094e+00 -1.298983573913574219e+00 9.024255871772766113e-01
5.343869686126708984e+00 -1.297317147254943848e+00 8.866094350814819336e-01
5.283283710479736328e+00 -1.294300675392150879e+00 8.571993708610534668e-01
5.218712329864501953e+00 -1.290949225425720215e+00 8.230736851692199707e-01
5.192179203033447266e+00 -1.289507508277893066e+00 8.077844381332397461e-01
5.140100955963134766e+00 -1.286621809005737305e+00 7.767164707183837891e-01
5.068174839019775391e+00 -1.282478213310241699e+00 7.308632135391235352e-01
5.027133941650390625e+00 -1.279979586601257324e+00 7.022697925567626953e-01
4.987205982208251953e+00 -1.277467012405395508e+00 6.730301380157470703e-01
4.927647113800048828e+00 -1.273593544960021973e+00 6.272730827331542969e-01
4.876410007476806641e+00 -1.270089030265808105e+00 5.850337147712707520e-01
4.837801456451416016e+00 -1.267326235771179199e+00 5.512270331382751465e-01
4.800489902496337891e+00 -1.264560103416442871e+00 5.170360207557678223e-01
4.738199710845947266e+00 -1.259776592254638672e+00 4.573864042758941650e-01
4.712766647338867188e+00 -1.257701754570007324e+00 4.311749041080474854e-01
4.650839805603027344e+00 -1.252516150474548340e+00 3.653736710548400879e-01
4.621542930603027344e+00 -1.249898433685302734e+00 3.318343460559844971e-01
4.588943958282470703e+00 -1.246889233589172363e+00 2.931384742259979248e-01
4.532962322235107422e+00 -1.241524934768676758e+00 2.239170521497726440e-01
4.498441696166992188e+00 -1.237989902496337891e+00 1.780768632888793945e-01
4.462455749511718750e+00 -1.234140515327453613e+00 1.280594617128372192e-01
4.416808605194091797e+00 -1.229020476341247559e+00 6.143595278263092041e-02
4.385148525238037109e+00 -1.225237846374511719e+00 1.217072457075119019e-02
4.334812641143798828e+00 -1.215927243232727051e+00 7.135450839996337891e-02
4.261841773986816406e+00 -1.202541947364807129e+00 1.525381803512573242e-01
4.236814022064208984e+00 -1.198000431060791016e+00 1.782621741294860840e-01
4.168052196502685547e+00 -1.185562968254089355e+00 2.470884025096893311e-01
4.118507862091064453e+00 -1.176675915718078613e+00 2.931754589080810547e-01
4.059813499450683594e+00 -1.166202783584594727e+00 3.449907600879669189e-01
3.994807720184326172e+00 -1.154668569564819336e+00 3.989151716232299805e-01
3.913623094558715820e+00 -1.140343070030212402e+00 4.617396891117095947e-01
3.866337299346923828e+00 -1.132049202919006348e+00 4.952367544174194336e-01
3.828557252883911133e+00 -1.125442147254943848e+00 5.206414461135864258e-01
3.749551296234130859e+00 -1.111654520034790039e+00 5.715718269348144531e-01
3.708435773849487305e+00 -1.104507923126220703e+00 5.957642197608947754e-01
3.610524177551269531e+00 -1.087517738342285156e+00 6.506360173225402832e-01
3.571039438247680664e+00 -1.080690145492553711e+00 6.702159643173217773e-01
3.481544256210327148e+00 -1.065230607986450195e+00 7.123692035675048828e-01
3.432677507400512695e+00 -1.056805372238159180e+00 7.326965928077697754e-01
3.360094547271728516e+00 -1.044298887252807617e+00 7.607830166816711426e-01
3.329403400421142578e+00 -1.039013624191284180e+00 7.713632583618164062e-01
3.230289220809936523e+00 -1.021946072578430176e+00 8.038001656532287598e-01
3.199982881546020508e+00 -1.016726493835449219e+00 8.120325207710266113e-01
3.094507217407226562e+00 -9.985548853874206543e-01 8.389313817024230957e-01
3.065724134445190430e+00 -9.935892224311828613e-01 8.446239829063415527e-01
2.979535818099975586e+00 -9.787105321884155273e-01 8.603482842445373535e-01
2.921651363372802734e+00 -9.686966538429260254e-01 8.682649731636047363e-01
2.859973430633544922e+00 -9.580066204071044922e-01 8.748277425765991211e-01
2.797483205795288086e+00 -9.471510052680969238e-01 8.794642686843872070e-01
2.734640836715698242e+00 -9.362051486968994141e-01 8.820819854736328125e-01
2.674004316329956055e+00 -9.256114959716796875e-01 8.826248049736022949e-01
2.593826770782470703e+00 -9.115581512451171875e-01 8.808087110519409180e-01
2.509362697601318359e+00 -8.966827392578125000e-01 8.753498792648315430e-01
2.461223363876342773e+00 -8.881564736366271973e-01 8.700919151306152344e-01
2.392786741256713867e+00 -8.759910464286804199e-01 8.608602285385131836e-01
2.334398746490478516e+00 -8.655544519424438477e-01 8.508304357528686523e-01
2.278172731399536133e+00 -8.554524779319763184e-01 8.393771648406982422e-01
2.200124502182006836e+00 -8.413548469543457031e-01 8.210431933403015137e-01
2.162258386611938477e+00 -8.344607353210449219e-01 8.104759454727172852e-01
2.102735042572021484e+00 -8.235777616500854492e-01 7.925617098808288574e-01
2.035753726959228516e+00 -8.112458586692810059e-01 7.700571417808532715e-01
1.965321898460388184e+00 -7.981694340705871582e-01 7.435443997383117676e-01
1.933047652244567871e+00 -7.921198606491088867e-01 7.299783825874328613e-01
1.833321213722229004e+00 -7.733382582664489746e-01 6.859931945800781250e-01
1.799579262733459473e+00 -7.668855190277099609e-01 6.688821315765380859e-01
1.727515220642089844e+00 -7.530241608619689941e-01 6.306482553482055664e-01
1.695317864418029785e+00 -7.467504143714904785e-01 6.119019389152526855e-01
1.621168494224548340e+00 -7.322112321853637695e-01 5.669428110122680664e-01
1.581759095191955566e+00 -7.243658900260925293e-01 5.407788157463073730e-01
1.529103755950927734e+00 -7.137910723686218262e-01 5.041217207908630371e-01
1.441419839859008789e+00 -6.959615945816040039e-01 4.391425251960754395e-01
1.404877066612243652e+00 -6.883633136749267578e-01 4.091514945030212402e-01
1.335968494415283203e+00 -6.738857626914978027e-01 3.501295149326324463e-01
1.304644823074340820e+00 -6.671663522720336914e-01 3.210627436637878418e-01
1.242523431777954102e+00 -6.537013053894042969e-01 2.612504065036773682e-01
1.215464711189270020e+00 -6.477069258689880371e-01 2.332155555486679077e-01
1.164082765579223633e+00 -6.362052559852600098e-01 1.782148182392120361e-01
1.107166886329650879e+00 -6.231967806816101074e-01 1.133647859096527100e-01
1.063276529312133789e+00 -6.129083633422851562e-01 5.968675389885902405e-02
1.028081655502319336e+00 -6.044782996177673340e-01 1.414258778095245361e-02
9.333139657974243164e-01 -5.753126740455627441e-01 1.133479550480842590e-01
8.993612527847290039e-01 -5.649528503417968750e-01 1.454544365406036377e-01
8.276352286338806152e-01 -5.431242585182189941e-01 2.109168916940689087e-01
7.667297720909118652e-01 -5.246831178665161133e-01 2.624627053737640381e-01
6.649830341339111328e-01 -4.939925372600555420e-01 3.432301282882690430e-01
6.318700313568115234e-01 -4.840601682662963867e-01 3.667963147163391113e-01
5.676444172859191895e-01 -4.648245275020599365e-01 4.109060168266296387e-01
4.623520076274871826e-01 -4.333752989768981934e-01 4.782916605472564697e-01
4.337123036384582520e-01 -4.248543083667755127e-01 4.945358037948608398e-01
3.193606436252593994e-01 -3.908608257770538330e-01 5.572524070739746094e-01
2.672278285026550293e-01 -3.754115700721740723e-01 5.820542573928833008e-01
2.145487070083618164e-01 -3.598168194293975830e-01 6.054585576057434082e-01
1.395923197269439697e-01 -3.376471400260925293e-01 6.364337205886840820e-01
3.887718915939331055e-02 -3.078899383544921875e-01 6.737126111984252930e-01
4.322078078985214233e-03 -2.976903021335601807e-01 6.845616102218627930e-01
-1.101352274417877197e-01 -2.639110088348388672e-01 7.183523774147033691e-01
-1.609373688697814941e-01 -2.489224225282669067e-01 7.302411794662475586e-01
-2.656200230121612549e-01 -2.180320173501968384e-01 7.519639730453491211e-01
-2.998749911785125732e-01 -2.079178988933563232e-01 7.572211027145385742e-01
-3.824960887432098389e-01 -1.835143268108367920e-01 7.684603333473205566e-01
-4.692602455615997314e-01 -1.578610092401504517e-01 7.766274809837341309e-01
-5.707464218139648438e-01 -1.278123706579208374e-01 7.817398905754089355e-01
-6.102178096771240234e-01 -1.161009520292282104e-01 7.817112803459167480e-01
-7.185226678848266602e-01 -8.393345773220062256e-02 7.794790863990783691e-01
-7.488226294517517090e-01 -7.490682601928710938e-02 7.771914601325988770e-01
-8.272988796234130859e-01 -5.150409415364265442e-02 7.700531482696533203e-01
-9.003200531005859375e-01 -2.966717444360256195e-02 7.604634761810302734e-01
-1.000391840934753418e+00 3.473795950412750244e-04 7.435105443000793457e-01
-1.060028195381164551e+00 1.831486076116561890e-02 7.302350997924804688e-01
-1.159578323364257812e+00 4.840024188160896301e-02 7.048438787460327148e-01
-1.209285855293273926e+00 6.350690126419067383e-02 6.894048452377319336e-01
-1.299962282180786133e+00 9.115208685398101807e-02 6.586474776268005371e-01
-1.336195945739746094e+00 1.022677868604660034e-01 6.444122195243835449e-01
-1.443727850914001465e+00 1.353479474782943726e-01 5.997783541679382324e-01
-1.495395898818969727e+00 1.513820290565490723e-01 5.748124122619628906e-01
-1.555562138557434082e+00 1.701429486274719238e-01 5.436643958091735840e-01
-1.627030611038208008e+00 1.925618201494216919e-01 5.036865472793579102e-01
-1.707661747932434082e+00 2.180511355400085449e-01 4.544003903865814209e-01
-1.742048621177673340e+00 2.290269732475280762e-01 4.312444925308227539e-01
-1.799959540367126465e+00 2.475958764553070068e-01 3.906228840351104736e-01
-1.861342668533325195e+00 2.674388289451599121e-01 3.445446193218231201e-01
-1.956375122070312500e+00 2.984498441219329834e-01 2.679395079612731934e-01
-1.985022306442260742e+00 3.079506754875183105e-01 2.421790361404418945e-01
-2.067292213439941406e+00 3.353880345821380615e-01 1.656728684902191162e-01
-2.089528560638427734e+00 3.429323434829711914e-01 1.429030150175094604e-01
-2.156696319580078125e+00 3.658407032489776611e-01 7.225336134433746338e-02
-2.217023372650146484e+00 3.867656886577606201e-01 3.406852483749389648e-03
-2.313524246215820312e+00 4.276148676872253418e-01 9.427314251661300659e-02
-2.373405694961547852e+00 4.528035819530487061e-01 1.452450603246688843e-01
-2.409958839416503906e+00 4.681280255317687988e-01 1.744889765977859497e-01
-2.538130521774291992e+00 5.217622518539428711e-01 2.732254862785339355e-01
-2.613003015518188477e+00 5.529041886329650879e-01 3.235108554363250732e-01
-2.665508508682250977e+00 5.746796131134033203e-01 3.560094237327575684e-01
-2.778778791427612305e+00 6.215710043907165527e-01 4.221310913562774658e-01
-2.885184288024902344e+00 6.654642820358276367e-01 4.764993786811828613e-01
-2.908153533935546875e+00 6.749132871627807617e-01 4.867599010467529297e-01
-3.062301874160766602e+00 7.382951974868774414e-01 5.535691976547241211e-01
-3.102782249450683594e+00 7.548879384994506836e-01 5.675825476646423340e-01
-3.213414192199707031e+00 8.002090454101562500e-01 6.034670472145080566e-01
-3.279037952423095703e+00 8.270539641380310059e-01 6.209055185317993164e-01
-3.400547504425048828e+00 8.767307400703430176e-01 6.490824818611145020e-01
-3.475004196166992188e+00 9.071456193923950195e-01 6.617555022239685059e-01
-3.546622753143310547e+00 9.363949298858642578e-01 6.712885499000549316e-01
-3.653608322143554688e+00 9.800869822502136230e-01 6.817421913146972656e-01
-3.732365369796752930e+00 1.012257337570190430e+00 6.852916479110717773e-01
-3.814405202865600586e+00 1.045783042907714844e+00 6.858189105987548828e-01
-3.928113460540771484e+00 1.092280983924865723e+00 6.819617152214050293e-01
-4.019647121429443359e+00 1.129758000373840332e+00 6.736981868743896484e-01
-4.072770595550537109e+00 1.151538491249084473e+00 6.664609909057617188e-01
-4.215257167816162109e+00 1.210015535354614258e+00 6.431982517242431641e-01
-4.238107681274414062e+00 1.219421505928039551e+00 6.377760171890258789e-01
-4.342581272125244141e+00 1.262452363967895508e+00 6.117127537727355957e-01
-4.431912899017333984e+00 1.299355268478393555e+00 5.843589901924133301e-01
-4.497045040130615234e+00 1.326342105865478516e+00 5.611354708671569824e-01
-4.581478595733642578e+00 1.361414194107055664e+00 5.278176069259643555e-01
-4.711883544921875000e+00 1.415777921676635742e+00 4.696898162364959717e-01
-4.760457038879394531e+00 1.436157584190368652e+00 4.439741075038909912e-01
-4.838747024536132812e+00 1.469099164009094238e+00 3.999206721782684326e-01
-4.935191631317138672e+00 1.509882688522338867e+00 3.402464389801025391e-01
-5.011604309082031250e+00 1.542421936988830566e+00 2.873143553733825684e-01
-5.083265781402587891e+00 1.573134541511535645e+00 2.331158965826034546e-01
-5.140269756317138672e+00 1.597732663154602051e+00 1.863310635089874268e-01
-5.222462177276611328e+00 1.633417725563049316e+00 1.143293604254722595e-01
-5.300396442413330078e+00 1.667589664459228516e+00 3.930921107530593872e-02
-5.323925495147705078e+00 1.678019762039184570e+00 1.449732482433319092e-02
-5.450217247009277344e+00 1.746222138404846191e+00 1.358480453491210938e-01
-5.570410251617431641e+00 1.810540437698364258e+00 2.370458394289016724e-01
-5.677130699157714844e+00 1.867231845855712891e+00 3.162713348865509033e-01
-5.707782268524169922e+00 1.883423209190368652e+00 3.365758657455444336e-01
-5.881088733673095703e+00 1.974839329719543457e+00 4.476545751094818115e-01
-5.967714309692382812e+00 2.020183086395263672e+00 4.931060075759887695e-01
-6.074241161346435547e+00 2.075767278671264648e+00 5.433464646339416504e-01
-6.132469177246093750e+00 2.106042146682739258e+00 5.671726465225219727e-01
-6.277887344360351562e+00 2.181520462036132812e+00 6.219109296798706055e-01
-6.368564128875732422e+00 2.228397369384765625e+00 6.488264799118041992e-01
-6.498768329620361328e+00 2.295567035675048828e+00 6.812762022018432617e-01
-6.622735977172851562e+00 2.359347820281982422e+00 7.038879394531250000e-01
-6.684624671936035156e+00 2.391121387481689453e+00 7.113263010978698730e-01
-6.792600154876708984e+00 2.446507453918457031e+00 7.209954261779785156e-01
-6.921049118041992188e+00 2.512305736541748047e+00 7.256518602371215820e-01
-7.056003570556640625e+00 2.581347703933715820e+00 7.219939827919006348e-01
-7.167716503143310547e+00 2.638446807861328125e+00 7.114785909652709961e-01
-7.270395755767822266e+00 2.690908908843994141e+00 6.960328817367553711e-01
-7.397943019866943359e+00 2.756074666976928711e+00 6.701118946075439453e-01
-7.493592262268066406e+00 2.804959535598754883e+00 6.442168951034545898e-01
-7.578179359436035156e+00 2.848217964172363281e+00 6.168743371963500977e-01
-7.679119110107421875e+00 2.899882793426513672e+00 5.793858170509338379e-01
-7.804794788360595703e+00 2.964294433593750000e+00 5.251808166503906250e-01
-7.909426689147949219e+00 3.018039941787719727e+00 4.717715382575988770e-01
-8.002110481262207031e+00 3.065767288208007812e+00 4.178841412067413330e-01
-8.068680763244628906e+00 3.100143671035766602e+00 3.746729493141174316e-01
-8.165547370910644531e+00 3.150287151336669922e+00 3.067447245121002197e-01
-8.267967224121093750e+00 3.203524351119995117e+00 2.265588343143463135e-01
-8.338222503662109375e+00 3.240238904953002930e+00 1.648160517215728760e-01
-8.396755218505859375e+00 3.270966529846191406e+00 1.090726628899574280e-01
-8.518065452575683594e+00 3.334932088851928711e+00 -1.459965109825134277e-02
-8.568715095520019531e+00 3.361930131912231445e+00 -7.422651350498199463e-02
-8.737225532531738281e+00 3.472696542739868164e+00 9.253172576427459717e-02
-8.821123123168945312e+00 3.526869058609008789e+00 1.620872616767883301e-01
-8.933400154113769531e+00 3.598821401596069336e+00 2.474499642848968506e-01
-9.047703742980957031e+00 3.671394824981689453e+00 3.246067762374877930e-01
-9.196822166442871094e+00 3.765261888504028320e+00 4.133563637733459473e-01
-9.320873260498046875e+00 3.842553853988647461e+00 4.752251803874969482e-01
-9.538253784179687500e+00 3.976956844329833984e+00 5.674886703491210938e-01
-9.643424034118652344e+00 4.041178226470947266e+00 5.992369055747985840e-01
-9.810456275939941406e+00 4.142632484436035156e+00 6.403942108154296875e-01
-9.883155822753906250e+00 4.186436176300048828e+00 6.520674824714660645e-01
-1.000867176055908203e+01 4.261820316314697266e+00 6.676604151725769043e-01
-1.019115638732910156e+01 4.370827674865722656e+00 6.789535880088806152e-01
-1.039046287536621094e+01 4.488993644714355469e+00 6.732877492904663086e-01
-1.043801975250244141e+01 4.516973972320556641e+00 6.672073006629943848e-01
-1.065052318572998047e+01 4.641792297363281250e+00 6.349344253540039062e-01
-1.070674324035644531e+01 4.674566268920898438e+00 6.201928257942199707e-01
-1.085192680358886719e+01 4.759047508239746094e+00 5.777271986007690430e-01
-1.104133701324462891e+01 4.868747234344482422e+00 5.069915056228637695e-01
-1.111526966094970703e+01 4.911314487457275391e+00 4.709929823875427246e-01
-1.121977615356445312e+01 4.971357822418212891e+00 4.151052534580230713e-01
-1.135898017883300781e+01 5.051103591918945312e+00 3.306880593299865723e-01
-1.152093315124511719e+01 5.143534660339355469e+00 2.155680656433105469e-01
-1.161191940307617188e+01 5.195250988006591797e+00 1.382575333118438721e-01
-1.171740818023681641e+01 5.255093097686767578e+00 3.907804936170578003e-02
-1.180493545532226562e+01 5.304645061492919922e+00 -5.364844202995300293e-02
-1.194692993164062500e+01 5.403523921966552734e+00 7.091642171144485474e-02
-1.214367771148681641e+01 5.537928104400634766e+00 2.193101942539215088e-01
-1.233207225799560547e+01 5.663608074188232422e+00 3.334450125694274902e-01
-1.261262512207031250e+01 5.847016811370849609e+00 4.687803387641906738e-01
-1.283776664733886719e+01 5.990187168121337891e+00 5.403801798820495605e-01
-1.294255828857421875e+01 6.055478572845458984e+00 5.612674951553344727e-01
-1.313553333282470703e+01 6.174623966217041016e+00 5.896221995353698730e-01
-1.335191917419433594e+01 6.306011199951171875e+00 6.008304953575134277e-01
-1.366241645812988281e+01 6.491049289703369141e+00 5.841928124427795410e-01
-1.374440956115722656e+01 6.538581371307373047e+00 5.671975612640380859e-01
-1.401125717163085938e+01 6.692123413085937500e+00 5.007845163345336914e-01
-1.411106204986572266e+01 6.748084068298339844e+00 4.617147445678710938e-01
-1.437080097198486328e+01 6.892221927642822266e+00 3.451633751392364502e-01
-1.448445510864257812e+01 6.953442573547363281e+00 2.756265997886657715e-01
-1.472587108612060547e+01 7.081575870513916016e+00 1.082723736763000488e-01
-1.477858448028564453e+01 7.108544826507568359e+00 6.118409335613250732e-02
-1.497985458374023438e+01 7.210543632507324219e+00 -1.291163116693496704e-01
-1.537557601928710938e+01 7.455686092376708984e+00 1.089256405830383301e-01
-1.576545238494873047e+01 7.681171417236328125e+00 2.498628199100494385e-01
-1.618500328063964844e+01 7.909208297729492188e+00 3.197954297065734863e-01
-1.647161293029785156e+01 8.054881095886230469e+00 3.129781782627105713e-01
-1.668848228454589844e+01 8.159873962402343750e+00 2.804366052150726318e-01
-1.720246505737304688e+01 8.398932456970214844e+00 1.530796438455581665e-01
-1.747266769409179688e+01 8.510959625244140625e+00 1.683019101619720459e-02
-1.766641807556152344e+01 8.584989547729492188e+00 -1.121490448713302612e-01
-1.868876266479492188e+01 9.101039886474609375e+00 3.591320514678955078e-01
-2.032790565490722656e+01 9.730710029602050781e+00 2.777762413024902344e-01
-2.100750160217285156e+01 9.858131408691406250e+00 -2.835419774055480957e-01
-2.140222740173339844e+01 9.858911514282226562e+00 -8.874139785766601562e-01
-6.006873321533203125e+01 -1.212351760864257812e+02 -4.984153366088867188e+01
7.652202302668800000e+14 -6.481836297420800000e+13 -8.750012049653760000e+14
nan nan nan
nan nan nan
nan nan nan
nan nan nan
nan nan nan
nan nan nan
nan nan nan
nan nan nan
nan nan nan
nan nan nan
nan nan nan
nan nan nan
nan nan nan
nan nan nan
nan nan nan
nan nan nan
nan nan nan
nan nan nan
nan nan nan
nan nan nan
nan nan nan
