2.326649475097656250e+01 -2.118308395147323608e-01 3.480113148689270020e-01
2.308700942993164062e+01 -2.154604494571685791e-01 4.641862511634826660e-01
2.293606758117675781e+01 -2.186004519462585449e-01 5.606498718261718750e-01
2.288501167297363281e+01 -2.196868807077407837e-01 5.929205417633056641e-01
2.272899246215820312e+01 -2.230313867330551147e-01 6.911629438400268555e-01
2.252406692504882812e+01 -2.275225967168807983e-01 8.186838626861572266e-01
2.242071151733398438e+01 -2.298517227172851562e-01 8.819760084152221680e-01
2.225812339782714844e+01 -2.335645854473114014e-01 9.807140231132507324e-01
2.219542694091796875e+01 -2.350256443023681641e-01 1.018280506134033203e+00
2.201143264770507812e+01 -2.393456101417541504e-01 1.127944588661193848e+00
2.190423202514648438e+01 -2.419174164533615112e-01 1.190828561782836914e+00
2.176001930236816406e+01 -2.454187273979187012e-01 1.274621009826660156e+00
2.163968276977539062e+01 -2.483862638473510742e-01 1.343626737594604492e+00
2.149476814270019531e+01 -2.520047426223754883e-01 1.425793647766113281e+00
2.142110061645507812e+01 -2.538710832595825195e-01 1.466984152793884277e+00
2.121697998046875000e+01 -2.590790987014770508e-01 1.580291628837585449e+00
2.113844299316406250e+01 -2.611217498779296875e-01 1.622993588447570801e+00
2.098345184326171875e+01 -2.651808559894561768e-01 1.706575751304626465e+00
2.093903160095214844e+01 -2.663598060607910156e-01 1.730135321617126465e+00
2.080338668823242188e+01 -2.699730098247528076e-01 1.801728844642639160e+00
2.066392326354980469e+01 -2.737287580966949463e-01 1.874228715896606445e+00
2.050696563720703125e+01 -2.780013382434844971e-01 1.954520821571350098e+00
2.042562866210937500e+01 -2.802411019802093506e-01 1.995355606079101562e+00
2.026229286193847656e+01 -2.847643792629241943e-01 2.076543092727661133e+00
2.020517921447753906e+01 -2.863635718822479248e-01 2.104351520538330078e+00
2.005852699279785156e+01 -2.904846966266632080e-01 2.175227403640747070e+00
1.995381927490234375e+01 -2.934539616107940674e-01 2.224853038787841797e+00
1.985868453979492188e+01 -2.961680591106414795e-01 2.269297361373901367e+00
1.968636703491210938e+01 -3.011096715927124023e-01 2.348727703094482422e+00
1.955896568298339844e+01 -3.047960102558135986e-01 2.405995130538940430e+00
1.944647979736328125e+01 -3.080702126026153564e-01 2.455589532852172852e+00
1.938896751403808594e+01 -3.097523450851440430e-01 2.480502843856811523e+00
1.921511840820312500e+01 -3.148486614227294922e-01 2.555119514465332031e+00
1.911947441101074219e+01 -3.176709711551666260e-01 2.595003366470336914e+00
1.905906105041503906e+01 -3.194591999053955078e-01 2.619783878326416016e+00
1.889424133300781250e+01 -3.243466317653656006e-01 2.686674356460571289e+00
1.884533309936523438e+01 -3.258036375045776367e-01 2.705935955047607422e+00
1.874140357971191406e+01 -3.289031684398651123e-01 2.746490716934204102e+00
1.857184982299804688e+01 -3.339711129665374756e-01 2.811340808868408203e+00
1.846229171752929688e+01 -3.372559547424316406e-01 2.851836919784545898e+00
1.839681243896484375e+01 -3.392220139503479004e-01 2.875487565994262695e+00
1.827541542053222656e+01 -3.428694009780883789e-01 2.918717622756958008e+00
1.819921493530273438e+01 -3.451609909534454346e-01 2.945124626159667969e+00
1.805928039550781250e+01 -3.493705093860626221e-01 2.992769241333007812e+00
1.795103073120117188e+01 -3.526276051998138428e-01 3.028403520584106445e+00
1.790107345581054688e+01 -3.541302680969238281e-01 3.044405460357666016e+00
1.775999069213867188e+01 -3.583725094795227051e-01 3.089012861251831055e+00
1.764413261413574219e+01 -3.618522584438323975e-01 3.124275684356689453e+00
1.755396842956542969e+01 -3.645563423633575439e-01 3.150830030441284180e+00
1.745303535461425781e+01 -3.675788640975952148e-01 3.179771661758422852e+00
1.739883804321289062e+01 -3.691986501216888428e-01 3.194835424423217773e+00
1.725426483154296875e+01 -3.735140860080718994e-01 3.234328985214233398e+00
1.718191146850585938e+01 -3.756659924983978271e-01 3.253161668777465820e+00
1.712357330322265625e+01 -3.773972690105438232e-01 3.267965078353881836e+00
1.697702407836914062e+01 -3.817380666732788086e-01 3.304373502731323242e+00
1.687361145019531250e+01 -3.847854733467102051e-01 3.328666687011718750e+00
1.677859115600585938e+01 -3.875739276409149170e-01 3.350067853927612305e+00
1.667329406738281250e+01 -3.906509876251220703e-01 3.372834444046020508e+00
1.664310455322265625e+01 -3.915287852287292480e-01 3.379056453704833984e+00
1.654239654541015625e+01 -3.944523632526397705e-01 3.399517536163330078e+00
1.639547157287597656e+01 -3.986948728561401367e-01 3.427923202514648438e+00
1.631676292419433594e+01 -4.009485244750976562e-01 3.441992521286010742e+00
1.624993133544921875e+01 -4.028525948524475098e-01 3.453409194946289062e+00
1.617950820922851562e+01 -4.048501551151275635e-01 3.464961528778076172e+00
1.603897285461425781e+01 -4.088171124458312988e-01 3.487001419067382812e+00
1.598723793029785156e+01 -4.102627038955688477e-01 3.494359731674194336e+00
1.586108970642089844e+01 -4.137734472751617432e-01 3.511616230010986328e+00
1.579240226745605469e+01 -4.156658053398132324e-01 3.520091056823730469e+00
1.570602893829345703e+01 -4.180315732955932617e-01 3.530109643936157227e+00
1.561425876617431641e+01 -4.205262064933776855e-01 3.539893150329589844e+00
1.554022598266601562e+01 -4.225219190120697021e-01 3.547039031982421875e+00
1.547528648376464844e+01 -4.242603480815887451e-01 3.552773475646972656e+00
1.535687351226806641e+01 -4.274104535579681396e-01 3.562368631362915039e+00
1.528291511535644531e+01 -4.293549656867980957e-01 3.567368984222412109e+00
1.519575405120849609e+01 -4.316293597221374512e-01 3.572522878646850586e+00
1.510210323333740234e+01 -4.340510368347167969e-01 3.577114582061767578e+00
1.504912567138671875e+01 -4.354074597358703613e-01 3.579130649566650391e+00
1.495942115783691406e+01 -4.376913011074066162e-01 3.581982612609863281e+00
1.487358283996582031e+01 -4.398557841777801514e-01 3.583792924880981445e+00
1.478548812866210938e+01 -4.420567750930786133e-01 3.584738254547119141e+00
1.472201919555664062e+01 -4.436276257038116455e-01 3.584737300872802734e+00
1.463691043853759766e+01 -4.457200467586517334e-01 3.584070682525634766e+00
1.454978942871093750e+01 -4.478430449962615967e-01 3.582466125488281250e+00
1.444130039215087891e+01 -4.504635035991668701e-01 3.579279422760009766e+00
1.436320114135742188e+01 -4.523299336433410645e-01 3.575906038284301758e+00
1.432585048675537109e+01 -4.532161653041839600e-01 3.573916673660278320e+00
1.424305725097656250e+01 -4.551742672920227051e-01 3.569105386734008789e+00
1.413771629333496094e+01 -4.576482176780700684e-01 3.561841249465942383e+00
1.406445217132568359e+01 -4.593546092510223389e-01 3.555765151977539062e+00
1.399511241912841797e+01 -4.609612822532653809e-01 3.549332141876220703e+00
1.390541362762451172e+01 -4.630305171012878418e-01 3.540166616439819336e+00
1.384728336334228516e+01 -4.643645286560058594e-01 3.533511400222778320e+00
1.377503299713134766e+01 -4.660177826881408691e-01 3.524657011032104492e+00
1.370323944091796875e+01 -4.676553308963775635e-01 3.515132665634155273e+00
1.362778282165527344e+01 -4.693717658519744873e-01 3.504355907440185547e+00
1.354531764984130859e+01 -4.712432324886322021e-01 3.491688251495361328e+00
1.343558311462402344e+01 -4.737286269664764404e-01 3.473522186279296875e+00
1.336110591888427734e+01 -4.754124283790588379e-01 3.459992885589599609e+00
1.328128337860107422e+01 -4.772161841392517090e-01 3.444607734680175781e+00
1.322296237945556641e+01 -4.785340726375579834e-01 3.432665348052978516e+00
1.316688823699951172e+01 -4.798016846179962158e-01 3.420685052871704102e+00
1.310884380340576172e+01 -4.811146855354309082e-01 3.407783985137939453e+00
1.303170204162597656e+01 -4.828613102436065674e-01 3.389944076538085938e+00
1.294756507873535156e+01 -4.847693741321563721e-01 3.369469642639160156e+00
1.288727474212646484e+01 -4.861396551132202148e-01 3.353993654251098633e+00
1.281281185150146484e+01 -4.878353774547576904e-01 3.334159135818481445e+00
1.270718574523925781e+01 -4.902472794055938721e-01 3.304748058319091797e+00
1.266852092742919922e+01 -4.911340475082397461e-01 3.293310165405273438e+00
1.261196804046630859e+01 -4.924334585666656494e-01 3.276216506958007812e+00
1.253213310241699219e+01 -4.942730069160461426e-01 3.251327991485595703e+00
1.248023700714111328e+01 -4.954738914966583252e-01 3.234446763992309570e+00
1.238016510009765625e+01 -4.977965056896209717e-01 3.201004266738891602e+00
1.230659008026123047e+01 -4.995144903659820557e-01 3.175138473510742188e+00
1.225619411468505859e+01 -5.006968975067138672e-01 3.156769037246704102e+00
1.218102264404296875e+01 -5.024666190147399902e-01 3.128695011138916016e+00
1.209702491760253906e+01 -5.044546723365783691e-01 3.096189737319946289e+00
1.206605243682861328e+01 -5.051922798156738281e-01 3.083730459213256836e+00
1.200207519531250000e+01 -5.067194700241088867e-01 3.057629823684692383e+00
1.193130016326904297e+01 -5.084173679351806641e-01 3.027916908264160156e+00
1.186787605285644531e+01 -5.099475383758544922e-01 3.000448703765869141e+00
1.176869201660156250e+01 -5.123529434204101562e-01 2.956301212310791016e+00
1.174689483642578125e+01 -5.128859877586364746e-01 2.946183443069458008e+00
1.168050289154052734e+01 -5.145127177238464355e-01 2.915085554122924805e+00
1.157264709472656250e+01 -5.171706676483154297e-01 2.863165378570556641e+00
1.153692054748535156e+01 -5.180596113204956055e-01 2.845202207565307617e+00
1.146846294403076172e+01 -5.197684764862060547e-01 2.810290098190307617e+00
1.140129470825195312e+01 -5.214557647705078125e-01 2.775102853775024414e+00
1.132861518859863281e+01 -5.232928991317749023e-01 2.736027002334594727e+00
1.126997566223144531e+01 -5.247853398323059082e-01 2.703614234924316406e+00
1.122489166259765625e+01 -5.259392261505126953e-01 2.678138494491577148e+00
1.114221668243408203e+01 -5.280643701553344727e-01 2.630631208419799805e+00
1.108377552032470703e+01 -5.295786857604980469e-01 2.596012830734252930e+00
1.101652717590332031e+01 -5.313311219215393066e-01 2.555324077606201172e+00
1.098635673522949219e+01 -5.321225523948669434e-01 2.536624193191528320e+00
1.093361473083496094e+01 -5.335101485252380371e-01 2.503581285476684570e+00
1.087307834625244141e+01 -5.351111292839050293e-01 2.464942693710327148e+00
1.079247665405273438e+01 -5.372556447982788086e-01 2.412396430969238281e+00
1.074663734436035156e+01 -5.384850502014160156e-01 2.381668806076049805e+00
1.069786643981933594e+01 -5.397990942001342773e-01 2.348459482192993164e+00
1.060202503204345703e+01 -5.423938632011413574e-01 2.282110214233398438e+00
1.054263114929199219e+01 -5.440173745155334473e-01 2.239648342132568359e+00
1.050766181945800781e+01 -5.449789166450500488e-01 2.214150428771972656e+00
1.046082305908203125e+01 -5.462713241577148438e-01 2.179601907730102539e+00
1.039798069000244141e+01 -5.480133891105651855e-01 2.132532596588134766e+00
1.032133579254150391e+01 -5.501514077186584473e-01 2.073940038681030273e+00
1.026420116424560547e+01 -5.517573356628417969e-01 2.029170513153076172e+00
1.020719242095947266e+01 -5.533687472343444824e-01 1.983677387237548828e+00
1.014427947998046875e+01 -5.551570653915405273e-01 1.932557582855224609e+00
1.008728408813476562e+01 -5.567871928215026855e-01 1.885319948196411133e+00
1.002721214294433594e+01 -5.585148334503173828e-01 1.834638237953186035e+00
1.000013446807861328e+01 -5.592981576919555664e-01 1.811363101005554199e+00
9.920663833618164062e+00 -5.616030097007751465e-01 1.742479801177978516e+00
9.877948760986328125e+00 -5.628513693809509277e-01 1.704541206359863281e+00
9.846195220947265625e+00 -5.637831091880798340e-01 1.675968647003173828e+00
9.771741867065429688e+00 -5.659743547439575195e-01 1.608325719833374023e+00
9.727262496948242188e+00 -5.672926306724548340e-01 1.566996216773986816e+00
9.686832427978515625e+00 -5.684958100318908691e-01 1.528924345970153809e+00
9.626216888427734375e+00 -5.703064203262329102e-01 1.471150755882263184e+00
9.553676605224609375e+00 -5.724852681159973145e-01 1.400753140449523926e+00
9.516482353210449219e+00 -5.736097693443298340e-01 1.363875746726989746e+00
9.451731681823730469e+00 -5.755739212036132812e-01 1.298969745635986328e+00
9.388880729675292969e+00 -5.774914026260375977e-01 1.234761953353881836e+00
9.350402832031250000e+00 -5.786717534065246582e-01 1.194727659225463867e+00
9.284139633178710938e+00 -5.807111263275146484e-01 1.125009536743164062e+00
9.257956504821777344e+00 -5.815215110778808594e-01 1.096928954124450684e+00
9.185439109802246094e+00 -5.837708711624145508e-01 1.018568396568298340e+00
9.131413459777832031e+00 -5.854567885398864746e-01 9.589626789093017578e-01
9.099096298217773438e+00 -5.864696502685546875e-01 9.227543473243713379e-01
9.055221557617187500e+00 -5.878483057022094727e-01 8.731419444084167480e-01
9.005955696105957031e+00 -5.894017219543457031e-01 8.167358636856079102e-01
8.953557968139648438e+00 -5.910602211952209473e-01 7.559013962745666504e-01
8.895070075988769531e+00 -5.929188728332519531e-01 6.869861483573913574e-01
8.854849815368652344e+00 -5.942026376724243164e-01 6.388096213340759277e-01
8.793583869934082031e+00 -5.961638689041137695e-01 5.645931363105773926e-01
8.748063087463378906e+00 -5.976275205612182617e-01 5.084982514381408691e-01
8.714000701904296875e+00 -5.987262129783630371e-01 4.659874737262725830e-01
8.647727012634277344e+00 -6.008688807487487793e-01 3.824903964996337891e-01
8.602020263671875000e+00 -6.023531556129455566e-01 3.238376379013061523e-01
8.560038566589355469e+00 -6.037204861640930176e-01 2.692801952362060547e-01
8.529164314270019531e+00 -6.047286391258239746e-01 2.286902964115142822e-01
8.470355987548828125e+00 -6.066525578498840332e-01 1.507152765989303589e-01
8.425786018371582031e+00 -6.081157326698303223e-01 9.065590798854827881e-02
8.395515441894531250e+00 -6.091119647026062012e-01 4.936341941356658936e-02
8.313584327697753906e+00 -6.118127703666687012e-01 -6.332908570766448975e-02
8.281629562377929688e+00 -6.094985008239746094e-01 -1.532549411058425903e-02
8.250994682312011719e+00 -6.073086857795715332e-01 2.895490452647209167e-02
8.201370239257812500e+00 -6.038027405738830566e-01 9.813347458839416504e-02
8.146917343139648438e+00 -6.000227332115173340e-01 1.697865128517150879e-01
8.132729530334472656e+00 -5.990547537803649902e-01 1.873363256454467773e-01
8.080083847045898438e+00 -5.954773426055908203e-01 2.514459788799285889e-01
8.009308815002441406e+00 -5.907368063926696777e-01 3.327560722827911377e-01
7.997360229492187500e+00 -5.899501442909240723e-01 3.454594016075134277e-01
7.929332256317138672e+00 -5.854826569557189941e-01 4.168692827224731445e-01
7.883215427398681641e+00 -5.824956893920898438e-01 4.618463218212127686e-01
7.817662715911865234e+00 -5.782839059829711914e-01 5.226942896842956543e-01
7.790056228637695312e+00 -5.765283107757568359e-01 5.465660691261291504e-01
7.718976497650146484e+00 -5.720246434211730957e-01 6.062287688255310059e-01
7.707414150238037109e+00 -5.712984204292297363e-01 6.152045726776123047e-01
7.643846988677978516e+00 -5.673105716705322266e-01 6.639297008514404297e-01
7.595758438110351562e+00 -5.643123388290405273e-01 6.982524991035461426e-01
7.549401760101318359e+00 -5.614328980445861816e-01 7.295704483985900879e-01
7.462565898895263672e+00 -5.560551285743713379e-01 7.851474881172180176e-01
7.411115646362304688e+00 -5.528828501701354980e-01 8.147719502449035645e-01
7.393258571624755859e+00 -5.517834424972534180e-01 8.244056701660156250e-01
7.324398517608642578e+00 -5.475451946258544922e-01 8.607084751129150391e-01
7.289312362670898438e+00 -5.453873872756958008e-01 8.775665163993835449e-01
7.234694004058837891e+00 -5.420278906822204590e-01 9.025470018386840820e-01
7.155903816223144531e+00 -5.371783971786499023e-01 9.357962608337402344e-01
7.095050811767578125e+00 -5.334258675575256348e-01 9.584442973136901855e-01
7.052185535430908203e+00 -5.307760238647460938e-01 9.727918505668640137e-01
7.019165039062500000e+00 -5.287300944328308105e-01 9.829881787300109863e-01
6.933740615844726562e+00 -5.234263539314270020e-01 1.007679343223571777e+00
6.877499103546142578e+00 -5.199140906333923340e-01 1.021092295646667480e+00
6.836025238037109375e+00 -5.173116326332092285e-01 1.029626846313476562e+00
6.787544250488281250e+00 -5.142573118209838867e-01 1.038445115089416504e+00
6.733144283294677734e+00 -5.108127593994140625e-01 1.046829700469970703e+00
6.667309284210205078e+00 -5.066183805465698242e-01 1.054937601089477539e+00
6.601451873779296875e+00 -5.023882985115051270e-01 1.060590863227844238e+00
6.547072410583496094e+00 -4.988639652729034424e-01 1.063235998153686523e+00
6.497788906097412109e+00 -4.956438839435577393e-01 1.064121127128601074e+00
6.461994647979736328e+00 -4.932866990566253662e-01 1.063767671585083008e+00
6.405433177947998047e+00 -4.895392060279846191e-01 1.062063455581665039e+00
6.337069988250732422e+00 -4.849643409252166748e-01 1.057807564735412598e+00
6.284465312957763672e+00 -4.813985526561737061e-01 1.052476644515991211e+00
6.220854282379150391e+00 -4.770406186580657959e-01 1.044100880622863770e+00
6.172605514526367188e+00 -4.736899733543395996e-01 1.035959959030151367e+00
6.111260890960693359e+00 -4.693829417228698730e-01 1.023863911628723145e+00
6.090261936187744141e+00 -4.678868949413299561e-01 1.018953442573547363e+00
6.007686138153076172e+00 -4.619725942611694336e-01 9.985938072204589844e-01
5.953064918518066406e+00 -4.579764306545257568e-01 9.823582768440246582e-01
5.903832435607910156e+00 -4.543194472789764404e-01 9.660319089889526367e-01
5.883668899536132812e+00 -4.528000056743621826e-01 9.587072730064392090e-01
5.799166202545166016e+00 -4.463927745819091797e-01 9.268967509269714355e-01
5.755749702453613281e+00 -4.430130422115325928e-01 9.081072807312011719e-01
5.721192359924316406e+00 -4.402833878993988037e-01 8.921155929565429688e-01
5.667307853698730469e+00 -4.359752833843231201e-01 8.658645749092102051e-01
5.633137226104736328e+00 -4.331896007061004639e-01 8.478850126266479492e-01
5.570227146148681641e+00 -4.279940724372863770e-01 8.131808042526245117e-01
5.528059482574462891e+00 -4.244245588779449463e-01 7.878816723823547363e-01
5.461856842041015625e+00 -4.187211990356445312e-01 7.459294795989990234e-01
5.420443534851074219e+00 -4.150494039058685303e-01 7.174053788185119629e-01
5.359995841979980469e+00 -4.095862805843353271e-01 6.735844016075134277e-01
5.325649261474609375e+00 -4.063901305198669434e-01 6.467909812927246094e-01
5.274571895599365234e+00 -4.015525281429290771e-01 6.052626371383666992e-01
5.228771209716796875e+00 -3.970949053764343262e-01 5.656838417053222656e-01
5.211040973663330078e+00 -3.953241407871246338e-01 5.495038628578186035e-01
5.141368865966796875e+00 -3.882922828197479248e-01 4.845589101314544678e-01
5.121244907379150391e+00 -3.861733376979827881e-01 4.641832709312438965e-01
5.077474594116210938e+00 -3.815030753612518311e-01 4.187737107276916504e-01
5.027178764343261719e+00 -3.759752213954925537e-01 3.637555539608001709e-01
4.988274097442626953e+00 -3.715422749519348145e-01 3.184925317764282227e-01
4.933797836303710938e+00 -3.651470839977264404e-01 2.519505620002746582e-01
4.911231040954589844e+00 -3.623779416084289551e-01 2.224031835794448853e-01
4.874550342559814453e+00 -3.577868938446044922e-01 1.729241609573364258e-01
4.826365470886230469e+00 -3.515508770942687988e-01 1.046512573957443237e-01
4.805929660797119141e+00 -3.487793803215026855e-01 7.370368391275405884e-02
4.757210254669189453e+00 -3.420287966728210449e-01 -2.282336354255676270e-03
4.729543685913085938e+00 -3.364669382572174072e-01 2.970552444458007812e-02
4.673047542572021484e+00 -3.251576423645019531e-01 9.306273609399795532e-02
4.601124286651611328e+00 -3.108776509761810303e-01 1.688583791255950928e-01
4.567187309265136719e+00 -3.042023479938507080e-01 2.019237279891967773e-01
4.494954586029052734e+00 -2.900498807430267334e-01 2.697851061820983887e-01
4.464806079864501953e+00 -2.841886281967163086e-01 2.959791123867034912e-01
4.423043727874755859e+00 -2.760928869247436523e-01 3.311077654361724854e-01
4.338500976562500000e+00 -2.597658336162567139e-01 3.990812301635742188e-01
4.305522441864013672e+00 -2.534417808055877686e-01 4.232313930988311768e-01
4.226734638214111328e+00 -2.383692562580108643e-01 4.788527786731719971e-01
4.177437782287597656e+00 -2.289887517690658569e-01 5.106562972068786621e-01
4.101460456848144531e+00 -2.145728915929794312e-01 5.569265484809875488e-01
4.068701744079589844e+00 -2.083822339773178101e-01 5.751165747642517090e-01
3.988265275955200195e+00 -1.932040303945541382e-01 6.179899573326110840e-01
3.937167167663574219e+00 -1.835943162441253662e-01 6.424984931945800781e-01
3.905178785324096680e+00 -1.775889843702316284e-01 6.567966938018798828e-01
3.818542957305908203e+00 -1.613400131464004517e-01 6.937876939773559570e-01
3.762026309967041016e+00 -1.507647782564163208e-01 7.149122357368469238e-01
3.685244083404541016e+00 -1.364134401082992554e-01 7.410287857055664062e-01
3.649805784225463867e+00 -1.297973692417144775e-01 7.514957785606384277e-01
3.584287881851196289e+00 -1.175695434212684631e-01 7.695204615592956543e-01
3.515864610671997070e+00 -1.048047840595245361e-01 7.858096361160278320e-01
3.459775924682617188e+00 -9.434207528829574585e-02 7.970244288444519043e-01
3.398313522338867188e+00 -8.287448436021804810e-02 8.074168562889099121e-01
3.345112800598144531e+00 -7.294347882270812988e-02 8.146281242370605469e-01
3.268372058868408203e+00 -5.860866233706474304e-02 8.228176832199096680e-01
3.244392871856689453e+00 -5.412376299500465393e-02 8.243834376335144043e-01
3.176131248474121094e+00 -4.134976863861083984e-02 8.279607295989990234e-01
3.081279754638671875e+00 -2.357057295739650726e-02 8.294483423233032227e-01
3.016682147979736328e+00 -1.142833568155765533e-02 8.271584510803222656e-01
2.965385437011718750e+00 -1.763165928423404694e-03 8.235452771186828613e-01
2.933045864105224609e+00 4.343397915363311768e-03 8.203631639480590820e-01
2.852457046508789062e+00 1.958369463682174683e-02 8.110040426254272461e-01
2.806909561157226562e+00 2.823177538812160492e-02 8.036827445030212402e-01
2.733861446380615234e+00 4.213735461235046387e-02 7.900742292404174805e-01
2.691526651382446289e+00 5.023249983787536621e-02 7.804279923439025879e-01
2.635789871215820312e+00 6.092129647731781006e-02 7.663619518280029297e-01
2.574667692184448242e+00 7.269070297479629517e-02 7.489340901374816895e-01
2.484163522720336914e+00 9.020251035690307617e-02 7.198085188865661621e-01
2.465108156204223633e+00 9.391868114471435547e-02 7.126108407974243164e-01
2.409069061279296875e+00 1.048677265644073486e-01 6.907640695571899414e-01
2.345474243164062500e+00 1.173634156584739685e-01 6.636675596237182617e-01
2.272828340530395508e+00 1.317367851734161377e-01 6.296328306198120117e-01
2.238795280456542969e+00 1.385289132595062256e-01 6.119732856750488281e-01
2.165370464324951172e+00 1.532479524612426758e-01 5.720723867416381836e-01
2.103074789047241211e+00 1.658631563186645508e-01 5.348111987113952637e-01
2.057871818542480469e+00 1.751044541597366333e-01 5.055617094039916992e-01
1.996282219886779785e+00 1.877907365560531616e-01 4.634166061878204346e-01
1.955189108848571777e+00 1.963484734296798706e-01 4.331157505512237549e-01
1.921960830688476562e+00 2.033237665891647339e-01 4.073731601238250732e-01
1.848994731903076172e+00 2.187461704015731812e-01 3.485512137413024902e-01
1.813676238059997559e+00 2.263316959142684937e-01 3.175128996372222900e-01
1.758397221565246582e+00 2.383069396018981934e-01 2.668441832065582275e-01
1.693840384483337402e+00 2.524946033954620361e-01 2.036415338516235352e-01
1.674564480781555176e+00 2.568100094795227051e-01 1.832467019557952881e-01
1.610012769699096680e+00 2.713499665260314941e-01 1.133070215582847595e-01
1.575472831726074219e+00 2.792993187904357910e-01 7.277631759643554688e-02
1.520997524261474609e+00 2.919995486736297607e-01 5.970768630504608154e-03
1.462192296981811523e+00 3.094974160194396973e-01 6.413307785987854004e-02
1.411512136459350586e+00 3.244993388652801514e-01 1.111780405044555664e-01
1.370424032211303711e+00 3.366127014160156250e-01 1.473026275634765625e-01
1.276784539222717285e+00 3.641358315944671631e-01 2.260920703411102295e-01
1.219349026679992676e+00 3.809109926223754883e-01 2.697357237339019775e-01
1.148549914360046387e+00 4.015203714370727539e-01 3.202567696571350098e-01
1.083390474319458008e+00 4.204174876213073730e-01 3.632164299488067627e-01
1.045436620712280273e+00 4.313911497592926025e-01 3.864397704601287842e-01
9.973249435424804688e-01 4.452797174453735352e-01 4.146020114421844482e-01
9.088794589042663574e-01 4.707637131214141846e-01 4.634747803211212158e-01
8.620238304138183594e-01 4.842220842838287354e-01 4.866392314434051514e-01
7.740716338157653809e-01 5.094494223594665527e-01 5.275237560272216797e-01
7.022315859794616699e-01 5.300068259239196777e-01 5.570450425148010254e-01
6.316251158714294434e-01 5.501796603202819824e-01 5.830633640289306641e-01
5.936821103096008301e-01 5.610065460205078125e-01 5.955056548118591309e-01
4.769203662872314453e-01 5.943056344985961914e-01 6.313025355339050293e-01
4.291095137596130371e-01 6.079207062721252441e-01 6.428704261779785156e-01
3.448859453201293945e-01 6.318968534469604492e-01 6.610774993896484375e-01
3.081206083297729492e-01 6.423586606979370117e-01 6.673735380172729492e-01
2.019646763801574707e-01 6.725648045539855957e-01 6.834971904754638672e-01
1.485214233398437500e-01 6.877728700637817383e-01 6.886420845985412598e-01
6.122698634862899780e-02 7.126212120056152344e-01 6.946236491203308105e-01
-1.946091651916503906e-02 7.356050610542297363e-01 6.965007781982421875e-01
-7.873845100402832031e-02 7.525067329406738281e-01 6.953997015953063965e-01
-1.421917676925659180e-01 7.706162333488464355e-01 6.922644972801208496e-01
-2.170078158378601074e-01 7.919943332672119141e-01 6.860843300819396973e-01
-2.881684303283691406e-01 8.123618364334106445e-01 6.773959994316101074e-01
-3.440226614475250244e-01 8.283783793449401855e-01 6.684523224830627441e-01
-4.308481812477111816e-01 8.533183336257934570e-01 6.519213914871215820e-01
-4.835324883460998535e-01 8.684960007667541504e-01 6.393681168556213379e-01
-5.552585721015930176e-01 8.892021179199218750e-01 6.201472878456115723e-01
-6.109138727188110352e-01 9.053184986114501953e-01 6.029349565505981445e-01
-7.052209377288818359e-01 9.327007532119750977e-01 5.706683397293090820e-01
-7.476800680160522461e-01 9.450904726982116699e-01 5.537018179893493652e-01
-7.968245744705200195e-01 9.594679474830627441e-01 5.327439904212951660e-01
-8.663506507873535156e-01 9.798729419708251953e-01 5.008788108825683594e-01
-9.208948016166687012e-01 9.959590435028076172e-01 4.733372628688812256e-01
-9.821861982345581055e-01 1.014111638069152832e+00 4.400514364242553711e-01
-1.083170890808105469e+00 1.044175148010253906e+00 3.807029426097869873e-01
-1.130209922790527344e+00 1.058311700820922852e+00 3.493918776512145996e-01
-1.157848358154296875e+00 1.066660165786743164e+00 3.299171030521392822e-01
-1.254066109657287598e+00 1.095816850662231445e+00 2.598283588886260986e-01
-1.297791242599487305e+00 1.109225273132324219e+00 2.241598218679428101e-01
-1.334617376327514648e+00 1.120588898658752441e+00 1.925260424613952637e-01
-1.404248356819152832e+00 1.142197370529174805e+00 1.300438791513442993e-01
-1.453516721725463867e+00 1.157664775848388672e+00 8.203253149986267090e-02
-1.503312349319458008e+00 1.173443198204040527e+00 3.053705021739006042e-02
-1.559381365776062012e+00 1.191393613815307617e+00 -3.109635785222053528e-02
-1.640981435775756836e+00 1.223372936248779297e+00 4.423021897673606873e-02
-1.708111286163330078e+00 1.249524116516113281e+00 1.011173501610755920e-01
-1.767436861991882324e+00 1.272534012794494629e+00 1.479837596416473389e-01
-1.869640946388244629e+00 1.312035441398620605e+00 2.238439470529556274e-01
-1.963268518447875977e+00 1.348022222518920898e+00 2.860883176326751709e-01
-2.040514469146728516e+00 1.377581834793090820e+00 3.323698639869689941e-01
-2.122019290924072266e+00 1.408671140670776367e+00 3.770472407341003418e-01
-2.169809579849243164e+00 1.426844835281372070e+00 4.007905125617980957e-01
-2.222105503082275391e+00 1.446699976921081543e+00 4.252592325210571289e-01
-2.348155021667480469e+00 1.494478583335876465e+00 4.803396761417388916e-01
-2.426437854766845703e+00 1.524043202400207520e+00 5.088928341865539551e-01
-2.529588222503662109e+00 1.562926292419433594e+00 5.420935153961181641e-01
-2.573369026184082031e+00 1.579393863677978516e+00 5.537771582603454590e-01
-2.698798418045043945e+00 1.626536250114440918e+00 5.843940377235412598e-01
-2.720519065856933594e+00 1.634683489799499512e+00 5.882972478866577148e-01
-2.824353694915771484e+00 1.673621296882629395e+00 6.058218479156494141e-01
-2.934246301651000977e+00 1.714782953262329102e+00 6.186510324478149414e-01
-3.010071516036987305e+00 1.743159651756286621e+00 6.233707070350646973e-01
-3.066634416580200195e+00 1.764320611953735352e+00 6.247758865356445312e-01
-3.160720348358154297e+00 1.799515485763549805e+00 6.244887709617614746e-01
-3.231251955032348633e+00 1.825899004936218262e+00 6.209879517555236816e-01
-3.369725227355957031e+00 1.877707958221435547e+00 6.092476248741149902e-01
-3.420516014099121094e+00 1.896725416183471680e+00 6.013872027397155762e-01
-3.525604963302612305e+00 1.936094403266906738e+00 5.823768377304077148e-01
-3.575990676879882812e+00 1.954994916915893555e+00 5.704877376556396484e-01
-3.646924018859863281e+00 1.981625437736511230e+00 5.518321990966796875e-01
-3.742262363433837891e+00 2.017466545104980469e+00 5.230559706687927246e-01
-3.838506221771240234e+00 2.053725481033325195e+00 4.888263940811157227e-01
-3.924513339996337891e+00 2.086213111877441406e+00 4.533624947071075439e-01
-3.957039833068847656e+00 2.098534107208251953e+00 4.382229149341583252e-01
-4.028562545776367188e+00 2.125660419464111328e+00 4.034389257431030273e-01
-4.104752063751220703e+00 2.154641151428222656e+00 3.627814650535583496e-01
-4.185875415802001953e+00 2.185607671737670898e+00 3.151923120021820068e-01
-4.273841857910156250e+00 2.219331502914428711e+00 2.583204507827758789e-01
-4.350779533386230469e+00 2.248986959457397461e+00 2.032130658626556396e-01
-4.398165225982666016e+00 2.267352819442749023e+00 1.661395430564880371e-01
-4.493690490722656250e+00 2.304520130157470703e+00 8.722636848688125610e-02
-4.534037590026855469e+00 2.320355653762817383e+00 5.006046965718269348e-02
-4.597862720489501953e+00 2.345514774322509766e+00 -1.156028732657432556e-02
-4.716764450073242188e+00 2.402434110641479492e+00 8.991369605064392090e-02
-4.748573780059814453e+00 2.417536497116088867e+00 1.138945892453193665e-01
-4.883216381072998047e+00 2.481337308883666992e+00 2.121161669492721558e-01
-4.975806236267089844e+00 2.524869918823242188e+00 2.705402374267578125e-01
-5.061271667480468750e+00 2.564865589141845703e+00 3.191807270050048828e-01
-5.162824630737304688e+00 2.612203359603881836e+00 3.714962899684906006e-01
-5.283808231353759766e+00 2.668357372283935547e+00 4.264358878135681152e-01
-5.375791549682617188e+00 2.710854530334472656e+00 4.618512094020843506e-01
-5.485256195068359375e+00 2.761269807815551758e+00 4.985108375549316406e-01
-5.570734977722167969e+00 2.800504207611083984e+00 5.222023129463195801e-01
-5.671208381652832031e+00 2.846510410308837891e+00 5.456525683403015137e-01
-5.784728050231933594e+00 2.898355960845947266e+00 5.664243698120117188e-01
-5.881122589111328125e+00 2.942264318466186523e+00 5.786699056625366211e-01
-6.019933700561523438e+00 3.005369424819946289e+00 5.897991657257080078e-01
-6.125993728637695312e+00 3.053463935852050781e+00 5.911843180656433105e-01
-6.163441181182861328e+00 3.070418357849121094e+00 5.897554755210876465e-01
-6.265297889709472656e+00 3.116512298583984375e+00 5.840222239494323730e-01
-6.386474132537841797e+00 3.171283721923828125e+00 5.711786150932312012e-01
-6.471369743347167969e+00 3.209613084793090820e+00 5.570803880691528320e-01
-6.608229160308837891e+00 3.271370649337768555e+00 5.284712314605712891e-01
-6.666130065917968750e+00 3.297483444213867188e+00 5.122405886650085449e-01
-6.823837757110595703e+00 3.368606805801391602e+00 4.631124436855316162e-01
-6.908966541290283203e+00 3.407006502151489258e+00 4.290741682052612305e-01
-6.970133304595947266e+00 3.434612989425659180e+00 4.015176296234130859e-01
-7.071507453918457031e+00 3.480393171310424805e+00 3.519958257675170898e-01
-7.160202503204345703e+00 3.520498037338256836e+00 3.028103113174438477e-01
-7.291951179504394531e+00 3.580161571502685547e+00 2.216020971536636353e-01
-7.374360084533691406e+00 3.617592096328735352e+00 1.625705659389495850e-01
-7.435493469238281250e+00 3.645430564880371094e+00 1.145312190055847168e-01
-7.503004550933837891e+00 3.676244974136352539e+00 5.770920962095260620e-02
-7.587167263031005859e+00 3.714775562286376953e+00 -1.872693747282028198e-02
-7.717751979827880859e+00 3.787812232971191406e+00 8.686161041259765625e-02
-7.834315299987792969e+00 3.852337837219238281e+00 1.691208183765411377e-01
-7.917411327362060547e+00 3.897962808609008789e+00 2.208823561668395996e-01
-8.086628913879394531e+00 3.990382909774780273e+00 3.170339763164520264e-01
-8.265414237976074219e+00 4.087054252624511719e+00 3.999011814594268799e-01
-8.344212532043457031e+00 4.129263877868652344e+00 4.284343421459197998e-01
-8.509168624877929688e+00 4.217298507690429688e+00 4.812491238117218018e-01
-8.675768852233886719e+00 4.305556774139404297e+00 5.203784108161926270e-01
-8.762874603271484375e+00 4.351388454437255859e+00 5.336216688156127930e-01
-8.890458106994628906e+00 4.418297767639160156e+00 5.476322174072265625e-01
-9.002064704895019531e+00 4.476558685302734375e+00 5.530318617820739746e-01
-9.131642341613769531e+00 4.543944358825683594e+00 5.523680448532104492e-01
-9.299130439758300781e+00 4.630677700042724609e+00 5.410583615303039551e-01
-9.442852020263671875e+00 4.704719066619873047e+00 5.195807814598083496e-01
-9.546188354492187500e+00 4.757735252380371094e+00 4.966746270656585693e-01
-9.630175590515136719e+00 4.800704479217529297e+00 4.735524058341979980e-01
-9.811620712280273438e+00 4.893334865570068359e+00 4.154359102249145508e-01
-9.934213638305664062e+00 4.955636024475097656e+00 3.636360466480255127e-01
-1.000537300109863281e+01 4.991698741912841797e+00 3.282560408115386963e-01
-1.012418174743652344e+01 5.051822185516357422e+00 2.637055218219757080e-01
-1.025473785400390625e+01 5.117735862731933594e+00 1.820667982101440430e-01
-1.038765239715576172e+01 5.184685230255126953e+00 8.572550863027572632e-02
-1.045560932159423828e+01 5.218847751617431641e+00 2.865864336490631104e-02
-1.056820201873779297e+01 5.275408744812011719e+00 -7.337252795696258545e-02
-1.071650981903076172e+01 5.366096496582031250e+00 4.021610319614410400e-02
-1.092470550537109375e+01 5.491354465484619141e+00 1.767387837171554565e-01
-1.116964149475097656e+01 5.635715484619140625e+00 3.037596344947814941e-01
-1.130644035339355469e+01 5.714610576629638672e+00 3.552526235580444336e-01
-1.156671714782714844e+01 5.863061428070068359e+00 4.345009624958038330e-01
-1.177696704864501953e+01 5.980561256408691406e+00 4.710263013839721680e-01
-1.187421894073486328e+01 6.034064769744873047e+00 4.781684577465057373e-01
-1.211397171020507812e+01 6.165033817291259766e+00 4.848976135253906250e-01
-1.224866962432861328e+01 6.237323284149169922e+00 4.734910130500793457e-01
-1.248050022125244141e+01 6.360506534576416016e+00 4.390370547771453857e-01
-1.259656047821044922e+01 6.421086788177490234e+00 4.085623323917388916e-01
-1.284245586395263672e+01 6.548258304595947266e+00 3.293141722679138184e-01
-1.295368289947509766e+01 6.604590415954589844e+00 2.784001529216766357e-01
-1.314727592468261719e+01 6.701640605926513672e+00 1.767749488353729248e-01
-1.328350353240966797e+01 6.768613815307617188e+00 8.774612843990325928e-02
-1.349804592132568359e+01 6.872467517852783203e+00 -7.467497885227203369e-02
-1.356709671020507812e+01 6.904943943023681641e+00 -1.402828097343444824e-01
-1.404921340942382812e+01 7.194390296936035156e+00 2.601991295814514160e-01
-1.415550327301025391e+01 7.252470970153808594e+00 3.115027844905853271e-01
-1.456246566772460938e+01 7.471047401428222656e+00 4.848920404911041260e-01
-1.499442577362060547e+01 7.688404083251953125e+00 5.811391472816467285e-01
-1.515533351898193359e+01 7.764025211334228516e+00 5.862236022949218750e-01
-1.553905391693115234e+01 7.939709186553955078e+00 5.725510120391845703e-01
-1.589387226104736328e+01 8.091523170471191406e+00 5.016003251075744629e-01
-1.627153015136718750e+01 8.241715431213378906e+00 3.651943206787109375e-01
-1.655569648742675781e+01 8.344120025634765625e+00 2.069780975580215454e-01
-1.682386779785156250e+01 8.431442260742187500e+00 9.669348597526550293e-03
-1.695098114013671875e+01 8.467451095581054688e+00 -1.112942695617675781e-01
-1.752020072937011719e+01 8.698792457580566406e+00 2.789871096611022949e-01
-1.877960777282714844e+01 9.096798896789550781e+00 7.312622070312500000e-01
-1.924891281127929688e+01 9.170490264892578125e+00 6.564728617668151855e-01
-2.015472984313964844e+01 9.255114555358886719e+00 3.548291921615600586e-01
-2.096751022338867188e+01 9.192314147949218750e+00 -2.781337499618530273e-01
-2.127342414855957031e+01 9.049256324768066406e+00 -8.074564933776855469e-01
-2.505995559692382812e+01 -1.082308101654052734e+01 -4.679787635803222656e+00
1.149236224000000000e+09 -2.501797920000000000e+08 -1.090863360000000000e+09
nan nan nan
nan nan nan
nan nan nan
nan nan nan
nan nan nan
nan nan nan
nan nan nan
