2.353177642822265625e+01 -1.928161829710006714e-01 2.063089460134506226e-01
2.342933654785156250e+01 -2.094633132219314575e-01 2.714056074619293213e-01
2.326509475708007812e+01 -2.361934781074523926e-01 3.750269114971160889e-01
2.304422760009765625e+01 -2.722240984439849854e-01 5.127382278442382812e-01
2.295981025695800781e+01 -2.860378324985504150e-01 5.645151734352111816e-01
2.278598403930664062e+01 -3.145141303539276123e-01 6.704461574554443359e-01
2.263826751708984375e+01 -3.387684226036071777e-01 7.592506408691406250e-01
2.248390960693359375e+01 -3.641608953475952148e-01 8.509518504142761230e-01
2.241087341308593750e+01 -3.761983513832092285e-01 8.937902450561523438e-01
2.225786781311035156e+01 -4.014376997947692871e-01 9.829813241958618164e-01
2.210386085510253906e+01 -4.268874228000640869e-01 1.071576714515686035e+00
2.197609901428222656e+01 -4.480366706848144531e-01 1.144073724746704102e+00
2.177315711975097656e+01 -4.816775321960449219e-01 1.257893800735473633e+00
2.165479278564453125e+01 -5.013399720191955566e-01 1.323016524314880371e+00
2.155931854248046875e+01 -5.172183513641357422e-01 1.374941468238830566e+00
2.138449478149414062e+01 -5.463196635246276855e-01 1.469119906425476074e+00
2.130903053283691406e+01 -5.589015483856201172e-01 1.509048581123352051e+00
2.113279914855957031e+01 -5.883034467697143555e-01 1.601555943489074707e+00
2.106162834167480469e+01 -6.001950502395629883e-01 1.638207912445068359e+00
2.087667083740234375e+01 -6.311160922050476074e-01 1.732707023620605469e+00
2.078158950805664062e+01 -6.470342874526977539e-01 1.780267119407653809e+00
2.069039726257324219e+01 -6.623116135597229004e-01 1.825371980667114258e+00
2.054801940917968750e+01 -6.861789822578430176e-01 1.895023345947265625e+00
2.041054534912109375e+01 -7.092454433441162109e-01 1.961097121238708496e+00
2.025274467468261719e+01 -7.357446551322937012e-01 2.035614728927612305e+00
2.019645118713378906e+01 -7.452061772346496582e-01 2.061645507812500000e+00
2.001737403869628906e+01 -7.753132581710815430e-01 2.143819332122802734e+00
1.989134025573730469e+01 -7.965209484100341797e-01 2.200213909149169922e+00
1.977761650085449219e+01 -8.156671524047851562e-01 2.250170707702636719e+00
1.964867782592773438e+01 -8.373841047286987305e-01 2.305848360061645508e+00
1.958564758300781250e+01 -8.480045795440673828e-01 2.332524538040161133e+00
1.942992782592773438e+01 -8.742473721504211426e-01 2.397768735885620117e+00
1.928082275390625000e+01 -8.993843793869018555e-01 2.458657741546630859e+00
1.919606208801269531e+01 -9.136773347854614258e-01 2.492394208908081055e+00
1.908146286010742188e+01 -9.330036640167236328e-01 2.537324905395507812e+00
1.895641326904296875e+01 -9.540938138961791992e-01 2.585334300994873047e+00
1.887995338439941406e+01 -9.669890999794006348e-01 2.613999605178833008e+00
1.873478507995605469e+01 -9.914710521697998047e-01 2.667614698410034180e+00
1.860442543029785156e+01 -1.013452649116516113e+00 2.714362859725952148e+00
1.857386779785156250e+01 -1.018604278564453125e+00 2.725022077560424805e+00
1.838832855224609375e+01 -1.049881815910339355e+00 2.789313793182373047e+00
1.833613395690917969e+01 -1.058676481246948242e+00 2.806656360626220703e+00
1.820722961425781250e+01 -1.080393433570861816e+00 2.848964929580688477e+00
1.806577110290527344e+01 -1.104214429855346680e+00 2.893959999084472656e+00
1.796170234680175781e+01 -1.121728420257568359e+00 2.925885200500488281e+00
1.785021781921386719e+01 -1.140481114387512207e+00 2.959145307540893555e+00
1.774118614196777344e+01 -1.158810019493103027e+00 2.990675210952758789e+00
1.767799949645996094e+01 -1.169425010681152344e+00 3.008373975753784180e+00
1.755686759948730469e+01 -1.189766168594360352e+00 3.041660070419311523e+00
1.747576332092285156e+01 -1.203374147415161133e+00 3.063111543655395508e+00
1.737661170959472656e+01 -1.219999790191650391e+00 3.088643789291381836e+00
1.726832389831542969e+01 -1.238143444061279297e+00 3.115594863891601562e+00
1.714220428466796875e+01 -1.259255170822143555e+00 3.145780086517333984e+00
1.706137084960937500e+01 -1.272770762443542480e+00 3.164215087890625000e+00
1.693691253662109375e+01 -1.293564438819885254e+00 3.191688776016235352e+00
1.684357452392578125e+01 -1.309139251708984375e+00 3.211227655410766602e+00
1.680221748352050781e+01 -1.316033482551574707e+00 3.219526529312133789e+00
1.665669631958007812e+01 -1.340280294418334961e+00 3.248163938522338867e+00
1.657475471496582031e+01 -1.353910803794860840e+00 3.263159036636352539e+00
1.647686195373535156e+01 -1.370178699493408203e+00 3.280302524566650391e+00
1.635347938537597656e+01 -1.390657424926757812e+00 3.300736188888549805e+00
1.627909088134765625e+01 -1.402984380722045898e+00 3.312151432037353516e+00
1.615917015075683594e+01 -1.422836661338806152e+00 3.329663991928100586e+00
1.607844734191894531e+01 -1.436177849769592285e+00 3.340475082397460938e+00
1.599720668792724609e+01 -1.449589133262634277e+00 3.350685119628906250e+00
1.588968849182128906e+01 -1.467317342758178711e+00 3.363295793533325195e+00
1.585033512115478516e+01 -1.473795771598815918e+00 3.367469310760498047e+00
1.575950241088867188e+01 -1.488739728927612305e+00 3.376725435256958008e+00
1.566434478759765625e+01 -1.504373311996459961e+00 3.385503292083740234e+00
1.554830074310302734e+01 -1.523409843444824219e+00 3.395019769668579102e+00
1.547304153442382812e+01 -1.535732746124267578e+00 3.400238990783691406e+00
1.533043193817138672e+01 -1.559055209159851074e+00 3.408944368362426758e+00
1.527326488494873047e+01 -1.568382382392883301e+00 3.411521196365356445e+00
1.517684268951416016e+01 -1.584099292755126953e+00 3.415242433547973633e+00
1.511622619628906250e+01 -1.593963861465454102e+00 3.416912555694580078e+00
1.502622795104980469e+01 -1.608595252037048340e+00 3.418761253356933594e+00
1.493885135650634766e+01 -1.622778892517089844e+00 3.419637441635131836e+00
1.482803249359130859e+01 -1.640741586685180664e+00 3.419604539871215820e+00
1.475813198089599609e+01 -1.652050733566284180e+00 3.418656110763549805e+00
1.467038536071777344e+01 -1.666230916976928711e+00 3.416722536087036133e+00
1.458115959167480469e+01 -1.680629372596740723e+00 3.413797855377197266e+00
1.448565006256103516e+01 -1.696019530296325684e+00 3.409611463546752930e+00
1.444757366180419922e+01 -1.702145695686340332e+00 3.407486200332641602e+00
1.431927394866943359e+01 -1.722776055335998535e+00 3.399707317352294922e+00
1.425119686126708984e+01 -1.733700871467590332e+00 3.394461393356323242e+00
1.416262817382812500e+01 -1.747899889945983887e+00 3.386854171752929688e+00
1.410361957550048828e+01 -1.757347822189331055e+00 3.381100416183471680e+00
1.401755619049072266e+01 -1.771116137504577637e+00 3.372035741806030273e+00
1.394871425628662109e+01 -1.782116413116455078e+00 3.363991737365722656e+00
1.382118320465087891e+01 -1.802476286888122559e+00 3.347902059555053711e+00
1.377256202697753906e+01 -1.810225963592529297e+00 3.340916872024536133e+00
1.366237163543701172e+01 -1.827778816223144531e+00 3.324341773986816406e+00
1.361583423614501953e+01 -1.835182666778564453e+00 3.316620588302612305e+00
1.355475711822509766e+01 -1.844894886016845703e+00 3.306082963943481445e+00
1.345948314666748047e+01 -1.860035538673400879e+00 3.288811445236206055e+00
1.341129302978515625e+01 -1.867686629295349121e+00 3.279409885406494141e+00
1.328170394897460938e+01 -1.888252377510070801e+00 3.253212690353393555e+00
1.321105194091796875e+01 -1.899452209472656250e+00 3.237570047378540039e+00
1.314119434356689453e+01 -1.910520076751708984e+00 3.221359491348266602e+00
1.307309818267822266e+01 -1.921303510665893555e+00 3.204832792282104492e+00
1.300022697448730469e+01 -1.932838082313537598e+00 3.186383008956909180e+00
1.290130901336669922e+01 -1.948488831520080566e+00 3.160216331481933594e+00
1.286992359161376953e+01 -1.953451871871948242e+00 3.151424407958984375e+00
1.276703643798828125e+01 -1.969719529151916504e+00 3.122087717056274414e+00
1.270571994781494141e+01 -1.979410052299499512e+00 3.103588342666625977e+00
1.261038017272949219e+01 -1.994474530220031738e+00 3.073870182037353516e+00
1.254693508148193359e+01 -2.004496574401855469e+00 3.053094863891601562e+00
1.246558094024658203e+01 -2.017345666885375977e+00 3.025591850280761719e+00
1.241775798797607422e+01 -2.024897813796997070e+00 3.008766174316406250e+00
1.236863231658935547e+01 -2.032655239105224609e+00 2.991080522537231445e+00
1.228122043609619141e+01 -2.046457767486572266e+00 2.958871364593505859e+00
1.219957637786865234e+01 -2.059349060058593750e+00 2.927543640136718750e+00
1.212647056579589844e+01 -2.070892333984375000e+00 2.898437738418579102e+00
1.210003948211669922e+01 -2.075066089630126953e+00 2.887568712234497070e+00
1.200323200225830078e+01 -2.090353250503540039e+00 2.847298145294189453e+00
1.194952678680419922e+01 -2.098835229873657227e+00 2.824009656906127930e+00
1.184657955169677734e+01 -2.115095853805541992e+00 2.778347730636596680e+00
1.181796264648437500e+01 -2.119616985321044922e+00 2.765103816986083984e+00
1.172293376922607422e+01 -2.134631872177124023e+00 2.720610618591308594e+00
1.167744064331054688e+01 -2.141822099685668945e+00 2.698484182357788086e+00
1.160604763031005859e+01 -2.153107643127441406e+00 2.663132667541503906e+00
1.150898742675781250e+01 -2.168454885482788086e+00 2.613718509674072266e+00
1.148004245758056641e+01 -2.173033475875854492e+00 2.598425865173339844e+00
1.142216682434082031e+01 -2.182189702987670898e+00 2.567512512207031250e+00
1.135836505889892578e+01 -2.192286491394042969e+00 2.532688140869140625e+00
1.127106857299804688e+01 -2.206105947494506836e+00 2.483903884887695312e+00
1.119974613189697266e+01 -2.217401981353759766e+00 2.442759513854980469e+00
1.115190505981445312e+01 -2.224982261657714844e+00 2.414445638656616211e+00
1.106986522674560547e+01 -2.237985134124755859e+00 2.365060806274414062e+00
1.103844356536865234e+01 -2.242967844009399414e+00 2.345593929290771484e+00
1.093543720245361328e+01 -2.259305477142333984e+00 2.281076669692993164e+00
1.087508678436279297e+01 -2.268884181976318359e+00 2.241914987564086914e+00
1.080467700958251953e+01 -2.280064344406127930e+00 2.195280551910400391e+00
1.074544906616210938e+01 -2.289473533630371094e+00 2.155114412307739258e+00
1.071253681182861328e+01 -2.294704437255859375e+00 2.132350683212280273e+00
1.064932155609130859e+01 -2.304754018783569336e+00 2.088150262832641602e+00
1.057172870635986328e+01 -2.317095279693603516e+00 2.032760381698608398e+00
1.054087638854980469e+01 -2.322005271911621094e+00 2.010174989700317383e+00
1.047208118438720703e+01 -2.332956552505493164e+00 1.959310173988342285e+00
1.042164421081542969e+01 -2.340989828109741211e+00 1.921188116073608398e+00
1.034619426727294922e+01 -2.353012084960937500e+00 1.863240122795104980e+00
1.028256893157958984e+01 -2.363156318664550781e+00 1.813198566436767578e+00
1.023984718322753906e+01 -2.369971513748168945e+00 1.778923034667968750e+00
1.019000339508056641e+01 -2.377925395965576172e+00 1.738399982452392578e+00
1.009966468811035156e+01 -2.392347335815429688e+00 1.663816452026367188e+00
1.007420349121093750e+01 -2.396414995193481445e+00 1.642206549644470215e+00
9.972913742065429688e+00 -2.412600994110107422e+00 1.555568456649780273e+00
9.950150489807128906e+00 -2.416241645812988281e+00 1.535493016242980957e+00
9.873274803161621094e+00 -2.428539276123046875e+00 1.467229008674621582e+00
9.827218055725097656e+00 -2.435911417007446289e+00 1.425382137298583984e+00
9.787898063659667969e+00 -2.442207813262939453e+00 1.389164328575134277e+00
9.713596343994140625e+00 -2.454109668731689453e+00 1.319924473762512207e+00
9.656158447265625000e+00 -2.463315963745117188e+00 1.265217781066894531e+00
9.586125373840332031e+00 -2.474546194076538086e+00 1.197386264801025391e+00
9.536731719970703125e+00 -2.482471227645874023e+00 1.148561239242553711e+00
9.510663032531738281e+00 -2.486655473709106445e+00 1.122421860694885254e+00
9.450710296630859375e+00 -2.496280431747436523e+00 1.061854243278503418e+00
9.392299652099609375e+00 -2.505662202835083008e+00 1.001819849014282227e+00
9.347022056579589844e+00 -2.512937784194946289e+00 9.544999599456787109e-01
9.279110908508300781e+00 -2.523854017257690430e+00 8.826048970222473145e-01
9.203789710998535156e+00 -2.535967588424682617e+00 8.013149499893188477e-01
9.170925140380859375e+00 -2.541255712509155273e+00 7.650849819183349609e-01
9.109025955200195312e+00 -2.551218271255493164e+00 6.962136030197143555e-01
9.059444427490234375e+00 -2.559201717376708984e+00 6.400822401046752930e-01
9.000791549682617188e+00 -2.568648815155029297e+00 5.727560520172119141e-01
8.975399017333984375e+00 -2.572740077972412109e+00 5.431299209594726562e-01
8.902094841003417969e+00 -2.584553241729736328e+00 4.569976031780242920e-01
8.846056938171386719e+00 -2.593587875366210938e+00 3.898040354251861572e-01
8.824165344238281250e+00 -2.597118377685546875e+00 3.631455004215240479e-01
8.766701698303222656e+00 -2.606386899948120117e+00 2.927471697330474854e-01
8.691695213317871094e+00 -2.618488311767578125e+00 1.993964761495590210e-01
8.649540901184082031e+00 -2.625291824340820312e+00 1.458449065685272217e-01
8.619781494140625000e+00 -2.630095481872558594e+00 1.076027527451515198e-01
8.559483528137207031e+00 -2.639829874038696289e+00 2.948585152626037598e-02
8.516818046569824219e+00 -2.646719217300415039e+00 -2.670131996273994446e-02
8.470686912536621094e+00 -2.649001359939575195e+00 4.231816902756690979e-02
8.431230545043945312e+00 -2.651004314422607422e+00 9.812931716442108154e-02
8.388913154602050781e+00 -2.653193473815917969e+00 1.552666872739791870e-01
8.328528404235839844e+00 -2.656373500823974609e+00 2.329133749008178711e-01
8.277596473693847656e+00 -2.659115314483642578e+00 2.940685153007507324e-01
8.226017951965332031e+00 -2.661935091018676758e+00 3.526017665863037109e-01
8.205234527587890625e+00 -2.663086652755737305e+00 3.748945891857147217e-01
8.129995346069335938e+00 -2.667274713516235352e+00 4.538142681121826172e-01
8.102550506591796875e+00 -2.668826103210449219e+00 4.803402423858642578e-01
8.045007705688476562e+00 -2.672093868255615234e+00 5.343469381332397461e-01
7.974241733551025391e+00 -2.676146984100341797e+00 5.967617630958557129e-01
7.940677165985107422e+00 -2.678086042404174805e+00 6.241656541824340820e-01
7.898910522460937500e+00 -2.680506229400634766e+00 6.570385694503784180e-01
7.847477912902832031e+00 -2.683496475219726562e+00 6.956936120986938477e-01
7.780560016632080078e+00 -2.687399625778198242e+00 7.431637048721313477e-01
7.713889598846435547e+00 -2.691300153732299805e+00 7.869476079940795898e-01
7.648921966552734375e+00 -2.695106983184814453e+00 8.263612389564514160e-01
7.602952957153320312e+00 -2.697801113128662109e+00 8.520997762680053711e-01
7.543455123901367188e+00 -2.701285600662231445e+00 8.835132122039794922e-01
7.493307590484619141e+00 -2.704217672348022461e+00 9.079706072807312012e-01
7.430491447448730469e+00 -2.707882642745971680e+00 9.365338683128356934e-01
7.410940170288085938e+00 -2.709019422531127930e+00 9.446350932121276855e-01
7.315760135650634766e+00 -2.714545488357543945e+00 9.829038977622985840e-01
7.283031940460205078e+00 -2.716431856155395508e+00 9.941306710243225098e-01
7.201950073242187500e+00 -2.721090078353881836e+00 1.020343780517578125e+00
7.183331012725830078e+00 -2.722150325775146484e+00 1.025463938713073730e+00
7.096599102020263672e+00 -2.727077484130859375e+00 1.048370242118835449e+00
7.038055419921875000e+00 -2.730364799499511719e+00 1.060882449150085449e+00
6.968355655670166016e+00 -2.734242916107177734e+00 1.073446989059448242e+00
6.921136856079101562e+00 -2.736838579177856445e+00 1.080095052719116211e+00
6.881212711334228516e+00 -2.739013195037841797e+00 1.084656834602355957e+00
6.815435886383056641e+00 -2.742566347122192383e+00 1.090703010559082031e+00
6.766533851623535156e+00 -2.745169878005981445e+00 1.093401551246643066e+00
6.716759681701660156e+00 -2.747788429260253906e+00 1.094791531562805176e+00
6.656798362731933594e+00 -2.750902175903320312e+00 1.094802141189575195e+00
6.600598335266113281e+00 -2.753771781921386719e+00 1.092929601669311523e+00
6.528387546539306641e+00 -2.757396221160888672e+00 1.088247895240783691e+00
6.455071926116943359e+00 -2.760988712310791016e+00 1.080506682395935059e+00
6.398016452789306641e+00 -2.763709783554077148e+00 1.072097659111022949e+00
6.380222320556640625e+00 -2.764538764953613281e+00 1.068889379501342773e+00
6.322681427001953125e+00 -2.767198562622070312e+00 1.057918548583984375e+00
6.259172439575195312e+00 -2.770057678222656250e+00 1.043665289878845215e+00
6.202984333038330078e+00 -2.772507667541503906e+00 1.028926968574523926e+00
6.154685020446777344e+00 -2.774549007415771484e+00 1.014608860015869141e+00
6.086749076843261719e+00 -2.777336835861206055e+00 9.924384355545043945e-01
6.023547172546386719e+00 -2.779815196990966797e+00 9.690980911254882812e-01
5.969952106475830078e+00 -2.781818866729736328e+00 9.471022486686706543e-01
5.917916297912597656e+00 -2.783677577972412109e+00 9.238798022270202637e-01
5.873559951782226562e+00 -2.785185575485229492e+00 9.024959206581115723e-01
5.805559635162353516e+00 -2.787391424179077148e+00 8.675787448883056641e-01
5.748754978179931641e+00 -2.789090156555175781e+00 8.355876207351684570e-01
5.717198371887207031e+00 -2.789961338043212891e+00 8.164486885070800781e-01
5.676993370056152344e+00 -2.791016340255737305e+00 7.910622954368591309e-01
5.618270874023437500e+00 -2.792450189590454102e+00 7.520686984062194824e-01
5.575072288513183594e+00 -2.793383121490478516e+00 7.212469577789306641e-01
5.513343811035156250e+00 -2.794577598571777344e+00 6.748510599136352539e-01
5.477335929870605469e+00 -2.795150756835937500e+00 6.457327008247375488e-01
5.418381214141845703e+00 -2.795960664749145508e+00 5.959879755973815918e-01
5.380977153778076172e+00 -2.796332120895385742e+00 5.621727108955383301e-01
5.316386222839355469e+00 -2.796802759170532227e+00 5.011554360389709473e-01
5.297152996063232422e+00 -2.796848297119140625e+00 4.815568923950195312e-01
5.234458923339843750e+00 -2.796895503997802734e+00 4.161882400512695312e-01
5.204797267913818359e+00 -2.796752691268920898e+00 3.828611671924591064e-01
5.168271541595458984e+00 -2.796469926834106445e+00 3.403082191944122314e-01
5.098220348358154297e+00 -2.795657634735107422e+00 2.549294531345367432e-01
5.064766883850097656e+00 -2.794996738433837891e+00 2.104047089815139771e-01
5.043669223785400391e+00 -2.794485569000244141e+00 1.810629218816757202e-01
4.988084316253662109e+00 -2.792969703674316406e+00 1.015280932188034058e-01
4.952844619750976562e+00 -2.791702508926391602e+00 4.710353165864944458e-02
4.921054840087890625e+00 -2.790358543395996094e+00 -4.562079906463623047e-03
4.870800018310546875e+00 -2.785021305084228516e+00 5.536251515150070190e-02
4.797230243682861328e+00 -2.777332067489624023e+00 1.384612470865249634e-01
4.770429134368896484e+00 -2.774589776992797852e+00 1.664522588253021240e-01
4.708186626434326172e+00 -2.768264770507812500e+00 2.296760976314544678e-01
4.654779434204101562e+00 -2.762918472290039062e+00 2.805215120315551758e-01
4.577151775360107422e+00 -2.755237340927124023e+00 3.504575490951538086e-01
4.511826515197753906e+00 -2.748871803283691406e+00 4.047461748123168945e-01
4.455584049224853516e+00 -2.743452548980712891e+00 4.484065771102905273e-01
4.397967815399169922e+00 -2.737948656082153320e+00 4.905611872673034668e-01
4.327997684478759766e+00 -2.731317758560180664e+00 5.386955142021179199e-01
4.280689716339111328e+00 -2.726873159408569336e+00 5.688382983207702637e-01
4.216015815734863281e+00 -2.720827817916870117e+00 6.079216599464416504e-01
4.141830921173095703e+00 -2.713936805725097656e+00 6.495278477668762207e-01
4.127867221832275391e+00 -2.712647676467895508e+00 6.566897034645080566e-01
4.032851219177246094e+00 -2.703884124755859375e+00 7.045925259590148926e-01
3.963495969772338867e+00 -2.697526931762695312e+00 7.355003356933593750e-01
3.889870643615722656e+00 -2.690800428390502930e+00 7.652930617332458496e-01
3.826825141906738281e+00 -2.685055494308471680e+00 7.881372570991516113e-01
3.763911962509155273e+00 -2.679330587387084961e+00 8.087117671966552734e-01
3.693177700042724609e+00 -2.672898769378662109e+00 8.294000029563903809e-01
3.649011850357055664e+00 -2.668883085250854492e+00 8.406319618225097656e-01
3.611159801483154297e+00 -2.665439844131469727e+00 8.493704795837402344e-01
3.545234918594360352e+00 -2.659439086914062500e+00 8.632766604423522949e-01
3.451387405395507812e+00 -2.650883674621582031e+00 8.798416852951049805e-01
3.391257524490356445e+00 -2.645384788513183594e+00 8.875389695167541504e-01
3.324529409408569336e+00 -2.639264583587646484e+00 8.940286040306091309e-01
3.261365652084350586e+00 -2.633448839187622070e+00 8.980244994163513184e-01
3.168460369110107422e+00 -2.624857664108276367e+00 9.009195566177368164e-01
3.132134199142456055e+00 -2.621474027633666992e+00 9.003347754478454590e-01
3.040685415267944336e+00 -2.612926721572875977e+00 8.971700668334960938e-01
2.973095417022705078e+00 -2.606551647186279297e+00 8.916643857955932617e-01
2.929113388061523438e+00 -2.602370738983154297e+00 8.865450620651245117e-01
2.867161750793457031e+00 -2.596448898315429688e+00 8.779131770133972168e-01
2.786691904067993164e+00 -2.588692426681518555e+00 8.640758395195007324e-01
2.725527524948120117e+00 -2.582726955413818359e+00 8.509262800216674805e-01
2.681314945220947266e+00 -2.578372001647949219e+00 8.399472236633300781e-01
2.629591941833496094e+00 -2.573237895965576172e+00 8.258357644081115723e-01
2.558761358261108398e+00 -2.566140413284301758e+00 8.044483661651611328e-01
2.503300428390502930e+00 -2.560505867004394531e+00 7.854412198066711426e-01
2.433680057525634766e+00 -2.553349733352661133e+00 7.592988014221191406e-01
2.374399185180664062e+00 -2.547160625457763672e+00 7.345305681228637695e-01
2.296104907989501953e+00 -2.538868188858032227e+00 6.989018917083740234e-01
2.221787214279174805e+00 -2.530836105346679688e+00 6.612899899482727051e-01
2.175935983657836914e+00 -2.525775671005249023e+00 6.357559561729431152e-01
2.107094526290893555e+00 -2.518070936203002930e+00 5.951644182205200195e-01
2.056810379028320312e+00 -2.512316942214965820e+00 5.629420280456542969e-01
2.003355264663696289e+00 -2.506092309951782227e+00 5.265867114067077637e-01
1.962077021598815918e+00 -2.501190185546875000e+00 4.967094957828521729e-01
1.911574125289916992e+00 -2.495094776153564453e+00 4.583711922168731689e-01
1.835846185684204102e+00 -2.485762596130371094e+00 3.974629938602447510e-01
1.781358838081359863e+00 -2.478820800781250000e+00 3.497094511985778809e-01
1.748882651329040527e+00 -2.474573135375976562e+00 3.194224834442138672e-01
1.716423153877258301e+00 -2.470255851745605469e+00 2.879975140094757080e-01
1.635989785194396973e+00 -2.459368705749511719e+00 2.071423828601837158e-01
1.607664704322814941e+00 -2.455354928970336914e+00 1.758774816989898682e-01
1.571066260337829590e+00 -2.450074911117553711e+00 1.340813636779785156e-01
1.495957732200622559e+00 -2.438972949981689453e+00 4.439602047204971313e-02
1.462127685546875000e+00 -2.433698892593383789e+00 5.111470818519592285e-05
1.391796946525573730e+00 -2.417984485626220703e+00 7.382194697856903076e-02
1.316594958305358887e+00 -2.401337385177612305e+00 1.471215486526489258e-01
1.270948529243469238e+00 -2.391320943832397461e+00 1.882924735546112061e-01
1.207068204879760742e+00 -2.377369165420532227e+00 2.432905882596969604e-01
1.151448249816894531e+00 -2.365294933319091797e+00 2.881437540054321289e-01
1.082788228988647461e+00 -2.350460290908813477e+00 3.404365479946136475e-01
9.868612289428710938e-01 -2.329843759536743164e+00 4.084551036357879639e-01
9.361376762390136719e-01 -2.319013595581054688e+00 4.409147202968597412e-01
8.814582824707031250e-01 -2.307372808456420898e+00 4.740252792835235596e-01
8.139692544937133789e-01 -2.293046236038208008e+00 5.124732255935668945e-01
7.200377583503723145e-01 -2.273170232772827148e+00 5.619720220565795898e-01
6.474818587303161621e-01 -2.257876396179199219e+00 5.960654616355895996e-01
5.627944469451904297e-01 -2.240068435668945312e+00 6.322875618934631348e-01
4.993908703327178955e-01 -2.226767063140869141e+00 6.563868522644042969e-01
4.443051517009735107e-01 -2.215225934982299805e+00 6.754209399223327637e-01
3.476473391056060791e-01 -2.194993257522583008e+00 7.059783935546875000e-01
2.483552098274230957e-01 -2.174234390258789062e+00 7.323455810546875000e-01
2.178649753332138062e-01 -2.167863845825195312e+00 7.388973832130432129e-01
1.101297065615653992e-01 -2.145353555679321289e+00 7.604022026062011719e-01
4.005674272775650024e-02 -2.130709171295166016e+00 7.706336975097656250e-01
-4.521396756172180176e-02 -2.112877368927001953e+00 7.801527380943298340e-01
-8.486242592334747314e-02 -2.104576587677001953e+00 7.829299569129943848e-01
-2.085447013378143311e-01 -2.078663110733032227e+00 7.892125844955444336e-01
-2.647701203823089600e-01 -2.066851854324340820e+00 7.886874079704284668e-01
-3.537744879722595215e-01 -2.048123359680175781e+00 7.854197025299072266e-01
-3.928442001342773438e-01 -2.039877653121948242e+00 7.822820544242858887e-01
-4.971537590026855469e-01 -2.017828702926635742e+00 7.718945145606994629e-01
-5.739033818244934082e-01 -2.001532554626464844e+00 7.602596282958984375e-01
-6.250742673873901367e-01 -1.990624904632568359e+00 7.505090236663818359e-01
-6.976575851440429688e-01 -1.975107550621032715e+00 7.347626686096191406e-01
-7.863321900367736816e-01 -1.956064820289611816e+00 7.121496796607971191e-01
-8.258668184280395508e-01 -1.947522878646850586e+00 7.001821398735046387e-01
-9.341030716896057129e-01 -1.924065589904785156e+00 6.650558710098266602e-01
-9.655408859252929688e-01 -1.917191505432128906e+00 6.529237627983093262e-01
-1.043776273727416992e+00 -1.900034189224243164e+00 6.212847232818603516e-01
-1.138810396194458008e+00 -1.879031538963317871e+00 5.783666372299194336e-01
-1.175888299942016602e+00 -1.870751619338989258e+00 5.593927502632141113e-01
-1.289717197418212891e+00 -1.845216274261474609e+00 4.983443617820739746e-01
-1.349548459053039551e+00 -1.831592798233032227e+00 4.615342319011688232e-01
-1.401289463043212891e+00 -1.819704532623291016e+00 4.273926019668579102e-01
-1.474147677421569824e+00 -1.802821636199951172e+00 3.763632178306579590e-01
-1.539185285568237305e+00 -1.787554979324340820e+00 3.268888890743255615e-01
-1.569228529930114746e+00 -1.780411839485168457e+00 3.022979199886322021e-01
-1.656838417053222656e+00 -1.759446263313293457e+00 2.281055003404617310e-01
-1.684260010719299316e+00 -1.752750754356384277e+00 2.024795413017272949e-01
-1.750909805297851562e+00 -1.736360788345336914e+00 1.382002085447311401e-01
-1.812235355377197266e+00 -1.721000432968139648e+00 7.433187961578369141e-02
-1.872026681900024414e+00 -1.705737233161926270e+00 7.383733987808227539e-03
-1.906703233718872070e+00 -1.694328546524047852e+00 3.939256072044372559e-02
-1.999881982803344727e+00 -1.663760542869567871e+00 1.224705725908279419e-01
-2.099174499511718750e+00 -1.631420969963073730e+00 2.030387222766876221e-01
-2.164026260375976562e+00 -1.610438823699951172e+00 2.506092488765716553e-01
-2.273720979690551758e+00 -1.575081944465637207e+00 3.259111642837524414e-01
-2.349446296691894531e+00 -1.550814390182495117e+00 3.722099065780639648e-01
-2.406168937683105469e+00 -1.532698392868041992e+00 4.041494727134704590e-01
-2.485874891281127930e+00 -1.507300019264221191e+00 4.462679028511047363e-01
-2.605983734130859375e+00 -1.469139456748962402e+00 5.040857791900634766e-01
-2.681330442428588867e+00 -1.445293426513671875e+00 5.352498292922973633e-01
-2.749942064285278320e+00 -1.423622250556945801e+00 5.608486533164978027e-01
-2.850094795227050781e+00 -1.392038702964782715e+00 5.946216583251953125e-01
-2.937994956970214844e+00 -1.364374518394470215e+00 6.197720170021057129e-01
-3.013950347900390625e+00 -1.340502977371215820e+00 6.381914019584655762e-01
-3.135753154754638672e+00 -1.302258133888244629e+00 6.632275581359863281e-01
-3.241852998733520508e+00 -1.268982052803039551e+00 6.788434982299804688e-01
-3.318762063980102539e+00 -1.244873046875000000e+00 6.863154768943786621e-01
-3.427305459976196289e+00 -1.210849285125732422e+00 6.929572224617004395e-01
-3.467193841934204102e+00 -1.198342800140380859e+00 6.933768391609191895e-01
-3.579410314559936523e+00 -1.163149833679199219e+00 6.924695372581481934e-01
-3.681447505950927734e+00 -1.131120085716247559e+00 6.862756609916687012e-01
-3.775225877761840820e+00 -1.101644515991210938e+00 6.760519146919250488e-01
-3.865003108978271484e+00 -1.073381066322326660e+00 6.622194051742553711e-01
-3.954947471618652344e+00 -1.045010447502136230e+00 6.444093585014343262e-01
-4.036345005035400391e+00 -1.019275784492492676e+00 6.246270537376403809e-01
-4.084002971649169922e+00 -1.004170536994934082e+00 6.110512614250183105e-01
-4.210205078125000000e+00 -9.641033411026000977e-01 5.719357728958129883e-01
-4.295825481414794922e+00 -9.367874860763549805e-01 5.395328402519226074e-01
-4.395848751068115234e+00 -9.047482013702392578e-01 4.967893064022064209e-01
-4.457211494445800781e+00 -8.849866390228271484e-01 4.668879508972167969e-01
-4.536382675170898438e+00 -8.593926429748535156e-01 4.252416193485260010e-01
-4.603714466094970703e+00 -8.375077247619628906e-01 3.862997293472290039e-01
-4.701942920684814453e+00 -8.054144382476806641e-01 3.248669207096099854e-01
-4.784015178680419922e+00 -7.783715724945068359e-01 2.675298452377319336e-01
-4.843820571899414062e+00 -7.585027813911437988e-01 2.217665314674377441e-01
-4.905195236206054688e+00 -7.379730343818664551e-01 1.715870797634124756e-01
-4.944835662841796875e+00 -7.246100902557373047e-01 1.368946135044097900e-01
-5.047800540924072266e+00 -6.897075176239013672e-01 4.268904775381088257e-02
-5.111500740051269531e+00 -6.677691340446472168e-01 -2.273839712142944336e-02
-5.212513923645019531e+00 -6.240642070770263672e-01 6.588672846555709839e-02
-5.259799957275390625e+00 -6.037632226943969727e-01 1.034163981676101685e-01
-5.401411056518554688e+00 -5.431630015373229980e-01 2.106938064098358154e-01
-5.474663734436035156e+00 -5.120968818664550781e-01 2.587215304374694824e-01
-5.617099285125732422e+00 -4.519321322441101074e-01 3.452710807323455811e-01
-5.679217338562011719e+00 -4.258798360824584961e-01 3.775457739830017090e-01
-5.824161052703857422e+00 -3.652537465095520020e-01 4.476636946201324463e-01
-5.899161815643310547e+00 -3.340657353401184082e-01 4.779222011566162109e-01
-5.983620643615722656e+00 -2.990363836288452148e-01 5.086740255355834961e-01
-6.148669719696044922e+00 -2.307673096656799316e-01 5.616570115089416504e-01
-6.213671207427978516e+00 -2.040099203586578369e-01 5.772169232368469238e-01
-6.373650550842285156e+00 -1.382586807012557983e-01 6.105535626411437988e-01
-6.509213447570800781e+00 -8.274005353450775146e-02 6.286049485206604004e-01
-6.624850749969482422e+00 -3.549603000283241272e-02 6.367766261100769043e-01
-6.671031475067138672e+00 -1.665964163839817047e-02 6.375969052314758301e-01
-6.833196163177490234e+00 4.945128411054611206e-02 6.370583176612854004e-01
-6.903428554534912109e+00 7.803799211978912354e-02 6.315872669219970703e-01
-7.061194419860839844e+00 1.422297358512878418e-01 6.141536235809326172e-01
-7.159782886505126953e+00 1.823227852582931519e-01 5.959073305130004883e-01
-7.205892086029052734e+00 2.010768651962280273e-01 5.851640105247497559e-01
-7.340802192687988281e+00 2.559610009193420410e-01 5.506415367126464844e-01
-7.439553737640380859e+00 2.961698472499847412e-01 5.185744762420654297e-01
-7.579244613647460938e+00 3.531125485897064209e-01 4.658423066139221191e-01
-7.649477958679199219e+00 3.818053007125854492e-01 4.338007569313049316e-01
-7.769790649414062500e+00 4.310346245765686035e-01 3.738471567630767822e-01
-7.859355449676513672e+00 4.678005874156951904e-01 3.223817646503448486e-01
-7.980697154998779297e+00 5.177646279335021973e-01 2.452034205198287964e-01
-8.067982673645019531e+00 5.538890361785888672e-01 1.817857176065444946e-01
-8.119661331176757812e+00 5.753765106201171875e-01 1.405066847801208496e-01
-8.225242614746093750e+00 6.194189786911010742e-01 5.127871781587600708e-02
-8.313667297363281250e+00 6.565849781036376953e-01 -3.257261961698532104e-02
-8.448991775512695312e+00 7.278259992599487305e-01 7.811062037944793701e-02
-8.493484497070312500e+00 7.509921789169311523e-01 1.098645478487014771e-01
-8.651551246643066406e+00 8.330288529396057129e-01 2.177435159683227539e-01
-8.790333747863769531e+00 9.042806625366210938e-01 2.978465557098388672e-01
-8.942268371582031250e+00 9.816370010375976562e-01 3.728010654449462891e-01
-9.053720474243164062e+00 1.037918686866760254e+00 4.182813167572021484e-01
-9.233401298522949219e+00 1.128166913986206055e+00 4.810407757759094238e-01
-9.396425247192382812e+00 1.209392428398132324e+00 5.231705307960510254e-01
-9.521662712097167969e+00 1.271386027336120605e+00 5.456813573837280273e-01
-9.685379028320312500e+00 1.352061629295349121e+00 5.654858946800231934e-01
-9.760366439819335938e+00 1.388810992240905762e+00 5.688628554344177246e-01
-9.996322631835937500e+00 1.504184603691101074e+00 5.713515281677246094e-01
-1.014487552642822266e+01 1.576321125030517578e+00 5.566200017929077148e-01
-1.024856853485107422e+01 1.626486897468566895e+00 5.390385985374450684e-01
-1.041532802581787109e+01 1.706976890563964844e+00 5.023601651191711426e-01
-1.046933841705322266e+01 1.732955813407897949e+00 4.859386384487152100e-01
-1.067367076873779297e+01 1.831147074699401855e+00 4.180172085762023926e-01
-1.073260116577148438e+01 1.859368562698364258e+00 3.917796015739440918e-01
-1.088859844207763672e+01 1.934022307395935059e+00 3.168615400791168213e-01
-1.100234222412109375e+01 1.988364815711975098e+00 2.510344386100769043e-01
-1.114487266540527344e+01 2.056414604187011719e+00 1.572364568710327148e-01
-1.123166084289550781e+01 2.097840309143066406e+00 9.051142632961273193e-02
-1.136908817291259766e+01 2.163465261459350586e+00 -2.562686055898666382e-02
-1.144888401031494141e+01 2.201625585556030273e+00 -1.040022522211074829e-01
-1.170475482940673828e+01 2.354693651199340820e+00 1.114093363285064697e-01
-1.186352825164794922e+01 2.446768999099731445e+00 2.138375490903854370e-01
-1.199545097351074219e+01 2.522034883499145508e+00 2.855814695358276367e-01
-1.221569919586181641e+01 2.646134138107299805e+00 3.884484469890594482e-01
-1.250338935852050781e+01 2.805083274841308594e+00 4.884764254093170166e-01
-1.263385105133056641e+01 2.875468492507934570e+00 5.151595473289489746e-01
-1.286470794677734375e+01 2.998769760131835938e+00 5.483664870262145996e-01
-1.308819198608398438e+01 3.116049051284790039e+00 5.568676590919494629e-01
-1.324179077148437500e+01 3.195309400558471680e+00 5.471369624137878418e-01
-1.343260288238525391e+01 3.292641639709472656e+00 5.216454863548278809e-01
-1.365570259094238281e+01 3.404785871505737305e+00 4.718284606933593750e-01
-1.380496120452880859e+01 3.478481292724609375e+00 4.220210611820220947e-01
-1.399810314178466797e+01 3.572651863098144531e+00 3.423179388046264648e-01
-1.414214038848876953e+01 3.641662836074829102e+00 2.669141888618469238e-01
-1.434269523620605469e+01 3.736397504806518555e+00 1.435242295265197754e-01
-1.450199508666992188e+01 3.809989690780639648e+00 2.237737923860549927e-02
-1.472424316406250000e+01 3.910567522048950195e+00 -1.772324144840240479e-01
-1.496717453002929688e+01 4.045277118682861328e+00 -4.065755009651184082e-02
-1.537705898284912109e+01 4.263880729675292969e+00 1.335371732711791992e-01
-1.552459144592285156e+01 4.337823867797851562e+00 1.661645174026489258e-01
-1.590329933166503906e+01 4.523632526397705078e+00 2.253277897834777832e-01
-1.646163177490234375e+01 4.782549381256103516e+00 2.210506796836853027e-01
-1.674969291687011719e+01 4.904411315917968750e+00 1.490016430616378784e-01
-1.696131896972656250e+01 4.989082336425781250e+00 6.780990213155746460e-02
-1.732177162170410156e+01 5.126554965972900391e+00 -1.094117686152458191e-01
-1.842989730834960938e+01 5.621921539306640625e+00 7.283154875040054321e-02
-1.961275672912597656e+01 6.032629966735839844e+00 -2.940922677516937256e-01
-3.708750152587890625e+01 7.819967746734619141e+00 -1.335157108306884766e+01
2.208059621376000000e+12 -1.638132350976000000e+12 -7.754424516608000000e+12
nan nan nan
nan nan nan
nan nan nan
nan nan nan
nan nan nan
nan nan nan
nan nan nan
nan nan nan
nan nan nan
nan nan nan
nan nan nan
nan nan nan
nan nan nan
nan nan nan
nan nan nan
nan nan nan
nan nan nan
nan nan nan
nan nan nan
nan nan nan
nan nan nan
nan nan nan
nan nan nan
nan nan nan
nan nan nan
nan nan nan
