2.334016418457031250e+01 -2.271983474493026733e-01 2.058660387992858887e-01
2.318363189697265625e+01 -2.158523648977279663e-01 2.993165552616119385e-01
2.295109367370605469e+01 -1.990886330604553223e-01 4.371776580810546875e-01
2.279162406921386719e+01 -1.876827329397201538e-01 5.306870937347412109e-01
2.261619567871093750e+01 -1.751987487077713013e-01 6.327345371246337891e-01
2.246673393249511719e+01 -1.646191775798797607e-01 7.188774347305297852e-01
2.239831352233886719e+01 -1.597968488931655884e-01 7.579870223999023438e-01
2.221628761291503906e+01 -1.469915956258773804e-01 8.616253733634948730e-01
2.206686210632324219e+01 -1.365309655666351318e-01 9.457894563674926758e-01
2.190421104431152344e+01 -1.251870095729827881e-01 1.036552786827087402e+00
2.176471900939941406e+01 -1.154955253005027771e-01 1.113570094108581543e+00
2.155859184265136719e+01 -1.012180373072624207e-01 1.226297974586486816e+00
2.142301368713378906e+01 -9.186686575412750244e-02 1.299352169036865234e+00
2.133708381652832031e+01 -8.595459908246994019e-02 1.345180749893188477e+00
2.119707298278808594e+01 -7.633502036333084106e-02 1.419350266456604004e+00
2.105220985412597656e+01 -6.640379875898361206e-02 1.495223522186279297e+00
2.090312385559082031e+01 -5.620371550321578979e-02 1.572356462478637695e+00
2.072607612609863281e+01 -4.411281272768974304e-02 1.662752866744995117e+00
2.062513732910156250e+01 -3.723230585455894470e-02 1.713446736335754395e+00
2.048574829101562500e+01 -2.773861959576606750e-02 1.782766819000244141e+00
2.039417839050292969e+01 -2.150788158178329468e-02 1.827668786048889160e+00
2.021789741516113281e+01 -9.518682956695556641e-03 1.913283348083496094e+00
2.009328269958496094e+01 -1.049356535077095032e-03 1.972649335861206055e+00
1.994140815734863281e+01 9.270542301237583160e-03 2.043973207473754883e+00
1.986429405212402344e+01 1.451051607728004456e-02 2.079533100128173828e+00
1.968779563903808594e+01 2.650582045316696167e-02 2.160143136978149414e+00
1.956554603576660156e+01 3.481888398528099060e-02 2.214708805084228516e+00
1.945346832275390625e+01 4.244557395577430725e-02 2.263904094696044922e+00
1.935857772827148438e+01 4.890810698270797729e-02 2.304895639419555664e+00
1.926791572570800781e+01 5.508783832192420959e-02 2.343514680862426758e+00
1.913281440734863281e+01 6.430524587631225586e-02 2.400271892547607422e+00
1.895111656188964844e+01 7.672126591205596924e-02 2.474984169006347656e+00
1.884069633483886719e+01 8.428537100553512573e-02 2.519021272659301758e+00
1.878887176513671875e+01 8.784189075231552124e-02 2.539288282394409180e+00
1.866411209106445312e+01 9.641133248805999756e-02 2.587615728378295898e+00
1.857978057861328125e+01 1.022172719240188599e-01 2.619519710540771484e+00
1.844165611267089844e+01 1.117430776357650757e-01 2.670912265777587891e+00
1.828841209411621094e+01 1.223431527614593506e-01 2.726329565048217773e+00
1.819964790344238281e+01 1.285053342580795288e-01 2.757371187210083008e+00
1.806627464294433594e+01 1.377856433391571045e-01 2.803070306777954102e+00
1.795176315307617188e+01 1.457824707031250000e-01 2.841064929962158203e+00
1.790855407714843750e+01 1.488100141286849976e-01 2.854989528656005859e+00
1.777523422241210938e+01 1.581635177135467529e-01 2.897465467453002930e+00
1.765448570251464844e+01 1.666703969240188599e-01 2.934552431106567383e+00
1.756253051757812500e+01 1.731747686862945557e-01 2.961818218231201172e+00
1.748978042602539062e+01 1.783371567726135254e-01 2.982788562774658203e+00
1.733017539978027344e+01 1.896924376487731934e-01 3.027735233306884766e+00
1.725410079956054688e+01 1.951370090246200562e-01 3.048027276992797852e+00
1.720729064941406250e+01 1.984971910715103149e-01 3.060174226760864258e+00
1.706800651550292969e+01 2.085140496492385864e-01 3.095688343048095703e+00
1.699745178222656250e+01 2.136170417070388794e-01 3.112714767456054688e+00
1.685657119750976562e+01 2.238370180130004883e-01 3.145718574523925781e+00
1.681084060668945312e+01 2.271748632192611694e-01 3.155775308609008789e+00
1.669358253479003906e+01 2.357507944107055664e-01 3.181005001068115234e+00
1.660059356689453125e+01 2.425882220268249512e-01 3.199865341186523438e+00
1.646267318725585938e+01 2.527734041213989258e-01 3.226461887359619141e+00
1.637072181701660156e+01 2.596086263656616211e-01 3.242803812026977539e+00
1.628185462951660156e+01 2.662443518638610840e-01 3.257682800292968750e+00
1.619558906555175781e+01 2.727143168449401855e-01 3.271253824234008789e+00
1.608910369873046875e+01 2.807354629039764404e-01 3.286942958831787109e+00
1.605386924743652344e+01 2.834039032459259033e-01 3.291692733764648438e+00
1.591827678680419922e+01 2.936915755271911621e-01 3.309401035308837891e+00
1.583955383300781250e+01 2.997064888477325439e-01 3.318390130996704102e+00
1.574878978729248047e+01 3.066698014736175537e-01 3.327871322631835938e+00
1.568011283874511719e+01 3.119636774063110352e-01 3.334263563156127930e+00
1.557680416107177734e+01 3.199556767940521240e-01 3.342976331710815430e+00
1.551884841918945312e+01 3.244633972644805908e-01 3.347090244293212891e+00
1.541215229034423828e+01 3.327870666980743408e-01 3.353852748870849609e+00
1.529647636413574219e+01 3.418613374233245850e-01 3.359541654586791992e+00
1.523091983795166016e+01 3.470345139503479004e-01 3.361735820770263672e+00
1.514722633361816406e+01 3.536607027053833008e-01 3.363779067993164062e+00
1.509278583526611328e+01 3.579888343811035156e-01 3.364470481872558594e+00
1.496902561187744141e+01 3.678541183471679688e-01 3.365087032318115234e+00
1.488093662261962891e+01 3.749179244041442871e-01 3.363956451416015625e+00
1.485236549377441406e+01 3.772183656692504883e-01 3.363220453262329102e+00
1.474805545806884766e+01 3.856278359889984131e-01 3.360090970993041992e+00
1.465302085876464844e+01 3.933250010013580322e-01 3.355752468109130859e+00
1.455847644805908203e+01 4.010134041309356689e-01 3.350063800811767578e+00
1.450075244903564453e+01 4.057254791259765625e-01 3.345742940902709961e+00
1.442866611480712891e+01 4.116230309009552002e-01 3.339691638946533203e+00
1.437359714508056641e+01 4.161403477191925049e-01 3.334436655044555664e+00
1.426276016235351562e+01 4.252500236034393311e-01 3.322876691818237305e+00
1.419859504699707031e+01 4.305436611175537109e-01 3.315022468566894531e+00
1.407990837097167969e+01 4.403548538684844971e-01 3.299230813980102539e+00
1.402733802795410156e+01 4.447158277034759521e-01 3.291184425354003906e+00
1.397429943084716797e+01 4.491218030452728271e-01 3.282589197158813477e+00
1.385085678100585938e+01 4.593899250030517578e-01 3.261453866958618164e+00
1.379962635040283203e+01 4.636638462543487549e-01 3.251573562622070312e+00
1.371392536163330078e+01 4.708210825920104980e-01 3.234263420104980469e+00
1.362759494781494141e+01 4.780427217483520508e-01 3.215493440628051758e+00
1.356652450561523438e+01 4.831588864326477051e-01 3.201251268386840820e+00
1.348160266876220703e+01 4.902796447277069092e-01 3.180486202239990234e+00
1.344250297546386719e+01 4.935618937015533447e-01 3.170302867889404297e+00
1.338781356811523438e+01 4.981548488140106201e-01 3.155653715133666992e+00
1.326252937316894531e+01 5.086824893951416016e-01 3.120784997940063477e+00
1.321467781066894531e+01 5.127080678939819336e-01 3.106302976608276367e+00
1.313055229187011719e+01 5.197873711585998535e-01 3.080049037933349609e+00
1.307214927673339844e+01 5.247042179107666016e-01 3.060842514038085938e+00
1.298992443084716797e+01 5.316280126571655273e-01 3.032831668853759766e+00
1.295916652679443359e+01 5.342184305191040039e-01 3.021836280822753906e+00
1.288890361785888672e+01 5.401362180709838867e-01 2.996271848678588867e+00
1.277235221862792969e+01 5.499524474143981934e-01 2.952158451080322266e+00
1.273028755187988281e+01 5.534946322441101074e-01 2.935197830200195312e+00
1.266924858093261719e+01 5.586338043212890625e-01 2.910034656524658203e+00
1.256790733337402344e+01 5.671640634536743164e-01 2.866913557052612305e+00
1.249608516693115234e+01 5.732062458992004395e-01 2.834748983383178711e+00
1.244967269897460938e+01 5.771087408065795898e-01 2.813217401504516602e+00
1.238592720031738281e+01 5.824666023254394531e-01 2.782974481582641602e+00
1.230079841613769531e+01 5.896176695823669434e-01 2.741345405578613281e+00
1.227391338348388672e+01 5.918741226196289062e-01 2.727667570114135742e+00
1.218459129333496094e+01 5.993686914443969727e-01 2.681661128997802734e+00
1.211055469512939453e+01 6.055742502212524414e-01 2.641959667205810547e+00
1.204950618743896484e+01 6.106863021850585938e-01 2.608134508132934570e+00
1.198491382598876953e+01 6.160904765129089355e-01 2.571383476257324219e+00
1.191820526123046875e+01 6.216664314270019531e-01 2.532363891601562500e+00
1.188487625122070312e+01 6.244494318962097168e-01 2.512312173843383789e+00
1.180441856384277344e+01 6.311640143394470215e-01 2.463228940963745117e+00
1.176412868499755859e+01 6.345218420028686523e-01 2.437821388244628906e+00
1.170265674591064453e+01 6.396414041519165039e-01 2.398415088653564453e+00
1.160470104217529297e+01 6.477903723716735840e-01 2.334046602249145508e+00
1.154365444183349609e+01 6.528595685958862305e-01 2.292341947555541992e+00
1.151332187652587891e+01 6.553752422332763672e-01 2.271119832992553711e+00
1.143389129638671875e+01 6.619589328765869141e-01 2.214888572692871094e+00
1.139895153045654297e+01 6.648502349853515625e-01 2.189387559890747070e+00
1.132302379608154297e+01 6.711286306381225586e-01 2.133229970932006836e+00
1.127407932281494141e+01 6.751691102981567383e-01 2.095979452133178711e+00
1.120411205291748047e+01 6.809388399124145508e-01 2.041747093200683594e+00
1.113547611236572266e+01 6.865897774696350098e-01 1.987152457237243652e+00
1.106664180755615234e+01 6.922481060028076172e-01 1.931006669998168945e+00
1.102221488952636719e+01 6.958940625190734863e-01 1.893854022026062012e+00
1.094529056549072266e+01 7.022003531455993652e-01 1.828487634658813477e+00
1.092598533630371094e+01 7.037799954414367676e-01 1.811626672744750977e+00
1.084902095794677734e+01 7.100747227668762207e-01 1.743943810462951660e+00
1.077582454681396484e+01 7.160497307777404785e-01 1.677803874015808105e+00
1.074989700317382812e+01 7.181622982025146484e-01 1.653768301010131836e+00
1.067005252838134766e+01 7.246636152267456055e-01 1.579080462455749512e+00
1.063745212554931641e+01 7.273126244544982910e-01 1.547732234001159668e+00
1.055043506622314453e+01 7.343773841857910156e-01 1.463113188743591309e+00
1.050542640686035156e+01 7.380232810974121094e-01 1.418023586273193359e+00
1.045562458038330078e+01 7.420526146888732910e-01 1.367363810539245605e+00
1.039225292205810547e+01 7.471731305122375488e-01 1.301804780960083008e+00
1.035087776184082031e+01 7.505106925964355469e-01 1.258078455924987793e+00
1.031020164489746094e+01 7.537882328033447266e-01 1.214490771293640137e+00
1.025610923767089844e+01 7.581420540809631348e-01 1.155733227729797363e+00
1.019205951690673828e+01 7.632899880409240723e-01 1.084894180297851562e+00
1.014235019683837891e+01 7.672784328460693359e-01 1.028735876083374023e+00
1.007473564147949219e+01 7.726963758468627930e-01 9.510838985443115234e-01
1.003837299346923828e+01 7.756049036979675293e-01 9.083826541900634766e-01
9.988488197326660156e+00 7.795911431312561035e-01 8.490989804267883301e-01
9.940172195434570312e+00 7.834469676017761230e-01 7.907336354255676270e-01
9.902616500854492188e+00 7.864403128623962402e-01 7.446437478065490723e-01
9.852644920349121094e+00 7.904193401336669922e-01 6.825611591339111328e-01
9.781008720397949219e+00 7.961160540580749512e-01 5.921038389205932617e-01
9.739836692810058594e+00 7.993841767311096191e-01 5.388900041580200195e-01
9.687324523925781250e+00 8.035480976104736328e-01 4.701080918312072754e-01
9.623712539672851562e+00 8.085855841636657715e-01 3.853578269481658936e-01
9.580957412719726562e+00 8.119661211967468262e-01 3.272113502025604248e-01
9.548469543457031250e+00 8.145321607589721680e-01 2.824146747589111328e-01
9.485476493835449219e+00 8.195039629936218262e-01 1.946378052234649658e-01
9.430772781372070312e+00 8.238151669502258301e-01 1.168470457196235657e-01
9.414210319519042969e+00 8.251187801361083984e-01 9.287652373313903809e-02
9.339940071105957031e+00 8.309625387191772461e-01 -1.519145816564559937e-02
9.313751220703125000e+00 8.330197930335998535e-01 -5.422115698456764221e-02
9.265137672424316406e+00 8.413138389587402344e-01 3.114707395434379578e-02
9.228353500366210938e+00 8.474905490875244141e-01 9.145015478134155273e-02
9.188083648681640625e+00 8.541806936264038086e-01 1.542689204216003418e-01
9.141838073730468750e+00 8.617818355560302734e-01 2.226994037628173828e-01
9.109083175659179688e+00 8.671057224273681641e-01 2.683899998664855957e-01
9.081863403320312500e+00 8.714982271194458008e-01 3.048478662967681885e-01
9.023035049438476562e+00 8.809382915496826172e-01 3.810675740242004395e-01
8.990880012512207031e+00 8.860399127006530762e-01 4.198610782623291016e-01
8.924913406372070312e+00 8.964479565620422363e-01 4.964761734008789062e-01
8.902749061584472656e+00 8.999080061912536621e-01 5.202875733375549316e-01
8.859602928161621094e+00 9.066218137741088867e-01 5.654639005661010742e-01
8.821537971496582031e+00 9.125096201896667480e-01 6.033692955970764160e-01
8.742754936218261719e+00 9.246356487274169922e-01 6.784301996231079102e-01
8.692529678344726562e+00 9.322934150695800781e-01 7.220488786697387695e-01
8.676794052124023438e+00 9.346796274185180664e-01 7.349290251731872559e-01
8.614270210266113281e+00 9.441462159156799316e-01 7.851679921150207520e-01
8.564315795898437500e+00 9.516639113426208496e-01 8.223992586135864258e-01
8.498628616333007812e+00 9.615052342414855957e-01 8.684527277946472168e-01
8.466175079345703125e+00 9.663410186767578125e-01 8.893992900848388672e-01
8.414839744567871094e+00 9.739713668823242188e-01 9.211785197257995605e-01
8.363481521606445312e+00 9.815766215324401855e-01 9.508833885192871094e-01
8.307044029235839844e+00 9.899048805236816406e-01 9.813051223754882812e-01
8.245265960693359375e+00 9.989885091781616211e-01 1.012016773223876953e+00
8.178047180175781250e+00 1.008836030960083008e+00 1.042446970939636230e+00
8.143186569213867188e+00 1.013924717903137207e+00 1.056597232818603516e+00
8.095107078552246094e+00 1.020930767059326172e+00 1.074976801872253418e+00
8.056922912597656250e+00 1.026482462882995605e+00 1.088349461555480957e+00
7.996174335479736328e+00 1.035300135612487793e+00 1.108105063438415527e+00
7.906746387481689453e+00 1.048248291015625000e+00 1.133684873580932617e+00
7.881747245788574219e+00 1.051855802536010742e+00 1.139426231384277344e+00
7.828873157501220703e+00 1.059479594230651855e+00 1.150752663612365723e+00
7.774532794952392578e+00 1.067301869392395020e+00 1.160631656646728516e+00
7.700223922729492188e+00 1.077982068061828613e+00 1.171693682670593262e+00
7.652822017669677734e+00 1.084781885147094727e+00 1.176638722419738770e+00
7.588160991668701172e+00 1.094047784805297852e+00 1.181564092636108398e+00
7.514376640319824219e+00 1.104607224464416504e+00 1.184367299079895020e+00
7.498429775238037109e+00 1.106886506080627441e+00 1.184281706809997559e+00
7.439349174499511719e+00 1.115329027175903320e+00 1.183412075042724609e+00
7.363172054290771484e+00 1.126205921173095703e+00 1.179651737213134766e+00
7.325262546539306641e+00 1.131614208221435547e+00 1.176085233688354492e+00
7.246401309967041016e+00 1.142861485481262207e+00 1.166904211044311523e+00
7.183421134948730469e+00 1.151839375495910645e+00 1.156632423400878906e+00
7.131168842315673828e+00 1.159286618232727051e+00 1.146143794059753418e+00
7.093523502349853516e+00 1.164651870727539062e+00 1.137399554252624512e+00
7.014398574829101562e+00 1.175929665565490723e+00 1.117203831672668457e+00
6.973301410675048828e+00 1.181788921356201172e+00 1.104708194732666016e+00
6.905871868133544922e+00 1.191405177116394043e+00 1.082463860511779785e+00
6.842861652374267578e+00 1.200396537780761719e+00 1.058965086936950684e+00
6.809893131256103516e+00 1.205104589462280273e+00 1.045312404632568359e+00
6.755321025848388672e+00 1.212901711463928223e+00 1.021511793136596680e+00
6.710506916046142578e+00 1.219310760498046875e+00 1.000305891036987305e+00
6.662117481231689453e+00 1.226237416267395020e+00 9.758995771408081055e-01
6.582530975341796875e+00 1.237642645835876465e+00 9.330157637596130371e-01
6.529238700866699219e+00 1.245296120643615723e+00 9.011833667755126953e-01
6.487590312957763672e+00 1.251287579536437988e+00 8.746031522750854492e-01
6.424843788146972656e+00 1.260327935218811035e+00 8.324858546257019043e-01
6.394663810729980469e+00 1.264687061309814453e+00 8.106744289398193359e-01
6.353650093078613281e+00 1.270619153976440430e+00 7.799758911132812500e-01
6.302186489105224609e+00 1.278077483177185059e+00 7.396028041839599609e-01
6.231790065765380859e+00 1.288307428359985352e+00 6.810736060142517090e-01
6.202868461608886719e+00 1.292527675628662109e+00 6.550709605216979980e-01
6.124725818634033203e+00 1.303952455520629883e+00 5.825154781341552734e-01
6.082071304321289062e+00 1.310223698616027832e+00 5.393571853637695312e-01
6.029810905456542969e+00 1.317933917045593262e+00 4.839152395725250244e-01
5.991292953491210938e+00 1.323643088340759277e+00 4.406012296676635742e-01
5.969059944152832031e+00 1.326950907707214355e+00 4.144887626171112061e-01
5.915844917297363281e+00 1.334886670112609863e+00 3.503786027431488037e-01
5.871541976928710938e+00 1.341532588005065918e+00 2.936402857303619385e-01
5.821971416473388672e+00 1.349009513854980469e+00 2.267609238624572754e-01
5.768589973449707031e+00 1.357115983963012695e+00 1.503127068281173706e-01
5.735109329223632812e+00 1.362242221832275391e+00 9.907797724008560181e-02
5.712383270263671875e+00 1.365741848945617676e+00 6.276230514049530029e-02
5.679018974304199219e+00 1.370901584625244141e+00 7.809229195117950439e-03
5.601337909698486328e+00 1.385729074478149414e+00 1.109334006905555725e-01
5.564569950103759766e+00 1.392660260200500488e+00 1.553614735603332520e-01
5.531750679016113281e+00 1.398814797401428223e+00 1.933630704879760742e-01
5.452774524688720703e+00 1.413559556007385254e+00 2.814439833164215088e-01
5.408700466156005859e+00 1.421706676483154297e+00 3.263719081878662109e-01
5.344310283660888672e+00 1.433550119400024414e+00 3.888722062110900879e-01
5.295263290405273438e+00 1.442510247230529785e+00 4.331960976123809814e-01
5.250428676605224609e+00 1.450661778450012207e+00 4.715788066387176514e-01
5.192243099212646484e+00 1.461197376251220703e+00 5.189845561981201172e-01
5.136842250823974609e+00 1.471178293228149414e+00 5.612877011299133301e-01
5.100578784942626953e+00 1.477682232856750488e+00 5.873030424118041992e-01
5.000975131988525391e+00 1.495496749877929688e+00 6.558747291564941406e-01
4.938498497009277344e+00 1.506590247154235840e+00 6.941311359405517578e-01
4.911011219024658203e+00 1.511450767517089844e+00 7.097337841987609863e-01
4.824968814849853516e+00 1.526639103889465332e+00 7.569404244422912598e-01
4.754244327545166016e+00 1.539058327674865723e+00 7.916541695594787598e-01
4.740527153015136719e+00 1.541457414627075195e+00 7.977651953697204590e-01
4.662541866302490234e+00 1.555086851119995117e+00 8.318404555320739746e-01
4.586567401885986328e+00 1.568310141563415527e+00 8.614028096199035645e-01
4.531386375427246094e+00 1.577878117561340332e+00 8.803912997245788574e-01
4.437388420104980469e+00 1.594134330749511719e+00 9.097504019737243652e-01
4.412612438201904297e+00 1.598400950431823730e+00 9.161795377731323242e-01
4.336825847625732422e+00 1.611438274383544922e+00 9.348138570785522461e-01
4.253241539001464844e+00 1.625771641731262207e+00 9.519248008728027344e-01
4.183722972869873047e+00 1.637653350830078125e+00 9.630610942840576172e-01
4.154220104217529297e+00 1.642682671546936035e+00 9.667122960090637207e-01
4.081261634826660156e+00 1.655106306076049805e+00 9.746236801147460938e-01
4.019222736358642578e+00 1.665643095970153809e+00 9.790151119232177734e-01
3.932724475860595703e+00 1.680302977561950684e+00 9.823897480964660645e-01
3.863875627517700195e+00 1.691938281059265137e+00 9.820421338081359863e-01
3.785772085189819336e+00 1.705109119415283203e+00 9.789162874221801758e-01
3.711322307586669922e+00 1.717634201049804688e+00 9.729824662208557129e-01
3.683662652969360352e+00 1.722277522087097168e+00 9.697283506393432617e-01
3.595627069473266602e+00 1.737044692039489746e+00 9.581237435340881348e-01
3.531289339065551758e+00 1.747810602188110352e+00 9.467287659645080566e-01
3.442427873611450195e+00 1.762655138969421387e+00 9.280152916908264160e-01
3.395404100418090820e+00 1.770492792129516602e+00 9.159104824066162109e-01
3.344888448715209961e+00 1.778902888298034668e+00 9.016334414482116699e-01
3.242207765579223633e+00 1.795977473258972168e+00 8.697980642318725586e-01
3.176438093185424805e+00 1.806888461112976074e+00 8.456726074218750000e-01
3.153171777725219727e+00 1.810742855072021484e+00 8.362655639648437500e-01
3.050570964813232422e+00 1.827731728553771973e+00 7.933928370475769043e-01
2.987148046493530273e+00 1.838211417198181152e+00 7.630313634872436523e-01
2.936176300048828125e+00 1.846623539924621582e+00 7.366315126419067383e-01
2.878978967666625977e+00 1.856054425239562988e+00 7.051479220390319824e-01
2.830781459808349609e+00 1.863993525505065918e+00 6.768075227737426758e-01
2.767639398574829102e+00 1.874386191368103027e+00 6.376140713691711426e-01
2.703868627548217773e+00 1.884871959686279297e+00 5.952026844024658203e-01
2.652251958847045898e+00 1.893351435661315918e+00 5.584586262702941895e-01
2.562499046325683594e+00 1.908085703849792480e+00 4.910085201263427734e-01
2.534992456436157227e+00 1.912596344947814941e+00 4.683402180671691895e-01
2.474946022033691406e+00 1.922440290451049805e+00 4.174330830574035645e-01
2.415001630783081055e+00 1.932262063026428223e+00 3.633991181850433350e-01
2.335835456848144531e+00 1.945227861404418945e+00 2.875355780124664307e-01
2.306374073028564453e+00 1.950051307678222656e+00 2.569229602813720703e-01
2.250165224075317383e+00 1.959253549575805664e+00 1.966938376426696777e-01
2.165982007980346680e+00 1.973035812377929688e+00 1.010165661573410034e-01
2.141804933547973633e+00 1.976995110511779785e+00 7.096271961927413940e-02
2.075616359710693359e+00 1.987836360931396484e+00 -1.354683190584182739e-02
2.004360198974609375e+00 2.001407623291015625e+00 6.306477636098861694e-02
1.986613035202026367e+00 2.004763841629028320e+00 8.071707189083099365e-02
1.903296232223510742e+00 2.020493984222412109e+00 1.620411872863769531e-01
1.835614442825317383e+00 2.033178806304931641e+00 2.224794328212738037e-01
1.758029818534851074e+00 2.047641038894653320e+00 2.869936823844909668e-01
1.679745316505432129e+00 2.062150478363037109e+00 3.469801545143127441e-01
1.661615490913391113e+00 2.065492868423461914e+00 3.597657978534698486e-01
1.573586821556091309e+00 2.081702947616577148e+00 4.206667244434356689e-01
1.499927997589111328e+00 2.095193386077880859e+00 4.669898748397827148e-01
1.397082448005676270e+00 2.113949775695800781e+00 5.265930294990539551e-01
1.335640430450439453e+00 2.125093460083007812e+00 5.582053065299987793e-01
1.250850915908813477e+00 2.140424489974975586e+00 5.987170934677124023e-01
1.223511576652526855e+00 2.145347833633422852e+00 6.104470491409301758e-01
1.154409766197204590e+00 2.157776594161987305e+00 6.390457749366760254e-01
1.019892930984497070e+00 2.181897163391113281e+00 6.896529197692871094e-01
9.816617369651794434e-01 2.188713788986206055e+00 7.013425230979919434e-01
8.829231262207031250e-01 2.206292390823364258e+00 7.296327352523803711e-01
8.353165984153747559e-01 2.214735984802246094e+00 7.409517168998718262e-01
7.304844260215759277e-01 2.233297109603881836e+00 7.634711861610412598e-01
6.253260970115661621e-01 2.251847028732299805e+00 7.808369398117065430e-01
5.598738789558410645e-01 2.263351917266845703e+00 7.884568572044372559e-01
4.949281811714172363e-01 2.274744033813476562e+00 7.940777540206909180e-01
3.829799592494964600e-01 2.294341087341308594e+00 8.004754781723022461e-01
3.531371355056762695e-01 2.299547672271728516e+00 8.006805777549743652e-01
2.489938437938690186e-01 2.317701339721679688e+00 8.000063896179199219e-01
1.602433621883392334e-01 2.333126306533813477e+00 7.953063249588012695e-01
1.148579865694046021e-01 2.340995311737060547e+00 7.911030650138854980e-01
3.259912878274917603e-02 2.355240583419799805e+00 7.818096876144409180e-01
-8.851908147335052490e-02 2.376171112060546875e+00 7.636369466781616211e-01
-1.723952293395996094e-01 2.390622138977050781e+00 7.464277744293212891e-01
-2.748747766017913818e-01 2.408243656158447266e+00 7.214187383651733398e-01
-3.123597204685211182e-01 2.414674282073974609e+00 7.104578614234924316e-01
-3.950928449630737305e-01 2.428855657577514648e+00 6.847707629203796387e-01
-4.911706745624542236e-01 2.445295333862304688e+00 6.510527729988098145e-01
-5.798796415328979492e-01 2.460444211959838867e+00 6.156351566314697266e-01
-6.445422172546386719e-01 2.471467494964599609e+00 5.868319272994995117e-01
-7.285958528518676758e-01 2.485779523849487305e+00 5.464622974395751953e-01
-7.802682518959045410e-01 2.494564771652221680e+00 5.192258358001708984e-01
-8.877751827239990234e-01 2.512827396392822266e+00 4.593437016010284424e-01
-9.441516995429992676e-01 2.522387981414794922e+00 4.242954254150390625e-01
-1.028692603111267090e+00 2.536713123321533203e+00 3.687016367912292480e-01
-1.106303215026855469e+00 2.549849033355712891e+00 3.132939636707305908e-01
-1.140593409538269043e+00 2.555647611618041992e+00 2.869272232055664062e-01
-1.243736743927001953e+00 2.573083162307739258e+00 2.049740254878997803e-01
-1.332878828048706055e+00 2.588137388229370117e+00 1.269266903400421143e-01
-1.354802012443542480e+00 2.591837644577026367e+00 1.060437783598899841e-01
-1.421786427497863770e+00 2.603142499923706055e+00 4.087282717227935791e-02
-1.491394639015197754e+00 2.614887952804565430e+00 -3.137146681547164917e-02
-1.561860203742980957e+00 2.627679586410522461e+00 3.467145562171936035e-02
-1.687894582748413086e+00 2.650491952896118164e+00 1.445521116256713867e-01
-1.772166490554809570e+00 2.665673255920410156e+00 2.091477960348129272e-01
-1.829228162765502930e+00 2.675923824310302734e+00 2.493191510438919067e-01
-1.937126159667968750e+00 2.695272445678710938e+00 3.210184872150421143e-01
-1.991309642791748047e+00 2.704958438873291016e+00 3.532196879386901855e-01
-2.095485210418701172e+00 2.723554372787475586e+00 4.117026925086975098e-01
-2.189807415008544922e+00 2.740347623825073242e+00 4.589674770832061768e-01
-2.266116380691528320e+00 2.753904104232788086e+00 4.932933151721954346e-01
-2.382286787033081055e+00 2.774508476257324219e+00 5.409591794013977051e-01
-2.498604774475097656e+00 2.795091152191162109e+00 5.819893479347229004e-01
-2.604882717132568359e+00 2.813857078552246094e+00 6.136507987976074219e-01
-2.653637647628784180e+00 2.822450637817382812e+00 6.258315443992614746e-01
-2.803238868713378906e+00 2.848799705505371094e+00 6.599948406219482422e-01
-2.880599737167358398e+00 2.862395524978637695e+00 6.726799607276916504e-01
-2.980470657348632812e+00 2.879929780960083008e+00 6.858208775520324707e-01
-3.044098615646362305e+00 2.891087532043457031e+00 6.915713548660278320e-01
-3.195616960525512695e+00 2.917639255523681641e+00 7.013331651687622070e-01
-3.266035795211791992e+00 2.929960489273071289e+00 7.015630602836608887e-01
-3.379909276962280273e+00 2.949873447418212891e+00 6.987172961235046387e-01
-3.460392236709594727e+00 2.963935375213623047e+00 6.930341124534606934e-01
-3.571933984756469727e+00 2.983414411544799805e+00 6.815497279167175293e-01
-3.708521604537963867e+00 3.007253885269165039e+00 6.613295674324035645e-01
-3.811533212661743164e+00 3.025224447250366211e+00 6.403229832649230957e-01
-3.902003049850463867e+00 3.041004419326782227e+00 6.179831027984619141e-01
-4.018888473510742188e+00 3.061391830444335938e+00 5.846133232116699219e-01
-4.140095710754394531e+00 3.082536697387695312e+00 5.438223481178283691e-01
-4.173682212829589844e+00 3.088398456573486328e+00 5.306774377822875977e-01
-4.287987232208251953e+00 3.108352184295654297e+00 4.841446578502655029e-01
-4.394340515136718750e+00 3.126932382583618164e+00 4.350320100784301758e-01
-4.514067649841308594e+00 3.147870779037475586e+00 3.733454644680023193e-01
-4.616852760314941406e+00 3.165874004364013672e+00 3.138533830642700195e-01
-4.702699184417724609e+00 3.180936098098754883e+00 2.591626048088073730e-01
-4.805914402008056641e+00 3.199077844619750977e+00 1.880550682544708252e-01
-4.878112792968750000e+00 3.211800098419189453e+00 1.335079669952392578e-01
-4.991753578186035156e+00 3.231868743896484375e+00 4.194352775812149048e-02
-5.027942180633544922e+00 3.238285064697265625e+00 9.698193520307540894e-03
-5.174021720886230469e+00 3.264298200607299805e+00 1.377095580101013184e-01
-5.232277393341064453e+00 3.274703979492187500e+00 1.818353831768035889e-01
-5.358857154846191406e+00 3.297337770462036133e+00 2.724348306655883789e-01
-5.457873344421386719e+00 3.315081119537353516e+00 3.350002169609069824e-01
-5.625744819641113281e+00 3.345209836959838867e+00 4.310965538024902344e-01
-5.710873126983642578e+00 3.360526323318481445e+00 4.719842076301574707e-01
-5.824095726013183594e+00 3.380922794342041016e+00 5.215166211128234863e-01
-6.021019458770751953e+00 3.416455745697021484e+00 5.970048308372497559e-01
-6.071300029754638672e+00 3.425554275512695312e+00 6.118502616882324219e-01
-6.262040615081787109e+00 3.460095882415771484e+00 6.641070842742919922e-01
-6.437816143035888672e+00 3.492020368576049805e+00 6.985357403755187988e-01
-6.561103820800781250e+00 3.514476776123046875e+00 7.142239809036254883e-01
-6.679724216461181641e+00 3.536130905151367188e+00 7.237669825553894043e-01
-6.763765811920166016e+00 3.551507472991943359e+00 7.268000245094299316e-01
-6.981045246124267578e+00 3.591331005096435547e+00 7.278661727905273438e-01
-7.070793628692626953e+00 3.607857465744018555e+00 7.211221456527709961e-01
-7.191468715667724609e+00 3.630128145217895508e+00 7.080435156822204590e-01
-7.426520347595214844e+00 3.673644781112670898e+00 6.719937920570373535e-01
-7.466389656066894531e+00 3.681075811386108398e+00 6.623270511627197266e-01
-7.676148891448974609e+00 3.720223665237426758e+00 6.081918478012084961e-01
-7.774027824401855469e+00 3.738625049591064453e+00 5.747269392013549805e-01
-7.964315414428710938e+00 3.774541854858398438e+00 5.018335580825805664e-01
-8.066946983337402344e+00 3.794078588485717773e+00 4.539307951927185059e-01
-8.235535621643066406e+00 3.826342821121215820e+00 3.670846819877624512e-01
-8.329762458801269531e+00 3.844552755355834961e+00 3.105747997760772705e-01
-8.432874679565429688e+00 3.864607334136962891e+00 2.434294223785400391e-01
-8.619504928588867188e+00 3.901187181472778320e+00 1.106756031513214111e-01
-8.689932823181152344e+00 3.915213584899902344e+00 5.212161689996719360e-02
-8.842047691345214844e+00 3.945732116699218750e+00 -8.220147341489791870e-02
-8.999897956848144531e+00 3.976171731948852539e+00 3.589327633380889893e-02
-9.130820274353027344e+00 4.001687049865722656e+00 1.202404797077178955e-01
-9.296813011169433594e+00 4.034290313720703125e+00 2.146122157573699951e-01
-9.448784828186035156e+00 4.064410686492919922e+00 2.878639698028564453e-01
-9.676506996154785156e+00 4.109893321990966797e+00 3.812695741653442383e-01
-9.874253273010253906e+00 4.149821281433105469e+00 4.429149627685546875e-01
-1.002146244049072266e+01 4.179818153381347656e+00 4.772405028343200684e-01
-1.031737327575683594e+01 4.240528106689453125e+00 5.298045873641967773e-01
-1.044839668273925781e+01 4.267777442932128906e+00 5.390897393226623535e-01
-1.072870159149169922e+01 4.326445579528808594e+00 5.460764169692993164e-01
-1.098049545288085938e+01 4.379886150360107422e+00 5.279055833816528320e-01
-1.119412803649902344e+01 4.425849437713623047e+00 4.937372803688049316e-01
-1.138263416290283203e+01 4.466927051544189453e+00 4.491658210754394531e-01
-1.159005832672119141e+01 4.512691020965576172e+00 3.855562210083007812e-01
-1.178650569915771484e+01 4.556691169738769531e+00 3.093326091766357422e-01
-1.196983242034912109e+01 4.598419666290283203e+00 2.230412065982818604e-01
-1.208509540557861328e+01 4.625108242034912109e+00 1.591115295886993408e-01
-1.226465320587158203e+01 4.667195320129394531e+00 4.919092357158660889e-02
-1.251765060424804688e+01 4.727763175964355469e+00 -1.303752511739730835e-01
-1.284944152832031250e+01 4.809195518493652344e+00 4.960040748119354248e-02
-1.311014938354492188e+01 4.874957561492919922e+00 1.474671363830566406e-01
-1.361550045013427734e+01 5.004899978637695312e+00 2.806408107280731201e-01
-1.378166770935058594e+01 5.049119949340820312e+00 2.925615906715393066e-01
-1.416091060638427734e+01 5.151249885559082031e+00 2.971778213977813721e-01
-1.473369026184082031e+01 5.309816837310791016e+00 2.274512946605682373e-01
-1.500527858734130859e+01 5.388556957244873047e+00 1.379134207963943481e-01
-1.523625087738037109e+01 5.457397460937500000e+00 3.614664822816848755e-02
-1.564173603057861328e+01 5.581607818603515625e+00 -1.850044727325439453e-01
-1.686555480957031250e+01 6.014926910400390625e+00 1.088599860668182373e-01
-1.776368904113769531e+01 6.360970497131347656e+00 -7.999520003795623779e-02
-1.895980072021484375e+01 6.861452579498291016e+00 -7.638757228851318359e-01
-4.001870727539062500e+01 1.896355056762695312e+01 -1.000411891937255859e+01
-2.606409218750000000e+05 2.063872656250000000e+05 -3.327283125000000000e+05
-8.984870407788489081e+22 9.471856344855091977e+22 -4.256759583594132799e+22
nan nan nan
nan nan nan
nan nan nan
nan nan nan
nan nan nan
nan nan nan
nan nan nan
nan nan nan
nan nan nan
nan nan nan
nan nan nan
nan nan nan
nan nan nan
nan nan nan
nan nan nan
nan nan nan
nan nan nan
nan nan nan
nan nan nan
nan nan nan
nan nan nan
nan nan nan
nan nan nan
nan nan nan
nan nan nan
nan nan nan
nan nan nan
nan nan nan
nan nan nan
nan nan nan
nan nan nan
nan nan nan
nan nan nan
nan nan nan
nan nan nan
nan nan nan
nan nan nan
nan nan nan
nan nan nan
nan nan nan
nan nan nan
nan nan nan
nan nan nan
nan nan nan
nan nan nan
nan nan nan
nan nan nan
nan nan nan
nan nan nan
nan nan nan
nan nan nan
nan nan nan
nan nan nan
nan nan nan
nan nan nan
nan nan nan
nan nan nan
