2.330019378662109375e+01 -2.144448757171630859e-01 2.420548498630523682e-01
2.310649490356445312e+01 -1.974247694015502930e-01 3.664912879467010498e-01
2.297130966186523438e+01 -1.856137216091156006e-01 4.526031613349914551e-01
2.273577117919921875e+01 -1.651122272014617920e-01 6.017059087753295898e-01
2.258954429626464844e+01 -1.524656713008880615e-01 6.932164430618286133e-01
2.250617408752441406e+01 -1.452817618846893311e-01 7.449971437454223633e-01
2.232803535461425781e+01 -1.299622654914855957e-01 8.551433682441711426e-01
2.211817550659179688e+01 -1.119898706674575806e-01 9.836213588714599609e-01
2.201372528076171875e+01 -1.030858010053634644e-01 1.046779632568359375e+00
2.182427215576171875e+01 -8.696906268596649170e-02 1.160596013069152832e+00
2.170800018310546875e+01 -7.711362838745117188e-02 1.229595661163330078e+00
2.150601768493652344e+01 -6.002750620245933533e-02 1.348515033721923828e+00
2.143042373657226562e+01 -5.365391820669174194e-02 1.392385840415954590e+00
2.120937728881835938e+01 -3.503650799393653870e-02 1.519949913024902344e+00
2.111033058166503906e+01 -2.671940810978412628e-02 1.576135396957397461e+00
2.095563507080078125e+01 -1.374366134405136108e-02 1.663180470466613770e+00
2.081280326843261719e+01 -1.781996339559555054e-03 1.742499351501464844e+00
2.070688056945800781e+01 7.077790796756744385e-03 1.800577640533447266e+00
2.048913192749023438e+01 2.527767606079578400e-02 1.918805003166198730e+00
2.045599746704101562e+01 2.804356627166271210e-02 1.936418175697326660e+00
2.028305053710937500e+01 4.247863590717315674e-02 2.028041839599609375e+00
2.017746734619140625e+01 5.128650367259979248e-02 2.082973003387451172e+00
2.002354049682617188e+01 6.412582844495773315e-02 2.162133693695068359e+00
1.992163085937500000e+01 7.262652367353439331e-02 2.213628768920898438e+00
1.976688003540039062e+01 8.553744852542877197e-02 2.290879011154174805e+00
1.966018486022949219e+01 9.444344043731689453e-02 2.343124151229858398e+00
1.950053596496582031e+01 1.077765598893165588e-01 2.420220375061035156e+00
1.943120384216308594e+01 1.135726794600486755e-01 2.452981948852539062e+00
1.926177406311035156e+01 1.277449429035186768e-01 2.532259464263916016e+00
1.916354370117187500e+01 1.359742879867553711e-01 2.577086925506591797e+00
1.904125785827636719e+01 1.462301462888717651e-01 2.632049083709716797e+00
1.892080116271972656e+01 1.563478857278823853e-01 2.685132503509521484e+00
1.877706909179687500e+01 1.684408187866210938e-01 2.747200250625610352e+00
1.865286445617675781e+01 1.789140552282333374e-01 2.799488782882690430e+00
1.857820510864257812e+01 1.852229237556457520e-01 2.830200433731079102e+00
1.841202926635742188e+01 1.992846578359603882e-01 2.897576570510864258e+00
1.831682014465332031e+01 2.073676586151123047e-01 2.934899091720581055e+00
1.823676490783691406e+01 2.141780704259872437e-01 2.965647459030151367e+00
1.815415191650390625e+01 2.212189733982086182e-01 2.996819496154785156e+00
1.800545883178710938e+01 2.339166849851608276e-01 3.051871061325073242e+00
1.789367866516113281e+01 2.434975802898406982e-01 3.091797590255737305e+00
1.782802581787109375e+01 2.491417080163955688e-01 3.114588022232055664e+00
1.766203689575195312e+01 2.634376585483551025e-01 3.171209573745727539e+00
1.759706306457519531e+01 2.690604925155639648e-01 3.192364454269409180e+00
1.751251792907714844e+01 2.763916254043579102e-01 3.219365835189819336e+00
1.737948608398437500e+01 2.879579663276672363e-01 3.260761499404907227e+00
1.728581428527832031e+01 2.961375117301940918e-01 3.288675546646118164e+00
1.716729164123535156e+01 3.065199553966522217e-01 3.322871685028076172e+00
1.710490608215332031e+01 3.120076060295104980e-01 3.340108156204223633e+00
1.701757240295410156e+01 3.197071552276611328e-01 3.363665580749511719e+00
1.688314056396484375e+01 3.315972089767456055e-01 3.398677587509155273e+00
1.681049156188964844e+01 3.380555510520935059e-01 3.416537761688232422e+00
1.671369361877441406e+01 3.466853201389312744e-01 3.439556121826171875e+00
1.657750892639160156e+01 3.588732481002807617e-01 3.470457315444946289e+00
1.651430702209472656e+01 3.645611107349395752e-01 3.483809471130371094e+00
1.637587547302246094e+01 3.770520985126495361e-01 3.512029647827148438e+00
1.630663108825683594e+01 3.833370506763458252e-01 3.525002956390380859e+00
1.620680999755859375e+01 3.924243450164794922e-01 3.542864322662353516e+00
1.613576507568359375e+01 3.989201784133911133e-01 3.554700851440429688e+00
1.605123519897460938e+01 4.066734015941619873e-01 3.568031072616577148e+00
1.596490001678466797e+01 4.146220684051513672e-01 3.580717563629150391e+00
1.583502578735351562e+01 4.266257584095001221e-01 3.598353147506713867e+00
1.574688243865966797e+01 4.348205029964447021e-01 3.608814001083374023e+00
1.567199325561523438e+01 4.418108761310577393e-01 3.616814374923706055e+00
1.556346416473388672e+01 4.519757628440856934e-01 3.627299547195434570e+00
1.547451305389404297e+01 4.603481590747833252e-01 3.634554147720336914e+00
1.541266536712646484e+01 4.661928117275238037e-01 3.638821125030517578e+00
1.531188869476318359e+01 4.757426083087921143e-01 3.644881010055541992e+00
1.520837593078613281e+01 4.855955839157104492e-01 3.649589538574218750e+00
1.517975807189941406e+01 4.883319735527038574e-01 3.650452852249145508e+00
1.509966468811035156e+01 4.959995746612548828e-01 3.652525186538696289e+00
1.498448276519775391e+01 5.070638656616210938e-01 3.654109716415405273e+00
1.491052246093750000e+01 5.142025351524353027e-01 3.653815507888793945e+00
1.484377861022949219e+01 5.206636786460876465e-01 3.652776718139648438e+00
1.475719547271728516e+01 5.290671586990356445e-01 3.650512456893920898e+00
1.466823863983154297e+01 5.377292633056640625e-01 3.646947622299194336e+00
1.459723472595214844e+01 5.446655750274658203e-01 3.643070697784423828e+00
1.450224971771240234e+01 5.539674162864685059e-01 3.636766672134399414e+00
1.443402099609375000e+01 5.606700778007507324e-01 3.631149053573608398e+00
1.432297992706298828e+01 5.716018676757812500e-01 3.620713949203491211e+00
1.423939514160156250e+01 5.798578262329101562e-01 3.611250877380371094e+00
1.415604496002197266e+01 5.881093740463256836e-01 3.600586414337158203e+00
1.407224845886230469e+01 5.964225530624389648e-01 3.588615655899047852e+00
1.404838466644287109e+01 5.987945795059204102e-01 3.584843635559082031e+00
1.396049594879150391e+01 6.075351238250732422e-01 3.570567369461059570e+00
1.384480571746826172e+01 6.190615296363830566e-01 3.549894094467163086e+00
1.381641292572021484e+01 6.218964457511901855e-01 3.544202089309692383e+00
1.370228672027587891e+01 6.332966685295104980e-01 3.520704269409179688e+00
1.365635490417480469e+01 6.378928422927856445e-01 3.510235309600830078e+00
1.356223583221435547e+01 6.473162770271301270e-01 3.487936973571777344e+00
1.346114635467529297e+01 6.574485301971435547e-01 3.462101936340332031e+00
1.340608596801757812e+01 6.629725098609924316e-01 3.446908235549926758e+00
1.334936809539794922e+01 6.686649918556213379e-01 3.430619239807128906e+00
1.325797367095947266e+01 6.778409481048583984e-01 3.403301239013671875e+00
1.322519016265869141e+01 6.811338067054748535e-01 3.392875671386718750e+00
1.309894657135009766e+01 6.938154101371765137e-01 3.351853609085083008e+00
1.306220912933349609e+01 6.975068449974060059e-01 3.338921785354614258e+00
1.295525360107421875e+01 7.082538604736328125e-01 3.300417661666870117e+00
1.290202903747558594e+01 7.136014699935913086e-01 3.280002117156982422e+00
1.285385131835937500e+01 7.184413075447082520e-01 3.260949134826660156e+00
1.276598548889160156e+01 7.272665500640869141e-01 3.225245475769042969e+00
1.270988941192626953e+01 7.328986525535583496e-01 3.201324939727783203e+00
1.262677764892578125e+01 7.412403821945190430e-01 3.164805173873901367e+00
1.255056476593017578e+01 7.488853335380554199e-01 3.129831314086914062e+00
1.250016498565673828e+01 7.539379000663757324e-01 3.105788469314575195e+00
1.244616985321044922e+01 7.593483328819274902e-01 3.079375267028808594e+00
1.233848381042480469e+01 7.701330780982971191e-01 3.025282621383666992e+00
1.230224418640136719e+01 7.737582921981811523e-01 3.006114721298217773e+00
1.224857902526855469e+01 7.791243195533752441e-01 2.977242946624755859e+00
1.215326595306396484e+01 7.886483073234558105e-01 2.924672365188598633e+00
1.209243202209472656e+01 7.947193384170532227e-01 2.889632463455200195e+00
1.201929855346679688e+01 8.020114302635192871e-01 2.846349716186523438e+00
1.199683189392089844e+01 8.042491078376770020e-01 2.832619667053222656e+00
1.191493415832519531e+01 8.124032020568847656e-01 2.782079219818115234e+00
1.185292148590087891e+01 8.185693025588989258e-01 2.742443084716796875e+00
1.175891590118408203e+01 8.279067277908325195e-01 2.680765390396118164e+00
1.172497177124023438e+01 8.312727808952331543e-01 2.657608270645141602e+00
1.165367794036865234e+01 8.383381366729736328e-01 2.608290433883666992e+00
1.161761569976806641e+01 8.419071435928344727e-01 2.582612991333007812e+00
1.151623058319091797e+01 8.519340753555297852e-01 2.509371280670166016e+00
1.148897171020507812e+01 8.546245694160461426e-01 2.488872289657592773e+00
1.139073467254638672e+01 8.643152713775634766e-01 2.414203643798828125e+00
1.133751869201660156e+01 8.695540428161621094e-01 2.372185945510864258e+00
1.128618335723876953e+01 8.746019005775451660e-01 2.330819368362426758e+00
1.121741199493408203e+01 8.813567161560058594e-01 2.274312257766723633e+00
1.115623378753662109e+01 8.873565196990966797e-01 2.222727537155151367e+00
1.109941387176513672e+01 8.929212689399719238e-01 2.173712730407714844e+00
1.104529762268066406e+01 8.982142210006713867e-01 2.126040697097778320e+00
1.097713947296142578e+01 9.048721790313720703e-01 2.064795494079589844e+00
1.094064331054687500e+01 9.084315896034240723e-01 2.031177282333374023e+00
1.087681579589843750e+01 9.146511554718017578e-01 1.971603035926818848e+00
1.080165004730224609e+01 9.219643473625183105e-01 1.899818539619445801e+00
1.077214717864990234e+01 9.248295426368713379e-01 1.870878100395202637e+00
1.069902038574218750e+01 9.319262504577636719e-01 1.798390984535217285e+00
1.065933036804199219e+01 9.357711076736450195e-01 1.758021116256713867e+00
1.060048866271972656e+01 9.414656758308410645e-01 1.697332859039306641e+00
1.055137538909912109e+01 9.462118148803710938e-01 1.645628094673156738e+00
1.050471496582031250e+01 9.507154226303100586e-01 1.595660686492919922e+00
1.041483306884765625e+01 9.593805074691772461e-01 1.497844696044921875e+00
1.038366127014160156e+01 9.623788595199584961e-01 1.462857007980346680e+00
1.033732604980468750e+01 9.668322801589965820e-01 1.410292148590087891e+00
1.026859188079833984e+01 9.734309911727905273e-01 1.331073880195617676e+00
1.023843479156494141e+01 9.763212203979492188e-01 1.295495271682739258e+00
1.016784000396728516e+01 9.830818772315979004e-01 1.211354970932006836e+00
1.011458969116210938e+01 9.881725907325744629e-01 1.146356105804443359e+00
1.007854366302490234e+01 9.916140437126159668e-01 1.101562261581420898e+00
9.995914459228515625e+00 9.994959831237792969e-01 9.976296424865722656e-01
9.959939956665039062e+00 1.002920627593994141e+00 9.511114358901977539e-01
9.924443244934082031e+00 1.006296992301940918e+00 9.046556353569030762e-01
9.849668502807617188e+00 1.013403296470642090e+00 8.056299090385437012e-01
9.820855140686035156e+00 1.016136765480041504e+00 7.665101289749145508e-01
9.754663467407226562e+00 1.022412061691284180e+00 6.757784485816955566e-01
9.709630966186523438e+00 1.026674866676330566e+00 6.126784682273864746e-01
9.679136276245117188e+00 1.029558658599853516e+00 5.693063735961914062e-01
9.633197784423828125e+00 1.033900022506713867e+00 5.033056139945983887e-01
9.565366744995117188e+00 1.040303826332092285e+00 4.043578505516052246e-01
9.515430450439453125e+00 1.045011401176452637e+00 3.298609852790832520e-01
9.488451004028320312e+00 1.047552108764648438e+00 2.889423668384552002e-01
9.439834594726562500e+00 1.052128076553344727e+00 2.145458757877349854e-01
9.397721290588378906e+00 1.056088089942932129e+00 1.490565985441207886e-01
9.348217010498046875e+00 1.060739398002624512e+00 7.099390029907226562e-02
9.285559654235839844e+00 1.066621184349060059e+00 -2.944212406873703003e-02
9.258700370788574219e+00 1.071660280227661133e+00 1.798629388213157654e-02
9.216368675231933594e+00 1.079541683197021484e+00 8.996707201004028320e-02
9.167031288146972656e+00 1.088625669479370117e+00 1.691333651542663574e-01
9.129884719848632812e+00 1.095385789871215820e+00 2.249747812747955322e-01
9.072495460510253906e+00 1.105748176574707031e+00 3.072586655616760254e-01
9.038172721862792969e+00 1.111877322196960449e+00 3.530666828155517578e-01
9.009167671203613281e+00 1.117026329040527344e+00 3.902036249637603760e-01
8.954841613769531250e+00 1.126625418663024902e+00 4.573952555656433105e-01
8.913243293762207031e+00 1.133915543556213379e+00 5.056325197219848633e-01
8.866291046142578125e+00 1.142097234725952148e+00 5.574962496757507324e-01
8.818614959716796875e+00 1.150355815887451172e+00 6.073637604713439941e-01
8.763805389404296875e+00 1.159797430038452148e+00 6.616146564483642578e-01
8.725724220275878906e+00 1.166319012641906738e+00 6.969865560531616211e-01
8.671024322509765625e+00 1.175651550292968750e+00 7.455998063087463379e-01
8.602196693420410156e+00 1.187335371971130371e+00 8.029719591140747070e-01
8.545424461364746094e+00 1.196916580200195312e+00 8.465692996978759766e-01
8.527137756347656250e+00 1.199989199638366699e+00 8.596779704093933105e-01
8.471755981445312500e+00 1.209282755851745605e+00 8.985015749931335449e-01
8.386008262634277344e+00 1.223616480827331543e+00 9.545866847038269043e-01
8.359646797180175781e+00 1.227998852729797363e+00 9.699997305870056152e-01
8.301188468933105469e+00 1.237702369689941406e+00 1.002989292144775391e+00
8.245388984680175781e+00 1.246934294700622559e+00 1.032011985778808594e+00
8.166846275329589844e+00 1.259891748428344727e+00 1.069658994674682617e+00
8.142380714416503906e+00 1.263912677764892578e+00 1.080025434494018555e+00
8.057322502136230469e+00 1.277876973152160645e+00 1.114636540412902832e+00
8.016313552856445312e+00 1.284585595130920410e+00 1.128970861434936523e+00
7.945169925689697266e+00 1.296205878257751465e+00 1.151926994323730469e+00
7.892306327819824219e+00 1.304818749427795410e+00 1.166563510894775391e+00
7.832791805267333984e+00 1.314498782157897949e+00 1.181058049201965332e+00
7.803531169891357422e+00 1.319249749183654785e+00 1.187102913856506348e+00
7.736712932586669922e+00 1.330090165138244629e+00 1.199707508087158203e+00
7.682370185852050781e+00 1.338891506195068359e+00 1.207750320434570312e+00
7.628855705261230469e+00 1.347547888755798340e+00 1.213922023773193359e+00
7.546533107757568359e+00 1.360849380493164062e+00 1.220788121223449707e+00
7.485414028167724609e+00 1.370709538459777832e+00 1.222905278205871582e+00
7.452681541442871094e+00 1.375985026359558105e+00 1.222860455513000488e+00
7.364712238311767578e+00 1.390156507492065430e+00 1.221046090126037598e+00
7.328622341156005859e+00 1.395964026451110840e+00 1.218434810638427734e+00
7.265787601470947266e+00 1.406071662902832031e+00 1.212551355361938477e+00
7.178422451019287109e+00 1.420117735862731934e+00 1.201124906539916992e+00
7.157378673553466797e+00 1.423499226570129395e+00 1.197277784347534180e+00
7.102432250976562500e+00 1.432327508926391602e+00 1.186537384986877441e+00
7.037224769592285156e+00 1.442802906036376953e+00 1.171624422073364258e+00
6.948486328125000000e+00 1.457057595252990723e+00 1.147789120674133301e+00
6.928223609924316406e+00 1.460312962532043457e+00 1.141226768493652344e+00
6.847859382629394531e+00 1.473224997520446777e+00 1.114165544509887695e+00
6.782659530639648438e+00 1.483705282211303711e+00 1.088841676712036133e+00
6.720066547393798828e+00 1.493772268295288086e+00 1.061833024024963379e+00
6.683732986450195312e+00 1.499620199203491211e+00 1.044611334800720215e+00
6.628624916076660156e+00 1.508494734764099121e+00 1.017096400260925293e+00
6.556614398956298828e+00 1.520101666450500488e+00 9.783204793930053711e-01
6.529415130615234375e+00 1.524491906166076660e+00 9.622355699539184570e-01
6.463124275207519531e+00 1.535198688507080078e+00 9.216613769531250000e-01
6.401554107666015625e+00 1.545159697532653809e+00 8.807940483093261719e-01
6.345590114593505859e+00 1.554230093955993652e+00 8.408387899398803711e-01
6.317696571350097656e+00 1.558759450912475586e+00 8.195930719375610352e-01
6.233909130096435547e+00 1.572379350662231445e+00 7.537029981613159180e-01
6.184815883636474609e+00 1.580386877059936523e+00 7.113059759140014648e-01
6.154578208923339844e+00 1.585330486297607422e+00 6.837288737297058105e-01
6.098317623138427734e+00 1.594542980194091797e+00 6.306666135787963867e-01
6.052958011627197266e+00 1.601993680000305176e+00 5.851470828056335449e-01
5.981774806976318359e+00 1.613718867301940918e+00 5.100333690643310547e-01
5.949788570404052734e+00 1.619012951850891113e+00 4.735108613967895508e-01
5.915141582489013672e+00 1.624761581420898438e+00 4.324921369552612305e-01
5.852374076843261719e+00 1.635205626487731934e+00 3.551833033561706543e-01
5.805555343627929688e+00 1.643039822578430176e+00 2.931885719299316406e-01
5.765801906585693359e+00 1.649723529815673828e+00 2.375364303588867188e-01
5.745355129241943359e+00 1.653176665306091309e+00 2.074871361255645752e-01
5.697052001953125000e+00 1.661354780197143555e+00 1.346525549888610840e-01
5.654450416564941406e+00 1.668613433837890625e+00 6.632942706346511841e-02
5.619990825653076172e+00 1.674522042274475098e+00 7.840342819690704346e-03
5.560649394989013672e+00 1.686964154243469238e+00 8.822213113307952881e-02
5.516614437103271484e+00 1.696113348007202148e+00 1.437071412801742554e-01
5.476598739624023438e+00 1.704377055168151855e+00 1.915774494409561157e-01
5.398128986358642578e+00 1.720498919486999512e+00 2.812066674232482910e-01
5.353104591369628906e+00 1.729663610458374023e+00 3.282130956649780273e-01
5.315778732299804688e+00 1.737224817276000977e+00 3.652716279029846191e-01
5.219190120697021484e+00 1.756717562675476074e+00 4.572861194610595703e-01
5.174292087554931641e+00 1.765696883201599121e+00 4.956802725791931152e-01
5.142661094665527344e+00 1.771999120712280273e+00 5.214189291000366211e-01
5.044853210449218750e+00 1.791437745094299316e+00 5.982673764228820801e-01
5.006826400756835938e+00 1.798939824104309082e+00 6.250038146972656250e-01
4.954369544982910156e+00 1.809261679649353027e+00 6.603151559829711914e-01
4.901878833770751953e+00 1.819554686546325684e+00 6.935520768165588379e-01
4.804150581359863281e+00 1.838656067848205566e+00 7.516754269599914551e-01
4.728691101074218750e+00 1.853320717811584473e+00 7.913909554481506348e-01
4.704451560974121094e+00 1.858012318611145020e+00 8.029389977455139160e-01
4.627375602722167969e+00 1.872912049293518066e+00 8.384643793106079102e-01
4.570988178253173828e+00 1.883771061897277832e+00 8.617320656776428223e-01
4.486937522888183594e+00 1.899915099143981934e+00 8.935457468032836914e-01
4.403947353363037109e+00 1.915796041488647461e+00 9.208515286445617676e-01
4.376275062561035156e+00 1.921073198318481445e+00 9.286474585533142090e-01
4.299365520477294922e+00 1.935723781585693359e+00 9.491282701492309570e-01
4.238346576690673828e+00 1.947312951087951660e+00 9.627952575683593750e-01
4.166167736053466797e+00 1.960991144180297852e+00 9.765850901603698730e-01
4.102627277374267578e+00 1.973001837730407715e+00 9.862862229347229004e-01
4.005467414855957031e+00 1.991328239440917969e+00 9.978818297386169434e-01
3.968729734420776367e+00 1.998236060142517090e+00 1.000415682792663574e+00
3.860914468765258789e+00 2.018486022949218750e+00 1.005816459655761719e+00
3.823756456375122070e+00 2.025442838668823242e+00 1.005629539489746094e+00
3.746852874755859375e+00 2.039825916290283203e+00 1.003786683082580566e+00
3.672503232955932617e+00 2.053702116012573242e+00 9.990931749343872070e-01
3.600518226623535156e+00 2.067110776901245117e+00 9.918180704116821289e-01
3.542215347290039062e+00 2.077951192855834961e+00 9.837741851806640625e-01
3.454840183258056641e+00 2.094174385070800781e+00 9.690893888473510742e-01
3.362706661224365234e+00 2.111246347427368164e+00 9.494118094444274902e-01
3.317553520202636719e+00 2.119596004486083984e+00 9.375671744346618652e-01
3.272228717803955078e+00 2.127969503402709961e+00 9.245752692222595215e-01
3.184986352920532227e+00 2.144072055816650391e+00 8.974131941795349121e-01
3.114452362060546875e+00 2.157068014144897461e+00 8.720440268516540527e-01
3.053010702133178711e+00 2.168373823165893555e+00 8.474779129028320312e-01
2.984901666641235352e+00 2.180892705917358398e+00 8.178016543388366699e-01
2.923211812973022461e+00 2.192218780517578125e+00 7.884017229080200195e-01
2.816783428192138672e+00 2.211739301681518555e+00 7.336181402206420898e-01
2.773773908615112305e+00 2.219614982604980469e+00 7.085359692573547363e-01
2.708665847778320312e+00 2.231530427932739258e+00 6.686729788780212402e-01
2.650374174118041992e+00 2.242189407348632812e+00 6.303349137306213379e-01
2.577538490295410156e+00 2.255498647689819336e+00 5.793375968933105469e-01
2.524975299835205078e+00 2.265095949172973633e+00 5.396113395690917969e-01
2.450652837753295898e+00 2.278659582138061523e+00 4.802920818328857422e-01
2.419360876083374023e+00 2.284367084503173828e+00 4.533434510231018066e-01
2.362613916397094727e+00 2.294715642929077148e+00 4.028767943382263184e-01
2.279231548309326172e+00 2.309917688369750977e+00 3.242975473403930664e-01
2.214609622955322266e+00 2.321697473526000977e+00 2.579920887947082520e-01
2.162047863006591797e+00 2.331279754638671875e+00 2.003282904624938965e-01
2.119499921798706055e+00 2.339038133621215820e+00 1.509913802146911621e-01
2.083124399185180664e+00 2.345673084259033203e+00 1.068395897746086121e-01
2.025980949401855469e+00 2.356099605560302734e+00 3.466387093067169189e-02
1.964269042015075684e+00 2.367367744445800781e+00 -4.840269684791564941e-02
1.888899207115173340e+00 2.383239984512329102e+00 3.561811149120330811e-02
1.842822432518005371e+00 2.392870426177978516e+00 8.290871977806091309e-02
1.766058921813964844e+00 2.408847570419311523e+00 1.579203903675079346e-01
1.717906832695007324e+00 2.418804883956909180e+00 2.013013809919357300e-01
1.649900913238525391e+00 2.432815313339233398e+00 2.595702409744262695e-01
1.547966122627258301e+00 2.453711748123168945e+00 3.409262001514434814e-01
1.493443965911865234e+00 2.464812278747558594e+00 3.800071477890014648e-01
1.390608668327331543e+00 2.485679388046264648e+00 4.495884180068969727e-01
1.359793305397033691e+00 2.491895198822021484e+00 4.682329297065734863e-01
1.270135641098022461e+00 2.509950399398803711e+00 5.206689834594726562e-01
1.209161520004272461e+00 2.522172451019287109e+00 5.528650879859924316e-01
1.127247691154479980e+00 2.538543224334716797e+00 5.931106209754943848e-01
1.024203658103942871e+00 2.559058904647827148e+00 6.388481259346008301e-01
9.267818331718444824e-01 2.578367948532104492e+00 6.765363216400146484e-01
8.962182998657226562e-01 2.584401607513427734e+00 6.867874860763549805e-01
8.145909309387207031e-01 2.600496530532836914e+00 7.128877639770507812e-01
6.782315969467163086e-01 2.627300024032592773e+00 7.508834004402160645e-01
6.091527938842773438e-01 2.640811443328857422e+00 7.655397653579711914e-01
5.535759329795837402e-01 2.651656627655029297e+00 7.755171060562133789e-01
4.629935920238494873e-01 2.669300317764282227e+00 7.894331216812133789e-01
3.523518741130828857e-01 2.690788745880126953e+00 8.018206954002380371e-01
2.732174396514892578e-01 2.706105947494506836e+00 8.067128658294677734e-01
1.938548684120178223e-01 2.721431732177734375e+00 8.088030219078063965e-01
9.071606397628784180e-02 2.741304159164428711e+00 8.078677058219909668e-01
4.272627085447311401e-02 2.750524520874023438e+00 8.052302598953247070e-01
-3.617718815803527832e-02 2.765665292739868164e+00 7.992067337036132812e-01
-1.355014890432357788e-01 2.784685611724853516e+00 7.881245613098144531e-01
-1.936408281326293945e-01 2.795791387557983398e+00 7.790430784225463867e-01
-3.132727742195129395e-01 2.818611383438110352e+00 7.571992278099060059e-01
-3.887361884117126465e-01 2.832965373992919922e+00 7.392771244049072266e-01
-4.577049314975738525e-01 2.846061706542968750e+00 7.204589247703552246e-01
-5.921782255172729492e-01 2.871557950973510742e+00 6.793454289436340332e-01
-6.302247643470764160e-01 2.878750801086425781e+00 6.652143001556396484e-01
-7.473875880241394043e-01 2.900883913040161133e+00 6.194438338279724121e-01
-8.294919729232788086e-01 2.916357994079589844e+00 5.823930501937866211e-01
-8.677122592926025391e-01 2.923550128936767578e+00 5.634478330612182617e-01
-9.734302759170532227e-01 2.943430185317993164e+00 5.087855458259582520e-01
-1.055989861488342285e+00 2.958926439285278320e+00 4.610674679279327393e-01
-1.155685544013977051e+00 2.977613687515258789e+00 3.984271585941314697e-01
-1.220657110214233398e+00 2.989773273468017578e+00 3.534273207187652588e-01
-1.262438535690307617e+00 2.997585773468017578e+00 3.226238787174224854e-01
-1.360445499420166016e+00 3.015901565551757812e+00 2.474237382411956787e-01
-1.424824595451354980e+00 3.027918338775634766e+00 1.932579278945922852e-01
-1.489086627960205078e+00 3.039905309677124023e+00 1.358041465282440186e-01
-1.565131187438964844e+00 3.054081916809082031e+00 6.354733556509017944e-02
-1.664221048355102539e+00 3.072544813156127930e+00 -3.769941627979278564e-02
-1.731331348419189453e+00 3.085934162139892578e+00 2.257003262639045715e-02
-1.802563428878784180e+00 3.100111484527587891e+00 8.227911591529846191e-02
-1.907860159873962402e+00 3.121019363403320312e+00 1.643622815608978271e-01
-2.014157056808471680e+00 3.142058134078979492e+00 2.387619018554687500e-01
-2.102752447128295898e+00 3.159542322158813477e+00 2.943186759948730469e-01
-2.134306669235229492e+00 3.165755748748779297e+00 3.123412132263183594e-01
-2.246388196945190430e+00 3.187809944152832031e+00 3.742360472679138184e-01
-2.341695785522460938e+00 3.206516742706298828e+00 4.207057356834411621e-01
-2.459218263626098633e+00 3.229539394378662109e+00 4.719537198543548584e-01
-2.522616386413574219e+00 3.241931915283203125e+00 4.957887232303619385e-01
-2.691697835922241211e+00 3.274946451187133789e+00 5.541219711303710938e-01
-2.784191131591796875e+00 3.292958021163940430e+00 5.787032842636108398e-01
-2.833951234817504883e+00 3.302635431289672852e+00 5.898745059967041016e-01
-2.950681209564208984e+00 3.325322628021240234e+00 6.135450005531311035e-01
-3.048022747039794922e+00 3.344214439392089844e+00 6.284145116806030273e-01
-3.184350252151489258e+00 3.370644569396972656e+00 6.436792612075805664e-01
-3.328538417816162109e+00 3.398561477661132812e+00 6.517338752746582031e-01
-3.416239023208618164e+00 3.415521144866943359e+00 6.515049338340759277e-01
-3.522227764129638672e+00 3.436005353927612305e+00 6.474792361259460449e-01
-3.585315704345703125e+00 3.448190927505493164e+00 6.423875093460083008e-01
-3.767540931701660156e+00 3.483378648757934570e+00 6.230279207229614258e-01
-3.822309017181396484e+00 3.493947505950927734e+00 6.131483316421508789e-01
-3.985358715057373047e+00 3.525409936904907227e+00 5.800330638885498047e-01
-4.055157184600830078e+00 3.538877487182617188e+00 5.610730051994323730e-01
-4.169579982757568359e+00 3.560958385467529297e+00 5.265303850173950195e-01
-4.283111572265625000e+00 3.582875728607177734e+00 4.865016937255859375e-01
-4.362180709838867188e+00 3.598149538040161133e+00 4.545008242130279541e-01
-4.513043880462646484e+00 3.627309799194335938e+00 3.877502381801605225e-01
-4.626150608062744141e+00 3.649204492568969727e+00 3.292083740234375000e-01
-4.672791957855224609e+00 3.658247232437133789e+00 3.022543787956237793e-01
-4.750443458557128906e+00 3.673314332962036133e+00 2.553434371948242188e-01
-4.890848159790039062e+00 3.700598478317260742e+00 1.641738712787628174e-01
-4.992002487182617188e+00 3.720317840576171875e+00 8.966007828712463379e-02
-5.046053886413574219e+00 3.730885982513427734e+00 4.609429836273193359e-02
-5.183091640472412109e+00 3.757730245590209961e+00 -6.983662396669387817e-02
-5.262615680694580078e+00 3.773410081863403320e+00 -1.011713594198226929e-02
-5.442838191986083984e+00 3.809001445770263672e+00 1.149492040276527405e-01
-5.549681186676025391e+00 3.830170631408691406e+00 1.766907721757888794e-01
-5.605211257934570312e+00 3.841192007064819336e+00 2.054037153720855713e-01
-5.826141357421875000e+00 3.885080337524414062e+00 3.130631148815155029e-01
-5.883230209350585938e+00 3.896459102630615234e+00 3.345718383789062500e-01
-6.082970619201660156e+00 3.936305761337280273e+00 4.045721590518951416e-01
-6.207061290740966797e+00 3.961134910583496094e+00 4.371590614318847656e-01
-6.338496685028076172e+00 3.987485170364379883e+00 4.649161100387573242e-01
-6.530365943908691406e+00 4.026034355163574219e+00 4.953387975692749023e-01
-6.639729022979736328e+00 4.048080444335937500e+00 5.045508146286010742e-01
-6.818882942199707031e+00 4.084270954132080078e+00 5.122185945510864258e-01
-6.965279102325439453e+00 4.113951683044433594e+00 5.086711049079895020e-01
-7.097187519073486328e+00 4.140783309936523438e+00 4.982782900333404541e-01
-7.226065635681152344e+00 4.167084217071533203e+00 4.817579090595245361e-01
-7.329378128051757812e+00 4.188241481781005859e+00 4.634726047515869141e-01
-7.485938072204589844e+00 4.220400810241699219e+00 4.295357763767242432e-01
-7.679966926574707031e+00 4.260456562042236328e+00 3.755362331867218018e-01
-7.803356647491455078e+00 4.286108016967773438e+00 3.314091265201568604e-01
-7.934324264526367188e+00 4.313475608825683594e+00 2.776001989841461182e-01
-8.164281845092773438e+00 4.361822128295898438e+00 1.694899499416351318e-01
-8.290866851806640625e+00 4.388761520385742188e+00 9.581486880779266357e-02
-8.380054473876953125e+00 4.407898426055908203e+00 3.777952119708061218e-02
-8.559693336486816406e+00 4.446697711944580078e+00 -8.849731087684631348e-02
-8.623946189880371094e+00 4.460620403289794922e+00 -4.902877658605575562e-02
-8.815987586975097656e+00 4.502405643463134766e+00 6.155516207218170166e-02
-9.145666122436523438e+00 4.574960231781005859e+00 2.166355699300765991e-01
-9.313667297363281250e+00 4.612568378448486328e+00 2.695793807506561279e-01
-9.544147491455078125e+00 4.664582252502441406e+00 3.260453939437866211e-01
-9.780285835266113281e+00 4.718455314636230469e+00 3.625246584415435791e-01
-9.866477012634277344e+00 4.738341331481933594e+00 3.682459294795989990e-01
-1.021832370758056641e+01 4.819868564605712891e+00 3.805143237113952637e-01
-1.038452434539794922e+01 4.859062671661376953e+00 3.653215169906616211e-01
-1.070401859283447266e+01 4.935111045837402344e+00 3.168574571609497070e-01
-1.085629177093505859e+01 4.972055435180664062e+00 2.757339179515838623e-01
-1.115590286254882812e+01 5.045520305633544922e+00 1.769219934940338135e-01
-1.140379810333251953e+01 5.107711315155029297e+00 6.429631263017654419e-02
-1.152317810058593750e+01 5.138354301452636719e+00 -3.749892115592956543e-03
-1.190189743041992188e+01 5.238766193389892578e+00 2.076275050640106201e-01
-1.230890655517578125e+01 5.350541591644287109e+00 3.527669906616210938e-01
-1.277760219573974609e+01 5.483323574066162109e+00 4.376281201839447021e-01
-1.327439498901367188e+01 5.628850460052490234e+00 4.388811290264129639e-01
-1.349748611450195312e+01 5.696671962738037109e+00 3.988343477249145508e-01
-1.420899486541748047e+01 5.917222976684570312e+00 2.101155221462249756e-01
-1.458354282379150391e+01 6.041604042053222656e+00 -3.916919231414794922e-04
-1.477695369720458984e+01 6.109367370605468750e+00 -1.491164863109588623e-01
-1.604041099548339844e+01 6.572289466857910156e+00 5.164518356323242188e-01
-1.742881584167480469e+01 7.137210369110107422e+00 5.097789764404296875e-01
-1.882249450683593750e+01 7.768634796142578125e+00 -1.895222067832946777e-01
-2.039582252502441406e+01 8.642427444458007812e+00 -2.309085845947265625e+00
-4.803640365600585938e+01 2.890144920349121094e+01 -1.764909172058105469e+01
-1.445705300000000000e+07 1.381109100000000000e+07 -2.303109400000000000e+07
-2.430265796239426073e+29 2.994727806306263673e+29 -1.196373108371854056e+29
nan nan nan
nan nan nan
nan nan nan
nan nan nan
nan nan nan
nan nan nan
nan nan nan
nan nan nan
nan nan nan
nan nan nan
nan nan nan
nan nan nan
nan nan nan
nan nan nan
nan nan nan
nan nan nan
nan nan nan
nan nan nan
nan nan nan
nan nan nan
nan nan nan
nan nan nan
nan nan nan
nan nan nan
nan nan nan
nan nan nan
nan nan nan
nan nan nan
nan nan nan
nan nan nan
nan nan nan
nan nan nan
nan nan nan
nan nan nan
nan nan nan
nan nan nan
nan nan nan
nan nan nan
nan nan nan
nan nan nan
nan nan nan
nan nan nan
nan nan nan
nan nan nan
nan nan nan
nan nan nan
nan nan nan
nan nan nan
nan nan nan
nan nan nan
nan nan nan
nan nan nan
nan nan nan
nan nan nan
nan nan nan
nan nan nan
nan nan nan
nan nan nan
nan nan nan
nan nan nan
nan nan nan
nan nan nan
nan nan nan
nan nan nan
nan nan nan
nan nan nan
nan nan nan
nan nan nan
nan nan nan
nan nan nan
nan nan nan
nan nan nan
nan nan nan
nan nan nan
nan nan nan
