2.342715263366699219e+01 -2.112930566072463989e-01 1.944948136806488037e-01
2.321636581420898438e+01 -1.988421082496643066e-01 3.293392062187194824e-01
2.316601753234863281e+01 -1.959106922149658203e-01 3.611100018024444580e-01
2.294931221008300781e+01 -1.833355426788330078e-01 4.974020719528198242e-01
2.285501861572265625e+01 -1.779430806636810303e-01 5.558401346206665039e-01
2.264698600769042969e+01 -1.661200374364852905e-01 6.839221715927124023e-01
2.244365119934082031e+01 -1.547228842973709106e-01 8.072605133056640625e-01
2.235587501525878906e+01 -1.498686671257019043e-01 8.597042560577392578e-01
2.213754653930664062e+01 -1.378631889820098877e-01 9.892789721488952637e-01
2.202510833740234375e+01 -1.317681223154067993e-01 1.054875135421752930e+00
2.184239196777343750e+01 -1.219345778226852417e-01 1.160505533218383789e+00
2.171737861633300781e+01 -1.152849793434143066e-01 1.231685519218444824e+00
2.164829826354980469e+01 -1.116394549608230591e-01 1.270598530769348145e+00
2.148963737487792969e+01 -1.033025756478309631e-01 1.359434127807617188e+00
2.132851982116699219e+01 -9.492033720016479492e-02 1.448373317718505859e+00
2.121253395080566406e+01 -8.894595503807067871e-02 1.511453509330749512e+00
2.103587722778320312e+01 -7.991055399179458618e-02 1.606476426124572754e+00
2.089966583251953125e+01 -7.301805168390274048e-02 1.678486227989196777e+00
2.070876312255859375e+01 -6.343596428632736206e-02 1.778026938438415527e+00
2.062941360473632812e+01 -5.949765071272850037e-02 1.818581342697143555e+00
2.045590019226074219e+01 -5.092480033636093140e-02 1.906503677368164062e+00
2.030504035949707031e+01 -4.354462772607803345e-02 1.981487154960632324e+00
2.017915916442871094e+01 -3.743802011013031006e-02 2.042976140975952148e+00
2.011765670776367188e+01 -3.447486460208892822e-02 2.072571277618408203e+00
1.995617294311523438e+01 -2.672007866203784943e-02 2.149698495864868164e+00
1.984150314331054688e+01 -2.126042358577251434e-02 2.203372716903686523e+00
1.970695686340332031e+01 -1.489222981035709381e-02 2.265424013137817383e+00
1.958293724060058594e+01 -9.062026627361774445e-03 2.321604967117309570e+00
1.940854454040527344e+01 -9.137121960520744324e-04 2.399267673492431641e+00
1.932040405273437500e+01 3.170309122651815414e-03 2.437552452087402344e+00
1.918819427490234375e+01 9.271938353776931763e-03 2.494235277175903320e+00
1.901867866516113281e+01 1.704976707696914673e-02 2.565463304519653320e+00
1.898633575439453125e+01 1.852313615381717682e-02 2.578692436218261719e+00
1.882203674316406250e+01 2.599814720451831818e-02 2.645540237426757812e+00
1.867316627502441406e+01 3.272781148552894592e-02 2.704462289810180664e+00
1.861272048950195312e+01 3.544553741812705994e-02 2.727768898010253906e+00
1.844911766052246094e+01 4.278634488582611084e-02 2.790162324905395508e+00
1.836593627929687500e+01 4.649868980050086975e-02 2.820926427841186523e+00
1.818908119201660156e+01 5.437230318784713745e-02 2.885284185409545898e+00
1.812278938293457031e+01 5.730885267257690430e-02 2.908555984497070312e+00
1.800666999816894531e+01 6.244426220655441284e-02 2.948753118515014648e+00
1.786680603027343750e+01 6.861284375190734863e-02 2.995959520339965820e+00
1.779050827026367188e+01 7.196784764528274536e-02 3.020903825759887695e+00
1.766779518127441406e+01 7.735622674226760864e-02 3.060304641723632812e+00
1.754328918457031250e+01 8.281187713146209717e-02 3.099094629287719727e+00
1.743724441528320312e+01 8.745020627975463867e-02 3.131092309951782227e+00
1.731110382080078125e+01 9.296063333749771118e-02 3.168084144592285156e+00
1.719442749023437500e+01 9.805146604776382446e-02 3.201106309890747070e+00
1.708809280395507812e+01 1.026874110102653503e-01 3.230179786682128906e+00
1.697211265563964844e+01 1.077416315674781799e-01 3.260860204696655273e+00
1.689428138732910156e+01 1.111326888203620911e-01 3.280684471130371094e+00
1.680265808105468750e+01 1.151249185204505920e-01 3.303410291671752930e+00
1.664237022399902344e+01 1.221107915043830872e-01 3.341894865036010742e+00
1.652952003479003906e+01 1.270330548286437988e-01 3.367397069931030273e+00
1.647451972961425781e+01 1.294344216585159302e-01 3.379270315170288086e+00
1.635790252685546875e+01 1.345292031764984131e-01 3.403864383697509766e+00
1.624710083007812500e+01 1.393771469593048096e-01 3.426049232482910156e+00
1.614167976379394531e+01 1.439977288246154785e-01 3.446072101593017578e+00
1.602959823608398438e+01 1.489198505878448486e-01 3.466247797012329102e+00
1.597843265533447266e+01 1.511721462011337280e-01 3.474910736083984375e+00
1.582307624816894531e+01 1.580191999673843384e-01 3.500447273254394531e+00
1.577590847015380859e+01 1.601062566041946411e-01 3.507484197616577148e+00
1.564437007904052734e+01 1.659344732761383057e-01 3.526493787765502930e+00
1.551770973205566406e+01 1.715690791606903076e-01 3.543129682540893555e+00
1.544947528839111328e+01 1.746175885200500488e-01 3.551211833953857422e+00
1.537576103210449219e+01 1.779192239046096802e-01 3.559424638748168945e+00
1.521472740173339844e+01 1.851523369550704956e-01 3.576131582260131836e+00
1.512647628784179688e+01 1.891422122716903687e-01 3.583786487579345703e+00
1.504051494598388672e+01 1.930436640977859497e-01 3.590429306030273438e+00
1.497321510314941406e+01 1.961101442575454712e-01 3.595002889633178711e+00
1.489637756347656250e+01 1.996223628520965576e-01 3.599658727645874023e+00
1.474646854400634766e+01 2.065001279115676880e-01 3.607470273971557617e+00
1.468423748016357422e+01 2.093765139579772949e-01 3.609667778015136719e+00
1.456878471374511719e+01 2.147296965122222900e-01 3.612929821014404297e+00
1.451467895507812500e+01 2.172531485557556152e-01 3.613742113113403320e+00
1.442429542541503906e+01 2.214800119400024414e-01 3.614532709121704102e+00
1.428710842132568359e+01 2.279244512319564819e-01 3.614283800125122070e+00
1.423080253601074219e+01 2.305869311094284058e-01 3.613265991210937500e+00
1.416879081726074219e+01 2.335264831781387329e-01 3.611726760864257812e+00
1.407459545135498047e+01 2.380032390356063843e-01 3.608683586120605469e+00
1.396809482574462891e+01 2.430836111307144165e-01 3.604019641876220703e+00
1.391140937805175781e+01 2.457977086305618286e-01 3.600791692733764648e+00
1.379517650604248047e+01 2.513721287250518799e-01 3.593350410461425781e+00
1.371198272705078125e+01 2.553741037845611572e-01 3.586803197860717773e+00
1.360158348083496094e+01 2.606933116912841797e-01 3.576939105987548828e+00
1.354530239105224609e+01 2.634093761444091797e-01 3.571104288101196289e+00
1.341822624206542969e+01 2.695448696613311768e-01 3.556990861892700195e+00
1.338802623748779297e+01 2.710039913654327393e-01 3.553126096725463867e+00
1.327692317962646484e+01 2.763718366622924805e-01 3.538455963134765625e+00
1.322714138031005859e+01 2.787763476371765137e-01 3.531130313873291016e+00
1.310198116302490234e+01 2.848195731639862061e-01 3.511854171752929688e+00
1.300297260284423828e+01 2.895945310592651367e-01 3.494876384735107422e+00
1.293310260772705078e+01 2.929594516754150391e-01 3.481913328170776367e+00
1.286923980712890625e+01 2.960312068462371826e-01 3.469423294067382812e+00
1.279336071014404297e+01 2.996762990951538086e-01 3.453878879547119141e+00
1.269095802307128906e+01 3.045872449874877930e-01 3.431759357452392578e+00
1.260522937774658203e+01 3.086881935596466064e-01 3.411934137344360352e+00
1.252302742004394531e+01 3.126111626625061035e-01 3.391859531402587891e+00
1.248173809051513672e+01 3.145768046379089355e-01 3.381256580352783203e+00
1.236664485931396484e+01 3.200488090515136719e-01 3.350965499877929688e+00
1.234079742431640625e+01 3.212729990482330322e-01 3.343697071075439453e+00
1.225755596160888672e+01 3.252118825912475586e-01 3.319948673248291016e+00
1.219090557098388672e+01 3.283561766147613525e-01 3.300047397613525391e+00
1.210349941253662109e+01 3.324690461158752441e-01 3.273007392883300781e+00
1.199765586853027344e+01 3.374321758747100830e-01 3.238749504089355469e+00
1.191740322113037109e+01 3.411786854267120361e-01 3.211362838745117188e+00
1.184716224670410156e+01 3.444462716579437256e-01 3.186441898345947266e+00
1.178169918060302734e+01 3.474819362163543701e-01 3.162430524826049805e+00
1.171471595764160156e+01 3.505785763263702393e-01 3.137104511260986328e+00
1.162986755371093750e+01 3.544885218143463135e-01 3.104031562805175781e+00
1.157544422149658203e+01 3.569859564304351807e-01 3.082001924514770508e+00
1.147670841217041016e+01 3.615044057369232178e-01 3.041074514389038086e+00
1.141414165496826172e+01 3.643530309200286865e-01 3.014021396636962891e+00
1.134130668640136719e+01 3.676581084728240967e-01 2.981692075729370117e+00
1.127927970886230469e+01 3.704616725444793701e-01 2.953321218490600586e+00
1.118870353698730469e+01 3.745415806770324707e-01 2.910837650299072266e+00
1.115391254425048828e+01 3.761006891727447510e-01 2.893920183181762695e+00
1.107658863067626953e+01 3.795589506626129150e-01 2.855803728103637695e+00
1.098494243621826172e+01 3.836392760276794434e-01 2.809252500534057617e+00
1.093153858184814453e+01 3.860040009021759033e-01 2.781163215637207031e+00
1.084102725982666016e+01 3.899989128112792969e-01 2.732592821121215820e+00
1.080234622955322266e+01 3.916967213153839111e-01 2.711129188537597656e+00
1.073311042785644531e+01 3.947283029556274414e-01 2.672164678573608398e+00
1.063747024536132812e+01 3.988977968692779541e-01 2.616976499557495117e+00
1.059315776824951172e+01 4.008178114891052246e-01 2.590521097183227539e+00
1.052365112304687500e+01 4.038208425045013428e-01 2.548372507095336914e+00
1.046697616577148438e+01 4.062583744525909424e-01 2.513163089752197266e+00
1.040396308898925781e+01 4.089583456516265869e-01 2.473244428634643555e+00
1.031842613220214844e+01 4.126080274581909180e-01 2.417879581451416016e+00
1.028115272521972656e+01 4.141892492771148682e-01 2.393048048019409180e+00
1.017687129974365234e+01 4.186018109321594238e-01 2.322706222534179688e+00
1.011771488189697266e+01 4.210869967937469482e-01 2.281404733657836914e+00
1.008381557464599609e+01 4.225052893161773682e-01 2.257275581359863281e+00
9.994450569152832031e+00 4.262353777885437012e-01 2.192963123321533203e+00
9.935853004455566406e+00 4.286658763885498047e-01 2.149563312530517578e+00
9.894000053405761719e+00 4.303946495056152344e-01 2.117981910705566406e+00
9.826934814453125000e+00 4.331566095352172852e-01 2.066701650619506836e+00
9.757959365844726562e+00 4.359836280345916748e-01 2.012838125228881836e+00
9.681813240051269531e+00 4.390891194343566895e-01 1.952083706855773926e+00
9.623428344726562500e+00 4.414571821689605713e-01 1.904392361640930176e+00
9.567569732666015625e+00 4.437132179737091064e-01 1.857941269874572754e+00
9.495464324951171875e+00 4.466136395931243896e-01 1.796951413154602051e+00
9.435684204101562500e+00 4.490056633949279785e-01 1.745273351669311523e+00
9.382497787475585938e+00 4.511246085166931152e-01 1.698462605476379395e+00
9.314846992492675781e+00 4.538093507289886475e-01 1.637969613075256348e+00
9.277078628540039062e+00 4.553008079528808594e-01 1.603512763977050781e+00
9.192342758178710938e+00 4.586378037929534912e-01 1.525340795516967773e+00
9.146350860595703125e+00 4.604378044605255127e-01 1.481844186782836914e+00
9.078511238098144531e+00 4.630840420722961426e-01 1.416818499565124512e+00
9.033451080322265625e+00 4.648330509662628174e-01 1.372769117355346680e+00
8.991023063659667969e+00 4.664745330810546875e-01 1.330750226974487305e+00
8.918954849243164062e+00 4.692542850971221924e-01 1.258499622344970703e+00
8.869891166687011719e+00 4.711368978023529053e-01 1.208286643028259277e+00
8.798602104187011719e+00 4.738627672195434570e-01 1.134300708770751953e+00
8.752436637878417969e+00 4.756190180778503418e-01 1.085410475730895996e+00
8.680535316467285156e+00 4.783454835414886475e-01 1.008265733718872070e+00
8.632149696350097656e+00 4.801709949970245361e-01 9.552911520004272461e-01
8.576712608337402344e+00 4.822555482387542725e-01 8.937683105468750000e-01
8.542383193969726562e+00 4.835414886474609375e-01 8.550763726234436035e-01
8.454372406005859375e+00 4.868305921554565430e-01 7.549302577972412109e-01
8.406507492065429688e+00 4.886087477207183838e-01 6.991195082664489746e-01
8.354984283447265625e+00 4.905167520046234131e-01 6.382440328598022461e-01
8.321119308471679688e+00 4.917666018009185791e-01 5.976609587669372559e-01
8.259114265441894531e+00 4.940501451492309570e-01 5.226601958274841309e-01
8.223063468933105469e+00 4.953726530075073242e-01 4.783055484294891357e-01
8.153556823730468750e+00 4.979168474674224854e-01 3.919425904750823975e-01
8.117658615112304688e+00 4.992253184318542480e-01 3.464858531951904297e-01
8.048750877380371094e+00 5.017317533493041992e-01 2.583733797073364258e-01
7.993203639984130859e+00 5.037443041801452637e-01 1.860040426254272461e-01
7.952511310577392578e+00 5.052141547203063965e-01 1.321852356195449829e-01
7.897043228149414062e+00 5.072134137153625488e-01 5.801300704479217529e-02
7.831105709075927734e+00 5.095832943916320801e-01 -3.148765116930007935e-02
7.813910007476806641e+00 5.117571353912353516e-01 -5.167188122868537903e-03
7.744741916656494141e+00 5.204625725746154785e-01 9.849579632282257080e-02
7.721377849578857422e+00 5.233538746833801270e-01 1.306816786527633667e-01
7.679542541503906250e+00 5.285052061080932617e-01 1.867721527814865112e-01
7.626180648803710938e+00 5.350204110145568848e-01 2.549573183059692383e-01
7.554972171783447266e+00 5.436289310455322266e-01 3.406183719635009766e-01
7.519383430480957031e+00 5.478805899620056152e-01 3.801647722721099854e-01
7.449981689453125000e+00 5.561285614967346191e-01 4.543569982051849365e-01
7.412708759307861328e+00 5.605164170265197754e-01 4.912976920604705811e-01
7.381525039672851562e+00 5.641708970069885254e-01 5.209869742393493652e-01
7.299861431121826172e+00 5.737075209617614746e-01 5.961715579032897949e-01
7.272190570831298828e+00 5.769110321998596191e-01 6.194673180580139160e-01
7.189053535461425781e+00 5.865113735198974609e-01 6.873793601989746094e-01
7.161410331726074219e+00 5.896805524826049805e-01 7.079542875289916992e-01
7.098499298095703125e+00 5.968781709671020508e-01 7.533448934555053711e-01
7.024271011352539062e+00 6.053333282470703125e-01 8.031515479087829590e-01
6.959239006042480469e+00 6.127075552940368652e-01 8.430864214897155762e-01
6.928827762603759766e+00 6.161446571350097656e-01 8.603140711784362793e-01
6.850854396820068359e+00 6.249457001686096191e-01 9.028069972991943359e-01
6.822613716125488281e+00 6.281235814094543457e-01 9.166728258132934570e-01
6.736461162567138672e+00 6.378100514411926270e-01 9.573448300361633301e-01
6.685167312622070312e+00 6.435639262199401855e-01 9.786566495895385742e-01
6.648405075073242188e+00 6.476839184761047363e-01 9.927318096160888672e-01
6.584711074829101562e+00 6.548190116882324219e-01 1.015655636787414551e+00
6.533885955810546875e+00 6.605092883110046387e-01 1.031952857971191406e+00
6.463105678558349609e+00 6.684327125549316406e-01 1.052471518516540527e+00
6.412418365478515625e+00 6.741078495979309082e-01 1.065024137496948242e+00
6.332400321960449219e+00 6.830710768699645996e-01 1.082455515861511230e+00
6.256480693817138672e+00 6.915848255157470703e-01 1.095456957817077637e+00
6.243707180023193359e+00 6.930196285247802734e-01 1.097086191177368164e+00
6.159298896789550781e+00 7.025043964385986328e-01 1.107236146926879883e+00
6.098473548889160156e+00 7.093566060066223145e-01 1.111617922782897949e+00
6.023161888122558594e+00 7.178605794906616211e-01 1.114436984062194824e+00
5.983329772949218750e+00 7.223733663558959961e-01 1.114220380783081055e+00
5.922553539276123047e+00 7.292732596397399902e-01 1.112509369850158691e+00
5.867140769958496094e+00 7.355857491493225098e-01 1.109021186828613281e+00
5.818017005920410156e+00 7.412012219429016113e-01 1.104360938072204590e+00
5.769507408142089844e+00 7.467652559280395508e-01 1.098375916481018066e+00
5.694921016693115234e+00 7.553511857986450195e-01 1.087056040763854980e+00
5.653548717498779297e+00 7.601422667503356934e-01 1.078948974609375000e+00
5.573087215423583984e+00 7.694944739341735840e-01 1.061180353164672852e+00
5.527083396911621094e+00 7.748824954032897949e-01 1.048759579658508301e+00
5.460079669952392578e+00 7.827682495117187500e-01 1.028743863105773926e+00
5.421728134155273438e+00 7.873160243034362793e-01 1.015650510787963867e+00
5.330164432525634766e+00 7.982248067855834961e-01 9.821008443832397461e-01
5.276700019836425781e+00 8.046703338623046875e-01 9.592363834381103516e-01
5.252817153930664062e+00 8.075719475746154785e-01 9.481342434883117676e-01
5.191823959350585938e+00 8.150096535682678223e-01 9.187425971031188965e-01
5.126556873321533203e+00 8.230466246604919434e-01 8.843907117843627930e-01
5.095501422882080078e+00 8.269143104553222656e-01 8.665081262588500977e-01
5.032117843627929688e+00 8.348543047904968262e-01 8.284603357315063477e-01
4.984703540802001953e+00 8.408682942390441895e-01 7.975563406944274902e-01
4.906574726104736328e+00 8.508787751197814941e-01 7.434790134429931641e-01
4.859179019927978516e+00 8.570609688758850098e-01 7.073580026626586914e-01
4.820747852325439453e+00 8.621343970298767090e-01 6.763291358947753906e-01
4.774577617645263672e+00 8.682931661605834961e-01 6.372766494750976562e-01
4.711284160614013672e+00 8.768484592437744141e-01 5.806810259819030762e-01
4.664686203002929688e+00 8.832713961601257324e-01 5.357292294502258301e-01
4.617792129516601562e+00 8.898382186889648438e-01 4.878699779510498047e-01
4.603237152099609375e+00 8.919117450714111328e-01 4.721409976482391357e-01
4.557714939117431641e+00 8.984340429306030273e-01 4.220510423183441162e-01
4.496605873107910156e+00 9.073532223701477051e-01 3.508973121643066406e-01
4.459319114685058594e+00 9.129448533058166504e-01 3.039942383766174316e-01
4.435525894165039062e+00 9.165792465209960938e-01 2.725682258605957031e-01
4.393885612487792969e+00 9.230201244354248047e-01 2.157867252826690674e-01
4.329021453857421875e+00 9.332896471023559570e-01 1.221630275249481201e-01
4.292361259460449219e+00 9.393312335014343262e-01 6.415906548500061035e-02
4.271039009094238281e+00 9.429374337196350098e-01 2.850415185093879700e-02
4.197057723999023438e+00 9.597544074058532715e-01 1.212363243103027344e-01
4.156224727630615234e+00 9.689107537269592285e-01 1.682845950126647949e-01
4.092713356018066406e+00 9.830571413040161133e-01 2.382435798645019531e-01
4.053960800170898438e+00 9.916051030158996582e-01 2.780614495277404785e-01
4.011852741241455078e+00 1.000842809677124023e+00 3.195575475692749023e-01
3.940364599227905273e+00 1.016438245773315430e+00 3.868893384933471680e-01
3.881243944168090820e+00 1.029221057891845703e+00 4.384275376796722412e-01
3.817966222763061523e+00 1.042810678482055664e+00 4.901677072048187256e-01
3.779493331909179688e+00 1.051017999649047852e+00 5.195199251174926758e-01
3.676765441894531250e+00 1.072849750518798828e+00 5.946390032768249512e-01
3.651983976364135742e+00 1.078065991401672363e+00 6.107516288757324219e-01
3.592587471008300781e+00 1.090542554855346680e+00 6.482785344123840332e-01
3.514096260070800781e+00 1.106950998306274414e+00 6.944858431816101074e-01
3.450678110122680664e+00 1.120130181312561035e+00 7.283480167388916016e-01
3.392202377319335938e+00 1.132229089736938477e+00 7.570927739143371582e-01
3.311454772949218750e+00 1.148873567581176758e+00 7.937285900115966797e-01
3.260271787643432617e+00 1.159372925758361816e+00 8.143517971038818359e-01
3.190871715545654297e+00 1.173569560050964355e+00 8.401494026184082031e-01
3.120086431503295898e+00 1.187998294830322266e+00 8.635262250900268555e-01
3.091286659240722656e+00 1.193849444389343262e+00 8.718466758728027344e-01
2.997627258300781250e+00 1.212854504585266113e+00 8.973582386970520020e-01
2.915754079818725586e+00 1.229404687881469727e+00 9.153043627738952637e-01
2.895546436309814453e+00 1.233477711677551270e+00 9.188122749328613281e-01
2.809570074081420898e+00 1.250796318054199219e+00 9.327813982963562012e-01
2.716595411300659180e+00 1.269476771354675293e+00 9.435034990310668945e-01
2.680996656417846680e+00 1.276612520217895508e+00 9.458083510398864746e-01
2.609904289245605469e+00 1.290852785110473633e+00 9.490416646003723145e-01
2.517086982727050781e+00 1.309420585632324219e+00 9.496897459030151367e-01
2.492604970932006836e+00 1.314311504364013672e+00 9.486269354820251465e-01
2.434424877166748047e+00 1.325931906700134277e+00 9.453255534172058105e-01
2.328355550765991211e+00 1.347107529640197754e+00 9.359303712844848633e-01
2.263486146926879883e+00 1.360051512718200684e+00 9.263786673545837402e-01
2.219649076461791992e+00 1.368799686431884766e+00 9.183256030082702637e-01
2.153713941574096680e+00 1.381960988044738770e+00 9.045669436454772949e-01
2.074121236801147461e+00 1.397857308387756348e+00 8.849269151687622070e-01
2.016246318817138672e+00 1.409428000450134277e+00 8.679261207580566406e-01
1.977522253990173340e+00 1.417178273200988770e+00 8.551933765411376953e-01
1.927878975868225098e+00 1.427122831344604492e+00 8.376815915107727051e-01
1.843764781951904297e+00 1.443994522094726562e+00 8.053789734840393066e-01
1.764929771423339844e+00 1.459848165512084961e+00 7.707999944686889648e-01
1.703539729118347168e+00 1.472231030464172363e+00 7.405906319618225098e-01
1.641821980476379395e+00 1.484715580940246582e+00 7.075348496437072754e-01
1.587381362915039062e+00 1.495764613151550293e+00 6.758952736854553223e-01
1.543852210044860840e+00 1.504628658294677734e+00 6.487695574760437012e-01
1.493424892425537109e+00 1.514928221702575684e+00 6.155825853347778320e-01
1.422971725463867188e+00 1.529372811317443848e+00 5.662497878074645996e-01
1.369953632354736328e+00 1.540307641029357910e+00 5.258393287658691406e-01
1.325021743774414062e+00 1.549622654914855957e+00 4.893572926521301270e-01
1.291276574134826660e+00 1.556652665138244629e+00 4.604558944702148438e-01
1.204469084739685059e+00 1.574809551239013672e+00 3.830638229846954346e-01
1.173146009445190430e+00 1.581435441970825195e+00 3.521262109279632568e-01
1.127352833747863770e+00 1.591168999671936035e+00 3.051555454730987549e-01
1.068726420402526855e+00 1.603724956512451172e+00 2.415846884250640869e-01
1.020188450813293457e+00 1.614233493804931641e+00 1.850119233131408691e-01
9.915029406547546387e-01 1.620507955551147461e+00 1.494585424661636353e-01
9.244034886360168457e-01 1.635284185409545898e+00 6.312625110149383545e-02
9.003003835678100586e-01 1.640684962272644043e+00 2.922031283378601074e-02
8.450005650520324707e-01 1.656730651855468750e+00 9.082707762718200684e-02
7.726007103919982910e-01 1.677567005157470703e+00 1.667688488960266113e-01
6.931651830673217773e-01 1.700204133987426758e+00 2.438330948352813721e-01
6.163896918296813965e-01 1.721870064735412598e+00 3.122504353523254395e-01
5.585886240005493164e-01 1.738042116165161133e+00 3.597067296504974365e-01
4.846449494361877441e-01 1.758608460426330566e+00 4.167784750461578369e-01
4.600436985492706299e-01 1.765402555465698242e+00 4.343006908893585205e-01
3.954642117023468018e-01 1.783198356628417969e+00 4.790801703929901123e-01
2.993866503238677979e-01 1.809526085853576660e+00 5.410702824592590332e-01
2.440265715122222900e-01 1.824578642845153809e+00 5.730195641517639160e-01
1.426151990890502930e-01 1.852039813995361328e+00 6.277822256088256836e-01
7.970042526721954346e-02 1.868955969810485840e+00 6.576390862464904785e-01
-1.001336425542831421e-02 1.892980694770812988e+00 6.967410445213317871e-01
-4.130362719297409058e-02 1.901314735412597656e+00 7.087050676345825195e-01
-1.280616223812103271e-01 1.924381732940673828e+00 7.403086423873901367e-01
-2.027337849140167236e-01 1.944141626358032227e+00 7.638231515884399414e-01
-2.612829506397247314e-01 1.959576368331909180e+00 7.798394560813903809e-01
-3.563393354415893555e-01 1.984565019607543945e+00 8.028202652931213379e-01
-4.220943450927734375e-01 2.001776218414306641e+00 8.153733015060424805e-01
-4.969071745872497559e-01 2.021304368972778320e+00 8.270680904388427734e-01
-5.665647983551025391e-01 2.039433002471923828e+00 8.352412581443786621e-01
-6.205964684486389160e-01 2.053458690643310547e+00 8.396341204643249512e-01
-7.252600193023681641e-01 2.080576658248901367e+00 8.452308177947998047e-01
-7.885760664939880371e-01 2.096925020217895508e+00 8.452039361000061035e-01
-8.429753184318542480e-01 2.110944986343383789e+00 8.434059023857116699e-01
-9.350894093513488770e-01 2.134649753570556641e+00 8.377691507339477539e-01
-1.006962895393371582e+00 2.153102159500122070e+00 8.299196362495422363e-01
-1.086853504180908203e+00 2.173579692840576172e+00 8.181656002998352051e-01
-1.144356846809387207e+00 2.188295602798461914e+00 8.072465062141418457e-01
-1.238261461257934570e+00 2.212303638458251953e+00 7.864763736724853516e-01
-1.320264697074890137e+00 2.233239650726318359e+00 7.640615701675415039e-01
-1.387404203414916992e+00 2.250365257263183594e+00 7.425596117973327637e-01
-1.467050552368164062e+00 2.270670890808105469e+00 7.138999700546264648e-01
-1.516715049743652344e+00 2.283328294754028320e+00 6.936214566230773926e-01
-1.588772416114807129e+00 2.301692247390747070e+00 6.619454026222229004e-01
-1.671891808509826660e+00 2.322878837585449219e+00 6.215114593505859375e-01
-1.717899918556213379e+00 2.334612369537353516e+00 5.965259671211242676e-01
-1.797704696655273438e+00 2.354976177215576172e+00 5.505644679069519043e-01
-1.848161458969116211e+00 2.367867231369018555e+00 5.185033679008483887e-01
-1.910529851913452148e+00 2.383819103240966797e+00 4.763913154602050781e-01
-1.989477038383483887e+00 2.404045104980468750e+00 4.190086424350738525e-01
-2.021626472473144531e+00 2.412303447723388672e+00 3.933971524238586426e-01
-2.089093446731567383e+00 2.429657220840454102e+00 3.376008570194244385e-01
-2.141892910003662109e+00 2.443281650543212891e+00 2.903941273689270020e-01
-2.204823017120361328e+00 2.459569692611694336e+00 2.305622547864913940e-01
-2.254354238510131836e+00 2.472444057464599609e+00 1.798583865165710449e-01
-2.323122024536132812e+00 2.490389823913574219e+00 1.051606684923171997e-01
-2.383906841278076172e+00 2.506354808807373047e+00 3.335303813219070435e-02
-2.433258771896362305e+00 2.519407272338867188e+00 -2.961745113134384155e-02
-2.481271028518676758e+00 2.535538911819458008e+00 1.876047998666763306e-02
-2.591458082199096680e+00 2.572318792343139648e+00 1.244252920150756836e-01
-2.643546581268310547e+00 2.589463710784912109e+00 1.689817905426025391e-01
-2.708633661270141602e+00 2.610759973526000977e+00 2.217780351638793945e-01
-2.814232349395751953e+00 2.645068883895874023e+00 3.018964231014251709e-01
-2.887607097625732422e+00 2.668654680252075195e+00 3.517194986343383789e-01
-2.970153808593750000e+00 2.695008277893066406e+00 4.035370349884033203e-01
-3.016168832778930664e+00 2.709592819213867188e+00 4.299033582210540771e-01
-3.117152690887451172e+00 2.741478443145751953e+00 4.848246574401855469e-01
-3.227660894393920898e+00 2.776091575622558594e+00 5.380971431732177734e-01
-3.288549423217773438e+00 2.795006513595581055e+00 5.635462403297424316e-01
-3.386474847793579102e+00 2.825297832489013672e+00 6.011665463447570801e-01
-3.466268301010131836e+00 2.849818229675292969e+00 6.275991201400756836e-01
-3.570750951766967773e+00 2.881762504577636719e+00 6.578472852706909180e-01
-3.619161367416381836e+00 2.896469116210937500e+00 6.692783832550048828e-01
-3.726860284805297852e+00 2.929095029830932617e+00 6.921047568321228027e-01
-3.782880783081054688e+00 2.945962190628051758e+00 7.009971141815185547e-01
-3.910375595092773438e+00 2.984233856201171875e+00 7.177606821060180664e-01
-4.000990390777587891e+00 3.011252641677856445e+00 7.240903377532958984e-01
-4.040452480316162109e+00 3.022966146469116211e+00 7.251322269439697266e-01
-4.172163486480712891e+00 3.061987638473510742e+00 7.261225581169128418e-01
-4.241059303283691406e+00 3.082272291183471680e+00 7.222788929939270020e-01
-4.307619094848632812e+00 3.101808786392211914e+00 7.163477540016174316e-01
-4.414336681365966797e+00 3.133041858673095703e+00 7.033742070198059082e-01
-4.484477996826171875e+00 3.153477191925048828e+00 6.911460757255554199e-01
-4.584470272064208984e+00 3.182526826858520508e+00 6.701802611351013184e-01
-4.666420936584472656e+00 3.206240892410278320e+00 6.487795114517211914e-01
-4.773039817810058594e+00 3.236997842788696289e+00 6.163085103034973145e-01
-4.857244968414306641e+00 3.261193990707397461e+00 5.857453942298889160e-01
-4.927149772644042969e+00 3.281222343444824219e+00 5.570092201232910156e-01
-4.969662666320800781e+00 3.293374538421630859e+00 5.377672314643859863e-01
-5.105819702148437500e+00 3.332242012023925781e+00 4.725852012634277344e-01
-5.167426586151123047e+00 3.349753141403198242e+00 4.376967251300811768e-01
-5.203575134277343750e+00 3.360010147094726562e+00 4.156826436519622803e-01
-5.324939727783203125e+00 3.394414186477661133e+00 3.386071920394897461e-01
-5.361396312713623047e+00 3.404716253280639648e+00 3.120809197425842285e-01
-5.454002857208251953e+00 3.430864334106445312e+00 2.419009953737258911e-01
-5.516593456268310547e+00 3.448503255844116211e+00 1.893783956766128540e-01
-5.581157207489013672e+00 3.466678857803344727e+00 1.313103735446929932e-01
-5.670749187469482422e+00 3.491878032684326172e+00 4.470521956682205200e-02
-5.710584163665771484e+00 3.503072023391723633e+00 2.084255218505859375e-03
-5.774507522583007812e+00 3.526164054870605469e+00 6.121697649359703064e-02
-5.929855346679687500e+00 3.581788301467895508e+00 1.960547119379043579e-01
-6.023366928100585938e+00 3.614613294601440430e+00 2.653738856315612793e-01
-6.102432727813720703e+00 3.642075061798095703e+00 3.186738789081573486e-01
-6.184283733367919922e+00 3.670267105102539062e+00 3.695136606693267822e-01
-6.254595756530761719e+00 3.694286584854125977e+00 4.095370173454284668e-01
-6.412396907806396484e+00 3.747832298278808594e+00 4.926660060882568359e-01
-6.456813335418701172e+00 3.762688636779785156e+00 5.120480060577392578e-01
-6.560313701629638672e+00 3.797177791595458984e+00 5.547443032264709473e-01
-6.704570293426513672e+00 3.844839572906494141e+00 6.064302921295166016e-01
-6.778826713562011719e+00 3.869096755981445312e+00 6.276539564132690430e-01
-6.872386932373046875e+00 3.899491310119628906e+00 6.510415077209472656e-01
-7.014799118041992188e+00 3.945442914962768555e+00 6.803306937217712402e-01
-7.097685337066650391e+00 3.971920013427734375e+00 6.918982863426208496e-01
-7.207078456878662109e+00 4.006668567657470703e+00 7.030390501022338867e-01
-7.307161808013916016e+00 4.038228511810302734e+00 7.082855105400085449e-01
-7.425109863281250000e+00 4.075180053710937500e+00 7.091611623764038086e-01
-7.574977874755859375e+00 4.121776580810546875e+00 7.023145556449890137e-01
-7.688459873199462891e+00 4.156725406646728516e+00 6.894018650054931641e-01
-7.763319969177246094e+00 4.179616451263427734e+00 6.769586205482482910e-01
-7.871600627899169922e+00 4.212573528289794922e+00 6.551455855369567871e-01
-7.935426712036132812e+00 4.231869220733642578e+00 6.389636397361755371e-01
-8.040114402770996094e+00 4.263392925262451172e+00 6.091226935386657715e-01
-8.155454635620117188e+00 4.297896862030029297e+00 5.701158046722412109e-01
-8.276312828063964844e+00 4.333786964416503906e+00 5.218524932861328125e-01
-8.387428283691406250e+00 4.366526603698730469e+00 4.699537158012390137e-01
-8.471138954162597656e+00 4.391010761260986328e+00 4.252893328666687012e-01
-8.547410964965820312e+00 4.413193225860595703e+00 3.805149197578430176e-01
-8.617678642272949219e+00 4.433521747589111328e+00 3.356308043003082275e-01
-8.752209663391113281e+00 4.472247600555419922e+00 2.428864687681198120e-01
-8.808354377746582031e+00 4.488246917724609375e+00 1.982550024986267090e-01
-8.915170669555664062e+00 4.518553256988525391e+00 1.080946698784828186e-01
-8.979806900024414062e+00 4.536731243133544922e+00 4.694068804383277893e-02
-9.069667816162109375e+00 4.561861515045166016e+00 -4.434321448206901550e-02
-9.205161094665527344e+00 4.611343383789062500e+00 6.746628880500793457e-02
-9.329821586608886719e+00 4.655910491943359375e+00 1.578137725591659546e-01
-9.417181968688964844e+00 4.686589241027832031e+00 2.139085233211517334e-01
-9.542880058288574219e+00 4.730216979980468750e+00 2.879213690757751465e-01
-9.647668838500976562e+00 4.766006469726562500e+00 3.420577049255371094e-01
-9.850317001342773438e+00 4.834344387054443359e+00 4.353430867195129395e-01
-9.933541297912597656e+00 4.861755371093750000e+00 4.651166200637817383e-01
-1.003317165374755859e+01 4.894271850585937500e+00 4.968487620353698730e-01
-1.020239353179931641e+01 4.948912143707275391e+00 5.430051088333129883e-01
-1.030577278137207031e+01 4.981700897216796875e+00 5.634005665779113770e-01
-1.048393821716308594e+01 5.037611484527587891e+00 5.906010270118713379e-01
-1.062743854522705078e+01 5.081830501556396484e+00 6.016322374343872070e-01
-1.073957824707031250e+01 5.115886688232421875e+00 6.035005450248718262e-01
-1.084659290313720703e+01 5.148018836975097656e+00 6.002579927444458008e-01
-1.107563400268554688e+01 5.216042518615722656e+00 5.829995274543762207e-01
-1.119037723541259766e+01 5.249310493469238281e+00 5.630719065666198730e-01
-1.132843208312988281e+01 5.288846015930175781e+00 5.320911407470703125e-01
-1.140871047973632812e+01 5.311484336853027344e+00 5.090135931968688965e-01
-1.157612991333007812e+01 5.358262538909912109e+00 4.545191526412963867e-01
-1.167272853851318359e+01 5.384711265563964844e+00 4.150616824626922607e-01
-1.176673316955566406e+01 5.410132884979248047e+00 3.718655109405517578e-01
-1.187838268280029297e+01 5.439945220947265625e+00 3.147160708904266357e-01
-1.201445865631103516e+01 5.475701332092285156e+00 2.360523343086242676e-01
-1.210735034942626953e+01 5.499594211578369141e+00 1.741768270730972290e-01
-1.228960514068603516e+01 5.545726299285888672e+00 4.067607223987579346e-02
-1.231402206420898438e+01 5.551688671112060547e+00 1.919183135032653809e-02
-1.253005027770996094e+01 5.625221729278564453e+00 1.997527480125427246e-01
-1.270436573028564453e+01 5.681855201721191406e+00 3.186530768871307373e-01
-1.286059474945068359e+01 5.730928421020507812e+00 4.088748693466186523e-01
-1.308116626739501953e+01 5.798276901245117188e+00 5.177407264709472656e-01
-1.320400810241699219e+01 5.834375858306884766e+00 5.650514960289001465e-01
-1.348491573333740234e+01 5.915251731872558594e+00 6.576666831970214844e-01
-1.360560703277587891e+01 5.948419094085693359e+00 6.828550696372985840e-01
-1.383333110809326172e+01 6.009776115417480469e+00 7.192575335502624512e-01
-1.404022312164306641e+01 6.063441753387451172e+00 7.335621714591979980e-01
-1.425265121459960938e+01 6.116615295410156250e+00 7.310133576393127441e-01
-1.442879962921142578e+01 6.159043788909912109e+00 7.141485810279846191e-01
-1.457678508758544922e+01 6.193498134613037109e+00 6.894954442977905273e-01
-1.472323894500732422e+01 6.226570129394531250e+00 6.561100482940673828e-01
-1.491315460205078125e+01 6.268084049224853516e+00 6.008237004280090332e-01
-1.511744117736816406e+01 6.310706615447998047e+00 5.236385464668273926e-01
-1.529283809661865234e+01 6.345250606536865234e+00 4.395290017127990723e-01
-1.535185337066650391e+01 6.356212139129638672e+00 4.054811596870422363e-01
-1.553761482238769531e+01 6.389948844909667969e+00 2.916504740715026855e-01
-1.572480583190917969e+01 6.421288490295410156e+00 1.538423299789428711e-01
-1.582057857513427734e+01 6.435684204101562500e+00 6.906172633171081543e-02
-1.593651294708251953e+01 6.451894760131835938e+00 -4.419136047363281250e-02
-1.621614456176757812e+01 6.515016078948974609e+00 1.611131131649017334e-01
-1.653337287902832031e+01 6.577938556671142578e+00 3.431699275970458984e-01
-1.690760612487792969e+01 6.641992568969726562e+00 5.013445019721984863e-01
-1.707998275756835938e+01 6.666456222534179688e+00 5.476353764533996582e-01
-1.730386924743652344e+01 6.695348262786865234e+00 5.934365987777709961e-01
-1.758182907104492188e+01 6.726590633392333984e+00 6.278627514839172363e-01
-1.783913612365722656e+01 6.750132083892822266e+00 6.344377994537353516e-01
-1.823372459411621094e+01 6.778328895568847656e+00 6.086890101432800293e-01
-1.849816131591796875e+01 6.788495540618896484e+00 5.531027317047119141e-01
-1.868502807617187500e+01 6.791022777557373047e+00 4.942862391471862793e-01
-1.902786064147949219e+01 6.788898468017578125e+00 3.588091135025024414e-01
-1.926207160949707031e+01 6.777573108673095703e+00 2.267464250326156616e-01
-1.939022827148437500e+01 6.766684532165527344e+00 1.363054513931274414e-01
-1.960060882568359375e+01 6.743650436401367188e+00 -3.174714744091033936e-02
-1.986833000183105469e+01 6.701056480407714844e+00 -2.954836487770080566e-01
-2.012739944458007812e+01 6.671643257141113281e+00 -1.671081483364105225e-01
-2.079806518554687500e+01 6.571541309356689453e+00 9.384950995445251465e-02
-2.118107986450195312e+01 6.479547500610351562e+00 1.446110010147094727e-01
-2.180125808715820312e+01 6.296126842498779297e+00 1.419580131769180298e-01
-2.223208999633789062e+01 6.122765541076660156e+00 3.433392941951751709e-02
-2.258726501464843750e+01 5.943374156951904297e+00 -1.305827945470809937e-01
-2.423631095886230469e+01 5.019210815429687500e+00 1.716843098402023315e-01
-2.531890106201171875e+01 3.893736362457275391e+00 -6.967949271202087402e-01
-2.539615631103515625e+01 3.283255338668823242e+00 -1.705664157867431641e+00
1.048215484619140625e+01 3.371238327026367188e+01 -1.047847747802734375e+01
-1.804031806668800000e+13 6.079336939520000000e+12 -2.245399465164800000e+13
nan nan nan
nan nan nan
nan nan nan
nan nan nan
nan nan nan
nan nan nan
