2.336690330505371094e+01 -2.205265611410140991e-01 1.930958777666091919e-01
2.317367935180664062e+01 -2.064659446477890015e-01 3.200446665287017822e-01
2.300949287414550781e+01 -1.946327686309814453e-01 4.265322089195251465e-01
2.290667915344238281e+01 -1.872822344303131104e-01 4.924645721912384033e-01
2.275964736938476562e+01 -1.768224537372589111e-01 5.860722064971923828e-01
2.259889793395996094e+01 -1.654675900936126709e-01 6.873331069946289062e-01
2.249007034301757812e+01 -1.578391790390014648e-01 7.550742626190185547e-01
2.236697196960449219e+01 -1.492543965578079224e-01 8.310683369636535645e-01
2.223485565185546875e+01 -1.400935202836990356e-01 9.118539690971374512e-01
2.199969100952148438e+01 -1.238866150379180908e-01 1.054149270057678223e+00
2.189661598205566406e+01 -1.168596521019935608e-01 1.115322113037109375e+00
2.174053764343261719e+01 -1.062679961323738098e-01 1.207144379615783691e+00
2.164207267761230469e+01 -9.963215142488479614e-02 1.264289021492004395e+00
2.145233154296875000e+01 -8.689941465854644775e-02 1.373441815376281738e+00
2.136599349975585938e+01 -8.115292340517044067e-02 1.422250032424926758e+00
2.126525497436523438e+01 -7.447216659784317017e-02 1.478735566139221191e+00
2.109766578674316406e+01 -6.340442597866058350e-02 1.571795821189880371e+00
2.090984916687011719e+01 -5.108607560396194458e-02 1.674367785453796387e+00
2.077553176879882812e+01 -4.234286397695541382e-02 1.746315956115722656e+00
2.063882637023925781e+01 -3.349057212471961975e-02 1.818501114845275879e+00
2.055439758300781250e+01 -2.805183455348014832e-02 1.862416744232177734e+00
2.037853431701660156e+01 -1.675827428698539734e-02 1.953026413917541504e+00
2.029763793945312500e+01 -1.159664988517761230e-02 1.993863701820373535e+00
2.020561408996582031e+01 -5.741735454648733139e-03 2.039870738983154297e+00
2.004454231262207031e+01 4.473648499697446823e-03 2.119498252868652344e+00
1.988310813903808594e+01 1.465583033859729767e-02 2.197702884674072266e+00
1.976764488220214844e+01 2.189987711608409882e-02 2.252467155456542969e+00
1.967935943603515625e+01 2.741891331970691681e-02 2.293691396713256836e+00
1.957893371582031250e+01 3.368033468723297119e-02 2.340012788772583008e+00
1.942191696166992188e+01 4.344154894351959229e-02 2.411407947540283203e+00
1.926813316345214844e+01 5.295980721712112427e-02 2.479734182357788086e+00
1.922078323364257812e+01 5.587868019938468933e-02 2.500280618667602539e+00
1.904068374633789062e+01 6.696826219558715820e-02 2.577849864959716797e+00
1.898721122741699219e+01 7.024678587913513184e-02 2.600214481353759766e+00
1.879821968078613281e+01 8.182132989168167114e-02 2.678551197052001953e+00
1.870358848571777344e+01 8.759438246488571167e-02 2.716503143310546875e+00
1.864243888854980469e+01 9.131851792335510254e-02 2.740608453750610352e+00
1.851954269409179688e+01 9.879565238952636719e-02 2.788506031036376953e+00
1.834055900573730469e+01 1.096643954515457153e-01 2.856639862060546875e+00
1.826588630676269531e+01 1.141875311732292175e-01 2.884060382843017578e+00
1.815922546386718750e+01 1.206428781151771545e-01 2.922619342803955078e+00
1.808333969116210938e+01 1.252306103706359863e-01 2.949427604675292969e+00
1.797084808349609375e+01 1.320269554853439331e-01 2.988501071929931641e+00
1.780823135375976562e+01 1.418434977531433105e-01 3.043540477752685547e+00
1.769248008728027344e+01 1.488244086503982544e-01 3.081204652786254883e+00
1.757726860046386719e+01 1.557703167200088501e-01 3.117603063583374023e+00
1.750170898437500000e+01 1.603249609470367432e-01 3.140752077102661133e+00
1.741022491455078125e+01 1.658398360013961792e-01 3.168200016021728516e+00
1.727977752685546875e+01 1.737048029899597168e-01 3.206325769424438477e+00
1.717569732666015625e+01 1.799828857183456421e-01 3.235577583312988281e+00
1.712035369873046875e+01 1.833231151103973389e-01 3.250628948211669922e+00
1.694212150573730469e+01 1.940845847129821777e-01 3.298231601715087891e+00
1.686408042907714844e+01 1.988037526607513428e-01 3.317830085754394531e+00
1.681402587890625000e+01 2.018333226442337036e-01 3.330044984817504883e+00
1.663545036315917969e+01 2.126485854387283325e-01 3.372803449630737305e+00
1.653593444824218750e+01 2.186907678842544556e-01 3.394977807998657227e+00
1.643693161010742188e+01 2.247120440006256104e-01 3.416104316711425781e+00
1.634262084960937500e+01 2.304588407278060913e-01 3.435333728790283203e+00
1.629953765869140625e+01 2.330892831087112427e-01 3.443723440170288086e+00
1.613983345031738281e+01 2.428496330976486206e-01 3.474149227142333984e+00
1.605956459045410156e+01 2.477739453315734863e-01 3.488168478012084961e+00
1.597264671325683594e+01 2.531176209449768066e-01 3.502645730972290039e+00
1.585385131835937500e+01 2.604391276836395264e-01 3.521380186080932617e+00
1.580148792266845703e+01 2.636779546737670898e-01 3.528995513916015625e+00
1.566527462005615234e+01 2.721174061298370361e-01 3.548060894012451172e+00
1.559597873687744141e+01 2.764304876327514648e-01 3.556761980056762695e+00
1.550466632843017578e+01 2.821282446384429932e-01 3.567550182342529297e+00
1.540711593627929688e+01 2.882361114025115967e-01 3.578111648559570312e+00
1.530720901489257812e+01 2.945156693458557129e-01 3.587860822677612305e+00
1.523849773406982422e+01 2.988522350788116455e-01 3.593804597854614258e+00
1.510858345031738281e+01 3.070757687091827393e-01 3.604042530059814453e+00
1.508275604248046875e+01 3.087200522422790527e-01 3.605696916580200195e+00
1.493357276916503906e+01 3.182289600372314453e-01 3.614812135696411133e+00
1.486291408538818359e+01 3.227640986442565918e-01 3.617908000946044922e+00
1.475656414031982422e+01 3.296131193637847900e-01 3.621686220169067383e+00
1.470675563812255859e+01 3.328372836112976074e-01 3.622827529907226562e+00
1.458707141876220703e+01 3.406031429767608643e-01 3.624856948852539062e+00
1.451504230499267578e+01 3.453036248683929443e-01 3.625036001205444336e+00
1.441405677795410156e+01 3.519156575202941895e-01 3.624398469924926758e+00
1.436293029785156250e+01 3.552781641483306885e-01 3.623438358306884766e+00
1.423739910125732422e+01 3.635514378547668457e-01 3.620282411575317383e+00
1.415236473083496094e+01 3.691831827163696289e-01 3.616801023483276367e+00
1.409853267669677734e+01 3.727584481239318848e-01 3.614013671875000000e+00
1.401987552642822266e+01 3.779903054237365723e-01 3.609396696090698242e+00
1.392499542236328125e+01 3.843136429786682129e-01 3.602859973907470703e+00
1.386714935302734375e+01 3.881762623786926270e-01 3.598154544830322266e+00
1.376548576354980469e+01 3.949705064296722412e-01 3.589105367660522461e+00
1.365781784057617188e+01 4.021744132041931152e-01 3.578053712844848633e+00
1.361126804351806641e+01 4.052909910678863525e-01 3.572593212127685547e+00
1.350674057006835938e+01 4.122894704341888428e-01 3.559661388397216797e+00
1.343388557434082031e+01 4.171665906906127930e-01 3.549587011337280273e+00
1.337727069854736328e+01 4.209549129009246826e-01 3.541175842285156250e+00
1.328091716766357422e+01 4.273989498615264893e-01 3.526082992553710938e+00
1.318218994140625000e+01 4.339947104454040527e-01 3.509245634078979492e+00
1.312261867523193359e+01 4.379689097404479980e-01 3.498224258422851562e+00
1.303616714477539062e+01 4.437303543090820312e-01 3.481465816497802734e+00
1.295416164398193359e+01 4.491863548755645752e-01 3.464505434036254883e+00
1.292195224761962891e+01 4.513255059719085693e-01 3.457442283630371094e+00
1.284534645080566406e+01 4.564092755317687988e-01 3.440264940261840820e+00
1.276538467407226562e+01 4.617057740688323975e-01 3.421386718750000000e+00
1.268686962127685547e+01 4.668954312801361084e-01 3.401866436004638672e+00
1.257294082641601562e+01 4.744090735912322998e-01 3.372122049331665039e+00
1.252080345153808594e+01 4.778357744216918945e-01 3.357552766799926758e+00
1.246156311035156250e+01 4.817227423191070557e-01 3.340494394302368164e+00
1.236734104156494141e+01 4.878928363323211670e-01 3.312443017959594727e+00
1.228059673309326172e+01 4.935548007488250732e-01 3.285254001617431641e+00
1.224402046203613281e+01 4.959346652030944824e-01 3.273252487182617188e+00
1.215972328186035156e+01 5.014120936393737793e-01 3.245065450668334961e+00
1.209631061553955078e+01 5.055192112922668457e-01 3.222938299179077148e+00
1.199887466430664062e+01 5.118140578269958496e-01 3.187859058380126953e+00
1.195677947998046875e+01 5.145227909088134766e-01 3.171977281570434570e+00
1.184946346282958984e+01 5.214161872863769531e-01 3.130679607391357422e+00
1.181140327453613281e+01 5.238496661186218262e-01 3.115292310714721680e+00
1.174977779388427734e+01 5.277832746505737305e-01 3.089947223663330078e+00
1.163283061981201172e+01 5.352275371551513672e-01 3.040515184402465820e+00
1.159566879272460938e+01 5.375803709030151367e-01 3.023990631103515625e+00
1.151759147644042969e+01 5.425149798393249512e-01 2.988720417022705078e+00
1.147126674652099609e+01 5.454318523406982422e-01 2.967098951339721680e+00
1.138271141052246094e+01 5.509952306747436523e-01 2.924969434738159180e+00
1.132908916473388672e+01 5.543491840362548828e-01 2.898526191711425781e+00
1.122875881195068359e+01 5.606077313423156738e-01 2.847979307174682617e+00
1.116884994506835938e+01 5.643256306648254395e-01 2.816585302352905273e+00
1.110530567169189453e+01 5.682567954063415527e-01 2.782508611679077148e+00
1.103323173522949219e+01 5.727006793022155762e-01 2.742912292480468750e+00
1.099321460723876953e+01 5.751584768295288086e-01 2.720324754714965820e+00
1.091959667205810547e+01 5.796701908111572266e-01 2.678149700164794922e+00
1.087378215789794922e+01 5.824666023254394531e-01 2.651184320449829102e+00
1.081024646759033203e+01 5.863348245620727539e-01 2.613161563873291016e+00
1.073258399963378906e+01 5.910463333129882812e-01 2.565611600875854492e+00
1.064377307891845703e+01 5.964105129241943359e-01 2.509716749191284180e+00
1.059184455871582031e+01 5.995309948921203613e-01 2.476003408432006836e+00
1.053759574890136719e+01 6.027810573577880859e-01 2.440146446228027344e+00
1.044789028167724609e+01 6.081383228302001953e-01 2.379741430282592773e+00
1.041177749633789062e+01 6.102836132049560547e-01 2.354673862457275391e+00
1.034852409362792969e+01 6.140330433845520020e-01 2.310231924057006836e+00
1.026133632659912109e+01 6.191816329956054688e-01 2.247670650482177734e+00
1.024220371246337891e+01 6.203054785728454590e-01 2.233542442321777344e+00
1.017526435852050781e+01 6.242328882217407227e-01 2.183801889419555664e+00
1.010514163970947266e+01 6.283302307128906250e-01 2.130550146102905273e+00
1.003934860229492188e+01 6.321579813957214355e-01 2.079447031021118164e+00
9.999727249145507812e+00 6.344537138938903809e-01 2.048019409179687500e+00
9.931610107421875000e+00 6.383907794952392578e-01 1.993306875228881836e+00
9.877567291259765625e+00 6.415010690689086914e-01 1.948958516120910645e+00
9.789135932922363281e+00 6.465731859207153320e-01 1.875155806541442871e+00
9.731543540954589844e+00 6.498579978942871094e-01 1.825756430625915527e+00
9.701092720031738281e+00 6.515884399414062500e-01 1.799171566963195801e+00
9.634211540222167969e+00 6.553817391395568848e-01 1.740236401557922363e+00
9.566875457763671875e+00 6.591845750808715820e-01 1.679681301116943359e+00
9.537279129028320312e+00 6.608488559722900391e-01 1.652519226074218750e+00
9.442424774169921875e+00 6.661725640296936035e-01 1.564690113067626953e+00
9.402869224548339844e+00 6.683790683746337891e-01 1.527012825012207031e+00
9.359516143798828125e+00 6.707912683486938477e-01 1.485231518745422363e+00
9.296045303344726562e+00 6.743130087852478027e-01 1.423273921012878418e+00
9.218204498291015625e+00 6.786144375801086426e-01 1.345858812332153320e+00
9.201641082763671875e+00 6.795251369476318359e-01 1.329006910324096680e+00
9.141530036926269531e+00 6.828267574310302734e-01 1.267554402351379395e+00
9.084707260131835938e+00 6.859356760978698730e-01 1.208443403244018555e+00
9.036221504211425781e+00 6.885787844657897949e-01 1.157171964645385742e+00
8.975123405456542969e+00 6.918991804122924805e-01 1.091657161712646484e+00
8.896098136901855469e+00 6.961771249771118164e-01 1.005424976348876953e+00
8.855255126953125000e+00 6.983770132064819336e-01 9.598436951637268066e-01
8.798993110656738281e+00 7.013995647430419922e-01 8.963237404823303223e-01
8.765179634094238281e+00 7.032096982002258301e-01 8.575370907783508301e-01
8.707664489746093750e+00 7.062821984291076660e-01 7.909316420555114746e-01
8.628961563110351562e+00 7.104714512825012207e-01 6.983066797256469727e-01
8.606464385986328125e+00 7.116631269454956055e-01 6.712406277656555176e-01
8.526308059692382812e+00 7.159031033515930176e-01 5.742006301879882812e-01
8.485192298889160156e+00 7.180672883987426758e-01 5.233038067817687988e-01
8.440925598144531250e+00 7.203915715217590332e-01 4.678787887096405029e-01
8.403615951538085938e+00 7.223454117774963379e-01 4.205904603004455566e-01
8.333261489868164062e+00 7.260216474533081055e-01 3.304971158504486084e-01
8.274824142456054688e+00 7.290626764297485352e-01 2.542021274566650391e-01
8.254001617431640625e+00 7.301426529884338379e-01 2.265779376029968262e-01
8.210598945617675781e+00 7.323911786079406738e-01 1.686684042215347290e-01
8.132565498352050781e+00 7.364240288734436035e-01 6.331226229667663574e-02
8.089250564575195312e+00 7.386530637741088867e-01 3.573905676603317261e-03
8.050039291381835938e+00 7.452501058578491211e-01 6.563770771026611328e-02
8.008204460144042969e+00 7.522380948066711426e-01 1.286864876747131348e-01
7.962270736694335938e+00 7.598582506179809570e-01 1.944834589958190918e-01
7.921382427215576172e+00 7.665957808494567871e-01 2.499559372663497925e-01
7.885991573333740234e+00 7.723965048789978027e-01 2.957601249217987061e-01
7.813170433044433594e+00 7.842830419540405273e-01 3.863134980201721191e-01
7.776883602142333984e+00 7.901608347892761230e-01 4.278934001922607422e-01
7.714269161224365234e+00 8.002710342407226562e-01 4.968542456626892090e-01
7.658356666564941406e+00 8.092545866966247559e-01 5.543661713600158691e-01
7.640554904937744141e+00 8.121042251586914062e-01 5.716013908386230469e-01
7.564643383026123047e+00 8.242434859275817871e-01 6.437086462974548340e-01
7.505331039428710938e+00 8.336901068687438965e-01 6.955743432044982910e-01
7.463533401489257812e+00 8.403307795524597168e-01 7.298269271850585938e-01
7.430816650390625000e+00 8.455215096473693848e-01 7.554309964179992676e-01
7.350048065185546875e+00 8.583244681358337402e-01 8.163837790489196777e-01
7.300476551055908203e+00 8.661675453186035156e-01 8.504900932312011719e-01
7.260996818542480469e+00 8.724098205566406250e-01 8.761237263679504395e-01
7.200872898101806641e+00 8.819133043289184570e-01 9.133643507957458496e-01
7.139124393463134766e+00 8.916716575622558594e-01 9.488776922225952148e-01
7.110017776489257812e+00 8.962723016738891602e-01 9.643403887748718262e-01
7.018570899963378906e+00 9.107304811477661133e-01 1.011084198951721191e+00
6.959526538848876953e+00 9.200758337974548340e-01 1.037616372108459473e+00
6.932560920715332031e+00 9.243490099906921387e-01 1.048698067665100098e+00
6.858435153961181641e+00 9.361037611961364746e-01 1.077886939048767090e+00
6.814839363098144531e+00 9.430314898490905762e-01 1.093021273612976074e+00
6.775615215301513672e+00 9.492740035057067871e-01 1.105586290359497070e+00
6.675843715667724609e+00 9.651764631271362305e-01 1.135169029235839844e+00
6.655752658843994141e+00 9.683920741081237793e-01 1.139923572540283203e+00
6.601397991180419922e+00 9.771003127098083496e-01 1.152143955230712891e+00
6.508714675903320312e+00 9.919910430908203125e-01 1.170030117034912109e+00
6.488023281097412109e+00 9.953327178955078125e-01 1.172909617424011230e+00
6.400292396545410156e+00 1.009520292282104492e+00 1.184075474739074707e+00
6.331476688385009766e+00 1.020713567733764648e+00 1.189368844032287598e+00
6.298016071319580078e+00 1.026183724403381348e+00 1.190626740455627441e+00
6.256030082702636719e+00 1.033066034317016602e+00 1.191403031349182129e+00
6.191795825958251953e+00 1.043632030487060547e+00 1.191048860549926758e+00
6.101179599761962891e+00 1.058621168136596680e+00 1.187211275100708008e+00
6.066178798675537109e+00 1.064459919929504395e+00 1.183897614479064941e+00
6.005875110626220703e+00 1.074555635452270508e+00 1.176959753036499023e+00
5.966680526733398438e+00 1.081159591674804688e+00 1.171063661575317383e+00
5.876002788543701172e+00 1.096505522727966309e+00 1.155315995216369629e+00
5.837966442108154297e+00 1.103011608123779297e+00 1.146637439727783203e+00
5.781760215759277344e+00 1.112672686576843262e+00 1.132503151893615723e+00
5.724362373352050781e+00 1.122612714767456055e+00 1.116064310073852539e+00
5.661018371582031250e+00 1.133671522140502930e+00 1.095617651939392090e+00
5.631078720092773438e+00 1.138948202133178711e+00 1.084722757339477539e+00
5.544986724853515625e+00 1.154193520545959473e+00 1.051684021949768066e+00
5.524224281311035156e+00 1.157922506332397461e+00 1.042501926422119141e+00
5.470097064971923828e+00 1.167680025100708008e+00 1.017775177955627441e+00
5.425190448760986328e+00 1.175855875015258789e+00 9.955227971076965332e-01
5.372678279876708984e+00 1.185499668121337891e+00 9.677633643150329590e-01
5.304267406463623047e+00 1.198197841644287109e+00 9.288682937622070312e-01
5.263445377349853516e+00 1.205887556076049805e+00 9.034482240676879883e-01
5.212025165557861328e+00 1.215665698051452637e+00 8.696906566619873047e-01
5.131734848022460938e+00 1.231125831604003906e+00 8.134347796440124512e-01
5.085623741149902344e+00 1.240191578865051270e+00 7.777719497680664062e-01
5.061045169830322266e+00 1.245087742805480957e+00 7.576650381088256836e-01
5.012973308563232422e+00 1.254734873771667480e+00 7.171463370323181152e-01
4.968423366546630859e+00 1.263810157775878906e+00 6.773563623428344727e-01
4.901312828063964844e+00 1.277685284614562988e+00 6.141116023063659668e-01
4.884685039520263672e+00 1.281206130981445312e+00 5.971243977546691895e-01
4.823510646820068359e+00 1.294243335723876953e+00 5.333411693572998047e-01
4.794335365295410156e+00 1.300616025924682617e+00 5.005588531494140625e-01
4.732901573181152344e+00 1.314208269119262695e+00 4.289609491825103760e-01
4.696312904357910156e+00 1.322538852691650391e+00 3.828751742839813232e-01
4.664217472076416016e+00 1.329985380172729492e+00 3.404674828052520752e-01
4.634194850921630859e+00 1.337075233459472656e+00 2.990554273128509521e-01
4.575570106506347656e+00 1.351165056228637695e+00 2.147889286279678345e-01
4.559177875518798828e+00 1.355253100395202637e+00 1.891974508762359619e-01
4.517395496368408203e+00 1.365793824195861816e+00 1.223561093211174011e-01
4.483160972595214844e+00 1.374700784683227539e+00 6.399761885404586792e-02
4.440803050994873047e+00 1.386032581329345703e+00 -1.227691024541854858e-02
4.393460750579833984e+00 1.401885271072387695e+00 4.856711998581886292e-02
4.352027416229248047e+00 1.415681958198547363e+00 9.901472181081771851e-02
4.294018268585205078e+00 1.434912681579589844e+00 1.664437055587768555e-01
4.240908145904541016e+00 1.452419638633728027e+00 2.243328988552093506e-01
4.181211471557617188e+00 1.472007155418395996e+00 2.857317924499511719e-01
4.112185478210449219e+00 1.494550108909606934e+00 3.522642552852630615e-01
4.090048313140869141e+00 1.501745104789733887e+00 3.720584213733673096e-01
4.015264987945556641e+00 1.526018142700195312e+00 4.373516440391540527e-01
3.982753038406372070e+00 1.536524772644042969e+00 4.635007977485656738e-01
3.894007921218872070e+00 1.565156579017639160e+00 5.323742628097534180e-01
3.838090181350708008e+00 1.583121776580810547e+00 5.716271400451660156e-01
3.776426315307617188e+00 1.602889180183410645e+00 6.122087240219116211e-01
3.727071285247802734e+00 1.618676543235778809e+00 6.423951983451843262e-01
3.680757522583007812e+00 1.633468866348266602e+00 6.690622568130493164e-01
3.607488870620727539e+00 1.656841158866882324e+00 7.088563442230224609e-01
3.567174673080444336e+00 1.669678807258605957e+00 7.287278771400451660e-01
3.488221883773803711e+00 1.694801211357116699e+00 7.655354738235473633e-01
3.403818368911743164e+00 1.721623063087463379e+00 8.005650639533996582e-01
3.366450786590576172e+00 1.733486056327819824e+00 8.140962123870849609e-01
3.291438102722167969e+00 1.757293939590454102e+00 8.395486474037170410e-01
3.245274066925048828e+00 1.771940469741821289e+00 8.531291484832763672e-01
3.188879489898681641e+00 1.789832234382629395e+00 8.681837916374206543e-01
3.106434822082519531e+00 1.815991163253784180e+00 8.874817490577697754e-01
3.067792892456054688e+00 1.828256726264953613e+00 8.946924209594726562e-01
2.961009263992309570e+00 1.862163424491882324e+00 9.122737050056457520e-01
2.904222965240478516e+00 1.880216121673583984e+00 9.181959629058837891e-01
2.830076932907104492e+00 1.903810024261474609e+00 9.235712289810180664e-01
2.767302513122558594e+00 1.923814773559570312e+00 9.255204200744628906e-01
2.717761516571044922e+00 1.939625978469848633e+00 9.253205657005310059e-01
2.652606248855590820e+00 1.960448741912841797e+00 9.232496023178100586e-01
2.602561712265014648e+00 1.976473927497863770e+00 9.198238849639892578e-01
2.555606365203857422e+00 1.991535544395446777e+00 9.152786731719970703e-01
2.464352130889892578e+00 2.020857810974121094e+00 9.040008783340454102e-01
2.429203033447265625e+00 2.032193660736083984e+00 8.978049159049987793e-01
2.349139451980590820e+00 2.058056831359863281e+00 8.820421099662780762e-01
2.284348249435424805e+00 2.079068660736083984e+00 8.662025332450866699e-01
2.231993436813354492e+00 2.096107721328735352e+00 8.513406515121459961e-01
2.167222023010253906e+00 2.117254018783569336e+00 8.308475613594055176e-01
2.125411510467529297e+00 2.130961418151855469e+00 8.158981800079345703e-01
2.044295072555541992e+00 2.157633543014526367e+00 7.846850752830505371e-01
1.977620363235473633e+00 2.179690599441528320e+00 7.554083466529846191e-01
1.941242575645446777e+00 2.191792011260986328e+00 7.377431392669677734e-01
1.900764822959899902e+00 2.205302000045776367e+00 7.170244455337524414e-01
1.821773648262023926e+00 2.231768369674682617e+00 6.742279529571533203e-01
1.778574228286743164e+00 2.246359348297119141e+00 6.482040882110595703e-01
1.720304489135742188e+00 2.266136884689331055e+00 6.110696792602539062e-01
1.677939057350158691e+00 2.280617713928222656e+00 5.819970965385437012e-01
1.604466795921325684e+00 2.305870532989501953e+00 5.288374423980712891e-01
1.545752882957458496e+00 2.326260328292846680e+00 4.823613166809082031e-01
1.495597362518310547e+00 2.343838930130004883e+00 4.397313892841339111e-01
1.436532855033874512e+00 2.364719152450561523e+00 3.863891363143920898e-01
1.418189167976379395e+00 2.371276140213012695e+00 3.685961663722991943e-01
1.342690706253051758e+00 2.398364305496215820e+00 2.936983108520507812e-01
1.302821755409240723e+00 2.412903785705566406e+00 2.503283917903900146e-01
1.257979631423950195e+00 2.429417371749877930e+00 1.990487277507781982e-01
1.214258790016174316e+00 2.445710659027099609e+00 1.461114436388015747e-01
1.175906419754028320e+00 2.460186243057250977e+00 9.694907069206237793e-02
1.139044523239135742e+00 2.474270343780517578e+00 4.720320552587509155e-02
1.079241633415222168e+00 2.497414588928222656e+00 -3.771489858627319336e-02
1.057917237281799316e+00 2.507264137268066406e+00 -1.426255330443382263e-02
9.984748363494873047e-01 2.534681081771850586e+00 4.956747218966484070e-02
9.464679956436157227e-01 2.558578252792358398e+00 1.017998754978179932e-01
8.508803844451904297e-01 2.602373123168945312e+00 1.923935115337371826e-01
7.809077501296997070e-01 2.634280204772949219e+00 2.519397139549255371e-01
7.533990144729614258e-01 2.646788120269775391e+00 2.735719382762908936e-01
6.973415613174438477e-01 2.672251939773559570e+00 3.163053691387176514e-01
6.219993829727172852e-01 2.706411838531494141e+00 3.701529800891876221e-01
5.230650901794433594e-01 2.751169204711914062e+00 4.348321259021759033e-01
5.026044845581054688e-01 2.760403156280517578e+00 4.466645121574401855e-01
4.313021302223205566e-01 2.792569637298583984e+00 4.868423938751220703e-01
3.678504824638366699e-01 2.821158170700073242e+00 5.193825364112854004e-01
2.499787807464599609e-01 2.874218463897705078e+00 5.747163891792297363e-01
2.255882471799850464e-01 2.885183811187744141e+00 5.842715501785278320e-01
1.144250333309173584e-01 2.935152292251586914e+00 6.261063814163208008e-01
6.851702928543090820e-02 2.955777168273925781e+00 6.402063965797424316e-01
3.149680793285369873e-03 2.985144138336181641e+00 6.584727168083190918e-01
-6.854438036680221558e-02 3.017356872558593750e+00 6.757159233093261719e-01
-1.382026076316833496e-01 3.048664093017578125e+00 6.895389556884765625e-01
-2.040977478027343750e-01 3.078294038772583008e+00 6.999560594558715820e-01
-3.006077110767364502e-01 3.121717453002929688e+00 7.115627527236938477e-01
-3.538340926170349121e-01 3.145694017410278320e+00 7.150324583053588867e-01
-4.509221911430358887e-01 3.189465522766113281e+00 7.184260487556457520e-01
-4.943789541721343994e-01 3.209092140197753906e+00 7.175439000129699707e-01
-5.808769464492797852e-01 3.248195409774780273e+00 7.136428356170654297e-01
-6.460638046264648438e-01 3.277725934982299805e+00 7.074627876281738281e-01
-6.961143016815185547e-01 3.300441026687622070e+00 7.008225321769714355e-01
-7.860804796218872070e-01 3.341335535049438477e+00 6.862416267395019531e-01
-8.196747303009033203e-01 3.356652498245239258e+00 6.789938807487487793e-01
-8.901005387306213379e-01 3.388804435729980469e+00 6.623618602752685547e-01
-9.795880913734436035e-01 3.429776191711425781e+00 6.373378038406372070e-01
-1.050787448883056641e+00 3.462507009506225586e+00 6.133814454078674316e-01
-1.112836003303527832e+00 3.491135358810424805e+00 5.895976424217224121e-01
-1.170628309249877930e+00 3.517893552780151367e+00 5.650060176849365234e-01
-1.215707063674926758e+00 3.538839817047119141e+00 5.439920425415039062e-01
-1.291066408157348633e+00 3.573961973190307617e+00 5.063949823379516602e-01
-1.364920735359191895e+00 3.608569145202636719e+00 4.653552472591400146e-01
-1.407571196556091309e+00 3.628672838211059570e+00 4.391496181488037109e-01
-1.487864017486572266e+00 3.666662931442260742e+00 3.869498968124389648e-01
-1.527872085571289062e+00 3.685738086700439453e+00 3.581170141696929932e-01
-1.579646944999694824e+00 3.710529088973999023e+00 3.188636898994445801e-01
-1.647107839584350586e+00 3.743022918701171875e+00 2.642911970615386963e-01
-1.700444459915161133e+00 3.768931865692138672e+00 2.173789441585540771e-01
-1.778126239776611328e+00 3.806950092315673828e+00 1.443688571453094482e-01
-1.816808342933654785e+00 3.826112270355224609e+00 1.043177396059036255e-01
-1.851008415222167969e+00 3.843171358108520508e+00 6.711537390947341919e-02
-1.931604862213134766e+00 3.883637905120849609e+00 -2.452666312456130981e-02
-1.971020460128784180e+00 3.906697511672973633e+00 1.268419250845909119e-02
-2.058913230895996094e+00 3.958033323287963867e+00 9.204261004924774170e-02
-2.130109786987304688e+00 3.999478101730346680e+00 1.501504033803939819e-01
-2.229454040527343750e+00 4.057176589965820312e+00 2.248069047927856445e-01
-2.261791229248046875e+00 4.075906753540039062e+00 2.463839054107666016e-01
-2.331142663955688477e+00 4.116047382354736328e+00 2.908760011196136475e-01
-2.415085077285766602e+00 4.164564609527587891e+00 3.402346074581146240e-01
-2.512820959091186523e+00 4.220973014831542969e+00 3.916625380516052246e-01
-2.569121360778808594e+00 4.253423690795898438e+00 4.174332916736602783e-01
-2.656380653381347656e+00 4.303690433502197266e+00 4.540818929672241211e-01
-2.756772279739379883e+00 4.361483097076416016e+00 4.905313253402709961e-01
-2.802534103393554688e+00 4.387814044952392578e+00 5.042482018470764160e-01
-2.936850309371948242e+00 4.465094089508056641e+00 5.407374501228332520e-01
-2.991392135620117188e+00 4.496475696563720703e+00 5.511284470558166504e-01
-3.069574117660522461e+00 4.541470050811767578e+00 5.635079145431518555e-01
-3.143190860748291016e+00 4.583857536315917969e+00 5.717938542366027832e-01
-3.217005014419555664e+00 4.626386165618896484e+00 5.769407749176025391e-01
-3.313588142395019531e+00 4.682078838348388672e+00 5.795386433601379395e-01
-3.394590854644775391e+00 4.728849411010742188e+00 5.771698951721191406e-01
-3.447452306747436523e+00 4.759413719177246094e+00 5.731205344200134277e-01
-3.578389167785644531e+00 4.835200309753417969e+00 5.590100884437561035e-01
-3.655914545059204102e+00 4.880202770233154297e+00 5.445761084556579590e-01
-3.711078882217407227e+00 4.912293434143066406e+00 5.316776633262634277e-01
-3.782219171524047852e+00 4.953749179840087891e+00 5.125803947448730469e-01
-3.869435787200927734e+00 5.004695415496826172e+00 4.851849675178527832e-01
-3.928577661514282227e+00 5.039356708526611328e+00 4.631889164447784424e-01
-3.990601539611816406e+00 5.075798988342285156e+00 4.375981688499450684e-01
-4.085833072662353516e+00 5.131915092468261719e+00 3.941079676151275635e-01
-4.139041900634765625e+00 5.163423538208007812e+00 3.660407364368438721e-01
-4.212092399597167969e+00 5.206817150115966797e+00 3.244539499282836914e-01
-4.281687736511230469e+00 5.248353004455566406e+00 2.806502282619476318e-01
-4.397223949432373047e+00 5.317653179168701172e+00 2.008974552154541016e-01
-4.424360275268554688e+00 5.334084033966064453e+00 1.791885644197463989e-01
-4.495566844940185547e+00 5.377311706542968750e+00 1.202144846320152283e-01
-4.570934772491455078e+00 5.423401355743408203e+00 5.191797763109207153e-02
-4.634080410003662109e+00 5.462358951568603516e+00 -1.103713363409042358e-02
-4.692219257354736328e+00 5.504168987274169922e+00 4.177249222993850708e-02
-4.834683418273925781e+00 5.606371402740478516e+00 1.627255678176879883e-01
-4.876332283020019531e+00 5.636092662811279297e+00 1.924930065870285034e-01
-5.019669055938720703e+00 5.738255977630615234e+00 2.898598611354827881e-01
-5.062203884124755859e+00 5.768457412719726562e+00 3.138189911842346191e-01
-5.137571334838867188e+00 5.821924686431884766e+00 3.538741469383239746e-01
-5.306832313537597656e+00 5.941833496093750000e+00 4.345541596412658691e-01
-5.366085052490234375e+00 5.983698368072509766e+00 4.558492004871368408e-01
-5.494404792785644531e+00 6.074306964874267578e+00 4.970031380653381348e-01
-5.581432342529296875e+00 6.135693550109863281e+00 5.177883505821228027e-01
-5.636241912841796875e+00 6.174339771270751953e+00 5.279262065887451172e-01
-5.787309169769287109e+00 6.280846595764160156e+00 5.508182644844055176e-01
-5.823284149169921875e+00 6.306209087371826172e+00 5.529769659042358398e-01
-5.957601070404052734e+00 6.400917053222656250e+00 5.581407546997070312e-01
-6.035655975341796875e+00 6.455992698669433594e+00 5.548312664031982422e-01
-6.141348838806152344e+00 6.530624389648437500e+00 5.453545451164245605e-01
-6.268138885498046875e+00 6.620265483856201172e+00 5.257617831230163574e-01
-6.357694625854492188e+00 6.683706760406494141e+00 5.047807097434997559e-01
-6.433324813842773438e+00 6.737380504608154297e+00 4.826602041721343994e-01
-6.496831893920898438e+00 6.782532691955566406e+00 4.608629643917083740e-01
-6.588180065155029297e+00 6.847592830657958984e+00 4.254924356937408447e-01
-6.725630760192871094e+00 6.945765018463134766e+00 3.632380664348602295e-01
-6.829913616180419922e+00 7.020622730255126953e+00 3.050047159194946289e-01
-6.907560348510742188e+00 7.076627254486083984e+00 2.548501491546630859e-01
-6.942304611206054688e+00 7.101793766021728516e+00 2.299525290727615356e-01
-7.023670673370361328e+00 7.160856723785400391e+00 1.689126044511795044e-01
-7.133278846740722656e+00 7.240855216979980469e+00 7.757293432950973511e-02
-7.211222648620605469e+00 7.298238277435302734e+00 2.887450158596038818e-03
-7.280980587005615234e+00 7.349986076354980469e+00 -7.104592770338058472e-02
-7.414309978485107422e+00 7.466582775115966797e+00 5.610013753175735474e-02
-7.468678951263427734e+00 7.513759136199951172e+00 1.002237498760223389e-01
-7.578302860260009766e+00 7.608627319335937500e+00 1.835103780031204224e-01
-7.765313625335693359e+00 7.769664764404296875e+00 3.071098327636718750e-01
-7.867732048034667969e+00 7.857220172882080078e+00 3.590441346168518066e-01
-7.988751411437988281e+00 7.960350990295410156e+00 4.111803174018859863e-01
-8.074746131896972656e+00 8.033394813537597656e+00 4.408323466777801514e-01
-8.227033615112304688e+00 8.162491798400878906e+00 4.844104647636413574e-01
-8.360619544982910156e+00 8.275381088256835938e+00 5.091021060943603516e-01
-8.471911430358886719e+00 8.369226455688476562e+00 5.200487375259399414e-01
-8.608589172363281250e+00 8.484313964843750000e+00 5.237554311752319336e-01
-8.716346740722656250e+00 8.574925422668457031e+00 5.172286033630371094e-01
-8.875144004821777344e+00 8.708362579345703125e+00 4.965160191059112549e-01
-8.947490692138671875e+00 8.769121170043945312e+00 4.794371426105499268e-01
-9.019758224487304688e+00 8.829817771911621094e+00 4.587840139865875244e-01
-9.149577140808105469e+00 8.938876152038574219e+00 4.150600731372833252e-01
-9.334682464599609375e+00 9.094499588012695312e+00 3.350042104721069336e-01
-9.400182723999023438e+00 9.149681091308593750e+00 2.969588041305541992e-01
-9.476486206054687500e+00 9.214048385620117188e+00 2.482280582189559937e-01
-9.582533836364746094e+00 9.303669929504394531e+00 1.729223281145095825e-01
-9.671516418457031250e+00 9.379107475280761719e+00 1.001139506697654724e-01
-9.781855583190917969e+00 9.472975730895996094e+00 -1.359805464744567871e-03
-9.926668167114257812e+00 9.596849441528320312e+00 -1.552312076091766357e-01
-1.000135421752929688e+01 9.672408103942871094e+00 -9.327894449234008789e-02
-1.015093803405761719e+01 9.822847366333007812e+00 1.938221603631973267e-02
-1.036892223358154297e+01 1.003970241546630859e+01 1.526647210121154785e-01
-1.053773498535156250e+01 1.020533275604248047e+01 2.247468978166580200e-01
-1.074676322937011719e+01 1.040855026245117188e+01 2.871768176555633545e-01
-1.088392543792724609e+01 1.054054069519042969e+01 3.075378239154815674e-01
-1.096932888031005859e+01 1.062223052978515625e+01 3.121212422847747803e-01
-1.125424289703369141e+01 1.089379978179931641e+01 3.107764720916748047e-01
-1.138694763183593750e+01 1.101883125305175781e+01 2.837750315666198730e-01
-1.148425769805908203e+01 1.111007499694824219e+01 2.546873688697814941e-01
-1.164148521423339844e+01 1.125700473785400391e+01 1.962539404630661011e-01
-1.187770271301269531e+01 1.147656440734863281e+01 7.908888161182403564e-02
-1.193250465393066406e+01 1.152709484100341797e+01 4.042679816484451294e-02
-1.207502269744873047e+01 1.165828704833984375e+01 -6.797993928194046021e-02
-1.237183380126953125e+01 1.198328208923339844e+01 1.434585154056549072e-01
-1.272371578216552734e+01 1.235657787322998047e+01 2.928586006164550781e-01
-1.295155334472656250e+01 1.259064102172851562e+01 3.246349394321441650e-01
-1.320617580413818359e+01 1.284730434417724609e+01 3.175375163555145264e-01
-1.347005844116210938e+01 1.310773372650146484e+01 2.610178589820861816e-01
-1.370095634460449219e+01 1.333046913146972656e+01 1.649201810359954834e-01
-1.402906608581542969e+01 1.364017581939697266e+01 -3.560556471347808838e-02
-1.419935226440429688e+01 1.379506111145019531e+01 -1.967619806528091431e-01
-1.494380283355712891e+01 1.462145709991455078e+01 2.143328934907913208e-01
-1.551097869873046875e+01 1.516984367370605469e+01 1.724287122488021851e-01
-1.652542304992675781e+01 1.606008720397949219e+01 -2.938694953918457031e-01
-1.712396621704101562e+01 1.645575523376464844e+01 -1.133657217025756836e+00
-6.996408081054687500e+01 -1.945293235778808594e+01 -3.317748641967773438e+01
3.536142467072000000e+12 -2.207669288960000000e+12 -5.383671250944000000e+12
nan nan nan
nan nan nan
nan nan nan
nan nan nan
nan nan nan
nan nan nan
nan nan nan
nan nan nan
nan nan nan
nan nan nan
nan nan nan
nan nan nan
nan nan nan
nan nan nan
nan nan nan
nan nan nan
nan nan nan
nan nan nan
nan nan nan
nan nan nan
nan nan nan
nan nan nan
nan nan nan
nan nan nan
nan nan nan
nan nan nan
nan nan nan
nan nan nan
nan nan nan
nan nan nan
