2.331712532043457031e+01 -2.327740043401718140e-01 3.183509707450866699e-01
2.313896369934082031e+01 -2.286630272865295410e-01 4.313690066337585449e-01
2.300324058532714844e+01 -2.256054431200027466e-01 5.163130760192871094e-01
2.291735649108886719e+01 -2.237054109573364258e-01 5.694999098777770996e-01
2.281900215148925781e+01 -2.215541005134582520e-01 6.299964189529418945e-01
2.262542533874511719e+01 -2.173748910427093506e-01 7.481199502944946289e-01
2.250623512268066406e+01 -2.148675173521041870e-01 8.196907639503479004e-01
2.245672607421875000e+01 -2.138422429561614990e-01 8.491185307502746582e-01
2.224628067016601562e+01 -2.095122635364532471e-01 9.736660718917846680e-01
2.217893600463867188e+01 -2.081647962331771851e-01 1.012779951095581055e+00
2.206012153625488281e+01 -2.058080583810806274e-01 1.081362605094909668e+00
2.193560028076171875e+01 -2.033758014440536499e-01 1.152444839477539062e+00
2.181662750244140625e+01 -2.010888010263442993e-01 1.219552993774414062e+00
2.167725944519042969e+01 -1.984499692916870117e-01 1.297250509262084961e+00
2.155166625976562500e+01 -1.961134374141693115e-01 1.366288542747497559e+00
2.144752883911132812e+01 -1.942061036825180054e-01 1.422788977622985840e+00
2.133101463317871094e+01 -1.920991092920303345e-01 1.485306262969970703e+00
2.118357467651367188e+01 -1.894702315330505371e-01 1.563415884971618652e+00
2.113567352294921875e+01 -1.886310726404190063e-01 1.588375210762023926e+00
2.093283843994140625e+01 -1.850974708795547485e-01 1.693481206893920898e+00
2.083988761901855469e+01 -1.835162490606307983e-01 1.740502357482910156e+00
2.072706413269042969e+01 -1.816168427467346191e-01 1.796929597854614258e+00
2.063996696472167969e+01 -1.801686882972717285e-01 1.839875817298889160e+00
2.047931098937988281e+01 -1.775223016738891602e-01 1.918209314346313477e+00
2.045379447937011719e+01 -1.771090179681777954e-01 1.930388450622558594e+00
2.033617973327636719e+01 -1.752088814973831177e-01 1.986330389976501465e+00
2.016238403320312500e+01 -1.724333614110946655e-01 2.067659139633178711e+00
2.005912780761718750e+01 -1.708111912012100220e-01 2.114786148071289062e+00
1.999148559570312500e+01 -1.697579473257064819e-01 2.145187616348266602e+00
1.985603332519531250e+01 -1.676604300737380981e-01 2.205441474914550781e+00
1.975457382202148438e+01 -1.661059707403182983e-01 2.249625444412231445e+00
1.964900207519531250e+01 -1.645002216100692749e-01 2.294851541519165039e+00
1.953794860839843750e+01 -1.628229171037673950e-01 2.341595888137817383e+00
1.940002250671386719e+01 -1.607538014650344849e-01 2.398552656173706055e+00
1.929699707031250000e+01 -1.592199206352233887e-01 2.440062761306762695e+00
1.919447326660156250e+01 -1.577009260654449463e-01 2.480590581893920898e+00
1.912745857238769531e+01 -1.567122340202331543e-01 2.506567955017089844e+00
1.904435920715332031e+01 -1.554891467094421387e-01 2.538359403610229492e+00
1.892353248596191406e+01 -1.537153571844100952e-01 2.583819866180419922e+00
1.881806945800781250e+01 -1.521720290184020996e-01 2.622515916824340820e+00
1.874300765991210938e+01 -1.510757356882095337e-01 2.649437904357910156e+00
1.861817359924316406e+01 -1.492541134357452393e-01 2.693470478057861328e+00
1.852041244506835938e+01 -1.478288024663925171e-01 2.726975917816162109e+00
1.840060043334960938e+01 -1.460817903280258179e-01 2.767087697982788086e+00
1.835510063171386719e+01 -1.454177349805831909e-01 2.781872034072875977e+00
1.822269248962402344e+01 -1.434838771820068359e-01 2.824394702911376953e+00
1.814553451538085938e+01 -1.423541158437728882e-01 2.848315238952636719e+00
1.807454681396484375e+01 -1.413124799728393555e-01 2.869855880737304688e+00
1.796528053283691406e+01 -1.397053748369216919e-01 2.902345418930053711e+00
1.789040946960449219e+01 -1.385995447635650635e-01 2.923896789550781250e+00
1.777695846557617188e+01 -1.369181722402572632e-01 2.955806255340576172e+00
1.770238113403320312e+01 -1.358065009117126465e-01 2.976029157638549805e+00
1.754627799987792969e+01 -1.334693580865859985e-01 3.017311096191406250e+00
1.751487731933593750e+01 -1.329945027828216553e-01 3.025167226791381836e+00
1.737102317810058594e+01 -1.308140307664871216e-01 3.060740232467651367e+00
1.727385711669921875e+01 -1.293248683214187622e-01 3.083461046218872070e+00
1.721531867980957031e+01 -1.284201592206954956e-01 3.096609354019165039e+00
1.715530776977539062e+01 -1.274876296520233154e-01 3.109751939773559570e+00
1.702728462219238281e+01 -1.254866570234298706e-01 3.137047767639160156e+00
1.696421623229980469e+01 -1.244881302118301392e-01 3.149705410003662109e+00
1.688023376464843750e+01 -1.231493726372718811e-01 3.166036605834960938e+00
1.676521492004394531e+01 -1.212984919548034668e-01 3.187438249588012695e+00
1.669275283813476562e+01 -1.201165542006492615e-01 3.200078487396240234e+00
1.658041572570800781e+01 -1.182676553726196289e-01 3.218841552734375000e+00
1.650412940979003906e+01 -1.169938817620277405e-01 3.230695724487304688e+00
1.640241241455078125e+01 -1.152780205011367798e-01 3.245688199996948242e+00
1.636987113952636719e+01 -1.147213205695152283e-01 3.250133752822875977e+00
1.627334785461425781e+01 -1.130623444914817810e-01 3.262984037399291992e+00
1.616702079772949219e+01 -1.112092062830924988e-01 3.276033401489257812e+00
1.606278800964355469e+01 -1.093636453151702881e-01 3.287615776062011719e+00
1.598436641693115234e+01 -1.079528629779815674e-01 3.295425415039062500e+00
1.591079235076904297e+01 -1.066130325198173523e-01 3.302106618881225586e+00
1.583590507507324219e+01 -1.052333712577819824e-01 3.308284759521484375e+00
1.575071716308593750e+01 -1.036451309919357300e-01 3.314585208892822266e+00
1.569669723510742188e+01 -1.026241630315780640e-01 3.318050622940063477e+00
1.559144687652587891e+01 -1.006176248192787170e-01 3.324141979217529297e+00
1.551798343658447266e+01 -9.919326752424240112e-02 3.327486515045166016e+00
1.544532299041748047e+01 -9.776791185140609741e-02 3.330161333084106445e+00
1.533430480957031250e+01 -9.556506574153900146e-02 3.333282947540283203e+00
1.525935077667236328e+01 -9.405200928449630737e-02 3.334383249282836914e+00
1.522815513610839844e+01 -9.341519325971603394e-02 3.334554910659790039e+00
1.509368801116943359e+01 -9.065776318311691284e-02 3.334778547286987305e+00
1.506300354003906250e+01 -9.001635760068893433e-02 3.334315776824951172e+00
1.498699855804443359e+01 -8.842120319604873657e-02 3.332876205444335938e+00
1.486588573455810547e+01 -8.585452288389205933e-02 3.329417228698730469e+00
1.482010459899902344e+01 -8.487011492252349854e-02 3.327398777008056641e+00
1.472270774841308594e+01 -8.276578038930892944e-02 3.322527170181274414e+00
1.467870998382568359e+01 -8.180594444274902344e-02 3.319766044616699219e+00
1.456888198852539062e+01 -7.940091192722320557e-02 3.312235832214355469e+00
1.449703407287597656e+01 -7.781366258859634399e-02 3.306256771087646484e+00
1.444165134429931641e+01 -7.658446580171585083e-02 3.301110506057739258e+00
1.435727119445800781e+01 -7.470600306987762451e-02 3.292632818222045898e+00
1.426913452148437500e+01 -7.273607701063156128e-02 3.282753705978393555e+00
1.422623825073242188e+01 -7.177426666021347046e-02 3.277418375015258789e+00
1.415147590637207031e+01 -7.009623944759368896e-02 3.267668247222900391e+00
1.406644725799560547e+01 -6.818510591983795166e-02 3.255676507949829102e+00
1.401420497894287109e+01 -6.700992584228515625e-02 3.247670173645019531e+00
1.391038322448730469e+01 -6.467454135417938232e-02 3.230971574783325195e+00
1.389159011840820312e+01 -6.425208598375320435e-02 3.227662086486816406e+00
1.380068588256835938e+01 -6.220929697155952454e-02 3.211400508880615234e+00
1.371332263946533203e+01 -6.024958565831184387e-02 3.194583892822265625e+00
1.365960025787353516e+01 -5.904754251241683960e-02 3.183530807495117188e+00
1.359975910186767578e+01 -5.771125853061676025e-02 3.170725584030151367e+00
1.352232837677001953e+01 -5.598654597997665405e-02 3.153439044952392578e+00
1.342831611633300781e+01 -5.390019714832305908e-02 3.131311655044555664e+00
1.337848377227783203e+01 -5.279993638396263123e-02 3.118839502334594727e+00
1.332217407226562500e+01 -5.156049504876136780e-02 3.104295969009399414e+00
1.323662853240966797e+01 -4.968452081084251404e-02 3.081421613693237305e+00
1.317284584045410156e+01 -4.829423502087593079e-02 3.063473701477050781e+00
1.310892677307128906e+01 -4.690778627991676331e-02 3.044811725616455078e+00
1.305163669586181641e+01 -4.567158222198486328e-02 3.027472019195556641e+00
1.300247955322265625e+01 -4.461609572172164917e-02 3.012117862701416016e+00
1.290796184539794922e+01 -4.259562119841575623e-02 2.981802940368652344e+00
1.285317134857177734e+01 -4.143476486206054688e-02 2.963336467742919922e+00
1.278785037994384766e+01 -4.005835205316543579e-02 2.940695524215698242e+00
1.273325920104980469e+01 -3.891581296920776367e-02 2.921144723892211914e+00
1.266813087463378906e+01 -3.756076097488403320e-02 2.897186756134033203e+00
1.257670783996582031e+01 -3.567244112491607666e-02 2.862485170364379883e+00
1.252887153625488281e+01 -3.469486534595489502e-02 2.843530893325805664e+00
1.248439407348632812e+01 -3.379119560122489929e-02 2.825515031814575195e+00
1.242451190948486328e+01 -3.258125483989715576e-02 2.800764322280883789e+00
1.235290336608886719e+01 -3.114539571106433868e-02 2.770363092422485352e+00
1.227752494812011719e+01 -2.964810468256473541e-02 2.737338066101074219e+00
1.220925807952880859e+01 -2.830592542886734009e-02 2.706441402435302734e+00
1.217095947265625000e+01 -2.756014838814735413e-02 2.688600301742553711e+00
1.209535408020019531e+01 -2.609601058065891266e-02 2.652812242507934570e+00
1.205205345153808594e+01 -2.526675537228584290e-02 2.631667375564575195e+00
1.199295902252197266e+01 -2.414242178201675415e-02 2.602298259735107422e+00
1.189280986785888672e+01 -2.225428447127342224e-02 2.551331758499145508e+00
1.184270191192626953e+01 -2.132452279329299927e-02 2.524805307388305664e+00
1.177714443206787109e+01 -2.011804282665252686e-02 2.489419460296630859e+00
1.174629592895507812e+01 -1.955651678144931793e-02 2.472344875335693359e+00
1.168047332763671875e+01 -1.836464554071426392e-02 2.435483694076538086e+00
1.161604785919189453e+01 -1.721131429076194763e-02 2.398502111434936523e+00
1.154754352569580078e+01 -1.599890552461147308e-02 2.358228921890258789e+00
1.149522304534912109e+01 -1.508436538279056549e-02 2.326689004898071289e+00
1.143655014038085938e+01 -1.406868454068899155e-02 2.290643930435180664e+00
1.139717769622802734e+01 -1.339460629969835281e-02 2.265941619873046875e+00
1.132534980773925781e+01 -1.217413321137428284e-02 2.220242500305175781e+00
1.125251293182373047e+01 -1.095375977456569672e-02 2.172715425491333008e+00
1.121017646789550781e+01 -1.025467365980148315e-02 2.144382238388061523e+00
1.116771221160888672e+01 -9.559488855302333832e-03 2.115546226501464844e+00
1.110203361511230469e+01 -8.493627421557903290e-03 2.070293903350830078e+00
1.103106498718261719e+01 -7.357666268944740295e-03 2.020295619964599609e+00
1.100309467315673828e+01 -6.916712969541549683e-03 2.000115394592285156e+00
1.092809772491455078e+01 -5.741525441408157349e-03 1.945499777793884277e+00
1.085637950897216797e+01 -4.636167548596858978e-03 1.891961097717285156e+00
1.082735919952392578e+01 -4.196062218397855759e-03 1.869782686233520508e+00
1.078761386871337891e+01 -3.597276750952005386e-03 1.839119911193847656e+00
1.070795631408691406e+01 -2.408137544989585876e-03 1.776871085166931152e+00
1.067934608459472656e+01 -1.988960430026054382e-03 1.753934860229492188e+00
1.061959743499755859e+01 -1.119492575526237488e-03 1.705597043037414551e+00
1.057235145568847656e+01 -4.417935269884765148e-04 1.666643857955932617e+00
1.051413917541503906e+01 3.836324904114007950e-04 1.617930054664611816e+00
1.043265056610107422e+01 1.522550708614289761e-03 1.548485517501831055e+00
1.038536167144775391e+01 2.169995568692684174e-03 1.507154345512390137e+00
1.034963417053222656e+01 2.653256990015506744e-03 1.475470066070556641e+00
1.027475738525390625e+01 3.656745655462145805e-03 1.408336043357849121e+00
1.023274993896484375e+01 4.208737984299659729e-03 1.369803071022033691e+00
1.019038867950439453e+01 4.759186413139104843e-03 1.330448508262634277e+00
1.015482807159423828e+01 5.216040648519992828e-03 1.296986937522888184e+00
1.007701873779296875e+01 6.206080317497253418e-03 1.222984910011291504e+00
1.004090976715087891e+01 6.655765697360038757e-03 1.187835454940795898e+00
9.993552207946777344e+00 7.239643950015306473e-03 1.141239404678344727e+00
9.944092750549316406e+00 7.841377519071102142e-03 1.091888546943664551e+00
9.905468940734863281e+00 8.304726332426071167e-03 1.052784085273742676e+00
9.826821327209472656e+00 9.237855672836303711e-03 9.722495675086975098e-01
9.801162719726562500e+00 9.535393677651882172e-03 9.453648328781127930e-01
9.737444877624511719e+00 1.026874780654907227e-02 8.781028985977172852e-01
9.708327293395996094e+00 1.059760991483926773e-02 8.467929959297180176e-01
9.636096000671386719e+00 1.140637788921594620e-02 7.684686183929443359e-01
9.597888946533203125e+00 1.182494685053825378e-02 7.261697649955749512e-01
9.539946556091308594e+00 1.245242264121770859e-02 6.613160967826843262e-01
9.512847900390625000e+00 1.274072472006082535e-02 6.304789781570434570e-01
9.458646774291992188e+00 1.331258751451969147e-02 5.683245062828063965e-01
9.417341232299804688e+00 1.374113187193870544e-02 5.202240347862243652e-01
9.350223541259765625e+00 1.442858856171369553e-02 4.411466419696807861e-01
9.323529243469238281e+00 1.469628605991601944e-02 4.090953767299652100e-01
9.258160591125488281e+00 1.534635573625564575e-02 3.300172388553619385e-01
9.229747772216796875e+00 1.562309358268976212e-02 2.950107157230377197e-01
9.154014587402343750e+00 1.635412871837615967e-02 2.009572833776473999e-01
9.127595901489257812e+00 1.660300791263580322e-02 1.674478352069854736e-01
9.092609405517578125e+00 1.692983694374561310e-02 1.227442324161529541e-01
9.050404548645019531e+00 1.731971465051174164e-02 6.829134374856948853e-02
8.995005607604980469e+00 1.782462000846862793e-02 -4.024975001811981201e-03
8.937968254089355469e+00 2.464222721755504608e-02 8.105670660734176636e-02
8.921561241149902344e+00 2.657952345907688141e-02 1.038594096899032593e-01
8.859594345092773438e+00 3.387435525655746460e-02 1.883198022842407227e-01
8.830092430114746094e+00 3.731011599302291870e-02 2.256828546524047852e-01
8.774419784545898438e+00 4.376527667045593262e-02 2.938464283943176270e-01
8.728510856628417969e+00 4.904824495315551758e-02 3.466039299964904785e-01
8.679946899414062500e+00 5.460691824555397034e-02 3.996207714080810547e-01
8.668388366699218750e+00 5.592339858412742615e-02 4.115781188011169434e-01
8.597158432006835938e+00 6.402781605720520020e-02 4.843409359455108643e-01
8.577839851379394531e+00 6.621258705854415894e-02 5.025777816772460938e-01
8.522624015808105469e+00 7.244899123907089233e-02 5.536156296730041504e-01
8.463297843933105469e+00 7.912640273571014404e-02 6.052091717720031738e-01
8.423273086547851562e+00 8.361782133579254150e-02 6.377925276756286621e-01
8.370800018310546875e+00 8.949705213308334351e-02 6.786383986473083496e-01
8.306879043579101562e+00 9.664732217788696289e-02 7.255141139030456543e-01
8.263562202453613281e+00 1.014862805604934692e-01 7.550052404403686523e-01
8.232142448425292969e+00 1.049946919083595276e-01 7.753268480300903320e-01
8.173114776611328125e+00 1.115851253271102905e-01 8.120863437652587891e-01
8.145075798034667969e+00 1.147159114480018616e-01 8.283127546310424805e-01
8.078628540039062500e+00 1.221375390887260437e-01 8.654206395149230957e-01
8.021700859069824219e+00 1.285020112991333008e-01 8.945357203483581543e-01
7.966354370117187500e+00 1.346978992223739624e-01 9.206866621971130371e-01
7.907428741455078125e+00 1.413057744503021240e-01 9.463567137718200684e-01
7.881332874298095703e+00 1.442386806011199951e-01 9.567252397537231445e-01
7.804230213165283203e+00 1.529145836830139160e-01 9.860784411430358887e-01
7.762328624725341797e+00 1.576471328735351562e-01 9.999989271163940430e-01
7.734538078308105469e+00 1.607935428619384766e-01 1.008515715599060059e+00
7.669785022735595703e+00 1.681375652551651001e-01 1.027266383171081543e+00
7.613517761230468750e+00 1.745464950799942017e-01 1.041364789009094238e+00
7.566375255584716797e+00 1.799383312463760376e-01 1.051601886749267578e+00
7.523890972137451172e+00 1.848157644271850586e-01 1.059650659561157227e+00
7.453187465667724609e+00 1.929624229669570923e-01 1.071293711662292480e+00
7.418358325958251953e+00 1.970012634992599487e-01 1.075601339340209961e+00
7.333017349243164062e+00 2.069316059350967407e-01 1.084444642066955566e+00
7.282720088958740234e+00 2.128356993198394775e-01 1.087189435958862305e+00
7.246601581573486328e+00 2.170996367931365967e-01 1.088119506835937500e+00
7.211337089538574219e+00 2.212807238101959229e-01 1.088297605514526367e+00
7.138913154602050781e+00 2.299051731824874878e-01 1.087197542190551758e+00
7.085168361663818359e+00 2.363649755716323853e-01 1.084139108657836914e+00
7.020901203155517578e+00 2.441469281911849976e-01 1.078480839729309082e+00
7.003113269805908203e+00 2.463210225105285645e-01 1.076247215270996094e+00
6.925718784332275391e+00 2.558062970638275146e-01 1.065719246864318848e+00
6.879672527313232422e+00 2.615185379981994629e-01 1.057342171669006348e+00
6.844424724578857422e+00 2.659251987934112549e-01 1.049952864646911621e+00
6.795660972595214844e+00 2.720595598220825195e-01 1.038683891296386719e+00
6.721853733062744141e+00 2.814268171787261963e-01 1.019411206245422363e+00
6.685838699340820312e+00 2.860622107982635498e-01 1.008338689804077148e+00
6.609581470489501953e+00 2.959491312503814697e-01 9.831316471099853516e-01
6.564308643341064453e+00 3.019137382507324219e-01 9.659053087234497070e-01
6.528099536895751953e+00 3.067331612110137939e-01 9.510215520858764648e-01
6.476441383361816406e+00 3.136675953865051270e-01 9.284982681274414062e-01
6.446722030639648438e+00 3.177075684070587158e-01 9.144583940505981445e-01
6.370531082153320312e+00 3.281437754631042480e-01 8.768274784088134766e-01
6.339645385742187500e+00 3.324603140354156494e-01 8.598235845565795898e-01
6.290396213531494141e+00 3.394039273262023926e-01 8.315319418907165527e-01
6.230976104736328125e+00 3.479034900665283203e-01 7.950704693794250488e-01
6.216917514801025391e+00 3.499517142772674561e-01 7.857521772384643555e-01
6.153663158416748047e+00 3.592100143432617188e-01 7.430620193481445312e-01
6.104206085205078125e+00 3.666036725044250488e-01 7.069251537322998047e-01
6.076656818389892578e+00 3.707958459854125977e-01 6.855269670486450195e-01
6.036159992218017578e+00 3.770227730274200439e-01 6.529886722564697266e-01
5.977112770080566406e+00 3.862470984458923340e-01 6.031433343887329102e-01
5.934614658355712891e+00 3.930497765541076660e-01 5.646123886108398438e-01
5.900416374206542969e+00 3.986279070377349854e-01 5.319660902023315430e-01
5.841610908508300781e+00 4.083742499351501465e-01 4.734398126602172852e-01
5.820326328277587891e+00 4.120056033134460449e-01 4.506793022155761719e-01
5.774260044097900391e+00 4.199541807174682617e-01 4.000956416130065918e-01
5.745992660522460938e+00 4.249570965766906738e-01 3.672150969505310059e-01
5.713460922241210938e+00 4.308115243911743164e-01 3.279827237129211426e-01
5.664105415344238281e+00 4.398739039897918701e-01 2.658999860286712646e-01
5.625255107879638672e+00 4.472420513629913330e-01 2.137439846992492676e-01
5.583605289459228516e+00 4.553630053997039795e-01 1.547837555408477783e-01
5.558185577392578125e+00 4.604805409908294678e-01 1.166218817234039307e-01
5.529423236846923828e+00 4.663943052291870117e-01 7.180274277925491333e-02
5.488498210906982422e+00 4.750235676765441895e-01 5.205102264881134033e-03
5.449683189392089844e+00 4.857780337333679199e-01 5.167338252067565918e-02
5.407270908355712891e+00 4.974779188632965088e-01 1.002770438790321350e-01
5.332130908966064453e+00 5.181156992912292480e-01 1.824178099632263184e-01
5.296983242034912109e+00 5.277019143104553223e-01 2.177713364362716675e-01
5.259962081909179688e+00 5.377708077430725098e-01 2.536164224147796631e-01
5.189532756805419922e+00 5.568730831146240234e-01 3.191285729408264160e-01
5.131883621215820312e+00 5.724342465400695801e-01 3.687835037708282471e-01
5.080816268920898438e+00 5.861721634864807129e-01 4.100813865661621094e-01
5.034059047698974609e+00 5.987173318862915039e-01 4.458241164684295654e-01
4.983379364013671875e+00 6.122856140136718750e-01 4.825980961322784424e-01
4.917462825775146484e+00 6.298964023590087891e-01 5.277600288391113281e-01
4.865285396575927734e+00 6.438034176826477051e-01 5.608724951744079590e-01
4.815557479858398438e+00 6.570366621017456055e-01 5.905267000198364258e-01
4.755559921264648438e+00 6.729822754859924316e-01 6.241869926452636719e-01
4.721010208129882812e+00 6.821526288986206055e-01 6.421438455581665039e-01
4.670982837677001953e+00 6.954233050346374512e-01 6.669903993606567383e-01
4.572138309478759766e+00 7.216244339942932129e-01 7.128425240516662598e-01
4.514226436614990234e+00 7.369587421417236328e-01 7.360627055168151855e-01
4.462961673736572266e+00 7.505296468734741211e-01 7.547982931137084961e-01
4.424097061157226562e+00 7.608177661895751953e-01 7.678059935569763184e-01
4.376057624816894531e+00 7.735361456871032715e-01 7.827814817428588867e-01
4.307859420776367188e+00 7.915960550308227539e-01 8.021288514137268066e-01
4.231840133666992188e+00 8.117386698722839355e-01 8.207111954689025879e-01
4.191344261169433594e+00 8.224790096282958984e-01 8.288666605949401855e-01
4.110694885253906250e+00 8.438838124275207520e-01 8.432837128639221191e-01
4.057586193084716797e+00 8.580015897750854492e-01 8.504003286361694336e-01
4.000605583190917969e+00 8.731683492660522461e-01 8.563715815544128418e-01
3.927558898925781250e+00 8.926424384117126465e-01 8.617464303970336914e-01
3.870382547378540039e+00 9.079205989837646484e-01 8.636704087257385254e-01
3.820213794708251953e+00 9.213539958000183105e-01 8.637914657592773438e-01
3.785552501678466797e+00 9.306535720825195312e-01 8.629233837127685547e-01
3.692470550537109375e+00 9.556648135185241699e-01 8.588218092918395996e-01
3.667306423187255859e+00 9.624552726745605469e-01 8.564192652702331543e-01
3.602399349212646484e+00 9.799932241439819336e-01 8.493131399154663086e-01
3.523614883422851562e+00 1.001355767250061035e+00 8.378205895423889160e-01
3.494523286819458008e+00 1.009280920028686523e+00 8.322734832763671875e-01
3.417606353759765625e+00 1.030274510383605957e+00 8.163163065910339355e-01
3.369013786315917969e+00 1.043606996536254883e+00 8.040500879287719727e-01
3.305004119873046875e+00 1.061233639717102051e+00 7.860350012779235840e-01
3.234192132949829102e+00 1.080833196640014648e+00 7.633453607559204102e-01
3.185374259948730469e+00 1.094428062438964844e+00 7.455406188964843750e-01
3.152996063232421875e+00 1.103486180305480957e+00 7.327141761779785156e-01
3.108719587326049805e+00 1.115913152694702148e+00 7.142310738563537598e-01
3.015182018280029297e+00 1.142287015914916992e+00 6.724055409431457520e-01
2.978237152099609375e+00 1.152812361717224121e+00 6.534840464591979980e-01
2.942874670028686523e+00 1.162932872772216797e+00 6.344212889671325684e-01
2.871655464172363281e+00 1.183408737182617188e+00 5.941475033760070801e-01
2.844220876693725586e+00 1.191373229026794434e+00 5.771213769912719727e-01
2.787383556365966797e+00 1.207940936088562012e+00 5.405852198600769043e-01
2.719410657882690430e+00 1.227930068969726562e+00 4.936618208885192871e-01
2.679340839385986328e+00 1.239849090576171875e+00 4.635944664478302002e-01
2.633866071701049805e+00 1.253476023674011230e+00 4.277645349502563477e-01
2.573639631271362305e+00 1.271684765815734863e+00 3.776280879974365234e-01
2.519222021102905273e+00 1.288347244262695312e+00 3.289245367050170898e-01
2.480512857437133789e+00 1.300349831581115723e+00 2.919289767742156982e-01
2.443485498428344727e+00 1.311943292617797852e+00 2.548312544822692871e-01
2.392689943313598633e+00 1.328006744384765625e+00 2.015682607889175415e-01
2.348608493804931641e+00 1.342152833938598633e+00 1.523352265357971191e-01
2.304233312606811523e+00 1.356593132019042969e+00 9.992390871047973633e-02
2.278806924819946289e+00 1.364994883537292480e+00 6.811296939849853516e-02
2.244957685470581055e+00 1.376286983489990234e+00 2.430237084627151489e-02
2.164476156234741211e+00 1.408778548240661621e+00 1.101798564195632935e-01
2.132909536361694336e+00 1.421453833580017090e+00 1.409589201211929321e-01
2.059569120407104492e+00 1.450850009918212891e+00 2.100401967763900757e-01
2.011480331420898438e+00 1.470050334930419922e+00 2.518123388290405273e-01
1.946970224380493164e+00 1.495751023292541504e+00 3.049634993076324463e-01
1.879626393318176270e+00 1.522510170936584473e+00 3.566103279590606689e-01
1.797082662582397461e+00 1.555231094360351562e+00 4.152832329273223877e-01
1.745202064514160156e+00 1.575745820999145508e+00 4.487957358360290527e-01
1.707596778869628906e+00 1.590596675872802734e+00 4.716371595859527588e-01
1.608052134513854980e+00 1.629876375198364258e+00 5.294078588485717773e-01
1.562932372093200684e+00 1.647646427154541016e+00 5.524681806564331055e-01
1.513283014297485352e+00 1.667188286781311035e+00 5.763607025146484375e-01
1.431144237518310547e+00 1.699499607086181641e+00 6.132515072822570801e-01
1.382936716079711914e+00 1.718449473381042480e+00 6.324108242988586426e-01
1.307401299476623535e+00 1.748134613037109375e+00 6.602106094360351562e-01
1.217493772506713867e+00 1.783460617065429688e+00 6.892408728599548340e-01
1.158338785171508789e+00 1.806704521179199219e+00 7.052434086799621582e-01
1.100884079933166504e+00 1.829286098480224609e+00 7.188512682914733887e-01
1.047155737876892090e+00 1.850411176681518555e+00 7.298424243927001953e-01
9.767097234725952148e-01 1.878122925758361816e+00 7.421498298645019531e-01
8.718150258064270020e-01 1.919418811798095703e+00 7.564030885696411133e-01
8.385957479476928711e-01 1.932516336441040039e+00 7.590118050575256348e-01
7.564707994461059570e-01 1.964916229248046875e+00 7.639803290367126465e-01
6.955500245094299316e-01 1.988990187644958496e+00 7.649489045143127441e-01
6.539103388786315918e-01 2.005468606948852539e+00 7.642323374748229980e-01
5.376986265182495117e-01 2.051508665084838867e+00 7.595952153205871582e-01
5.166572332382202148e-01 2.059872388839721680e+00 7.574121952056884766e-01
4.200046062469482422e-01 2.098317623138427734e+00 7.462565898895263672e-01
3.461033403873443604e-01 2.127813577651977539e+00 7.337249517440795898e-01
2.839470207691192627e-01 2.152696132659912109e+00 7.205602526664733887e-01
2.159609496593475342e-01 2.179988145828247070e+00 7.036986351013183594e-01
1.552500128746032715e-01 2.204440593719482422e+00 6.861847639083862305e-01
1.064282953739166260e-01 2.224168300628662109e+00 6.702926158905029297e-01
2.037440240383148193e-02 2.259038686752319336e+00 6.396560072898864746e-01
-4.274991899728775024e-02 2.284754276275634766e+00 6.136876344680786133e-01
-8.094477653503417969e-02 2.300382137298583984e+00 5.963585972785949707e-01
-1.442597508430480957e-01 2.326362371444702148e+00 5.659584999084472656e-01
-2.044879198074340820e-01 2.351200342178344727e+00 5.343200564384460449e-01
-2.539870738983154297e-01 2.371720075607299805e+00 5.060970783233642578e-01
-3.048556745052337646e-01 2.392905473709106445e+00 4.751355648040771484e-01
-3.692378997802734375e-01 2.419856548309326172e+00 4.332956969738006592e-01
-4.520873725414276123e-01 2.454781770706176758e+00 3.749152123928070068e-01
-4.937890768051147461e-01 2.472537279129028320e+00 3.423810899257659912e-01
-5.612051486968994141e-01 2.501404047012329102e+00 2.870276868343353271e-01
-6.094278097152709961e-01 2.522256851196289062e+00 2.440488189458847046e-01
-6.446022987365722656e-01 2.537587165832519531e+00 2.107903659343719482e-01
-6.886450052261352539e-01 2.556902170181274414e+00 1.672935634851455688e-01
-7.532885074615478516e-01 2.585489034652709961e+00 9.984545409679412842e-02
-8.151773810386657715e-01 2.613228321075439453e+00 2.977292239665985107e-02
-8.576530218124389648e-01 2.632548093795776367e+00 -2.236024290323257446e-02
-9.199718236923217773e-01 2.665936946868896484e+00 4.145641624927520752e-02
-9.876159429550170898e-01 2.702045202255249023e+00 1.061548590660095215e-01
-1.043785452842712402e+00 2.731921911239624023e+00 1.560598313808441162e-01
-1.093921184539794922e+00 2.758519649505615234e+00 1.979659497737884521e-01
-1.171630024909973145e+00 2.799658536911010742e+00 2.594621181488037109e-01
-1.260914683341979980e+00 2.846785306930541992e+00 3.242781758308410645e-01
-1.319339752197265625e+00 2.877532482147216797e+00 3.625878691673278809e-01
-1.421568155288696289e+00 2.931242942810058594e+00 4.251995086669921875e-01
-1.472687005996704102e+00 2.958031654357910156e+00 4.528159499168395996e-01
-1.533269762992858887e+00 2.989746570587158203e+00 4.834720790386199951e-01
-1.651222944259643555e+00 3.051425695419311523e+00 5.385089516639709473e-01
-1.723962068557739258e+00 3.089390277862548828e+00 5.670619010925292969e-01
-1.774511933326721191e+00 3.115751266479492188e+00 5.846980810165405273e-01
-1.898946404457092285e+00 3.180612087249755859e+00 6.244257688522338867e-01
-1.941550016403198242e+00 3.202798366546630859e+00 6.349826455116271973e-01
-2.038545608520507812e+00 3.253302574157714844e+00 6.567092537879943848e-01
-2.132769584655761719e+00 3.302353858947753906e+00 6.727610826492309570e-01
-2.164434909820556641e+00 3.318839550018310547e+00 6.765300035476684570e-01
-2.289965152740478516e+00 3.384201765060424805e+00 6.893259882926940918e-01
-2.358398914337158203e+00 3.419856071472167969e+00 6.916695237159729004e-01
-2.403773784637451172e+00 3.443510770797729492e+00 6.915544271469116211e-01
-2.514297723770141602e+00 3.501157760620117188e+00 6.885734796524047852e-01
-2.606058120727539062e+00 3.549084663391113281e+00 6.805982589721679688e-01
-2.679491519927978516e+00 3.587496995925903320e+00 6.705144643783569336e-01
-2.754696369171142578e+00 3.626893281936645508e+00 6.571058034896850586e-01
-2.794716596603393555e+00 3.647893905639648438e+00 6.482605934143066406e-01
-2.873035430908203125e+00 3.689034461975097656e+00 6.291387081146240234e-01
-2.970436334609985352e+00 3.740310430526733398e+00 6.008666753768920898e-01
-3.046927928924560547e+00 3.780703306198120117e+00 5.741340517997741699e-01
-3.141998052597045898e+00 3.831048488616943359e+00 5.363096594810485840e-01
-3.186842441558837891e+00 3.854890108108520508e+00 5.156541466712951660e-01
-3.248926162719726562e+00 3.887967586517333984e+00 4.851369857788085938e-01
-3.313148260116577148e+00 3.922292947769165039e+00 4.507247805595397949e-01
-3.374875307083129883e+00 3.955404043197631836e+00 4.146939516067504883e-01
-3.443783760070800781e+00 3.992509365081787109e+00 3.711410462856292725e-01
-3.537431001663208008e+00 4.043174743652343750e+00 3.066171407699584961e-01
-3.581564426422119141e+00 4.067225456237792969e+00 2.725340723991394043e-01
-3.679449558258056641e+00 4.120778083801269531e+00 1.927808970212936401e-01
-3.727986574172973633e+00 4.147588729858398438e+00 1.483124047517776489e-01
-3.800484895706176758e+00 4.187859058380126953e+00 7.784687727689743042e-02
-3.837847232818603516e+00 4.208806037902832031e+00 3.815103322267532349e-02
-3.901753425598144531e+00 4.244830608367919922e+00 -3.302676975727081299e-02
-3.980108261108398438e+00 4.296926975250244141e+00 4.169961810111999512e-02
-4.096300125122070312e+00 4.373822212219238281e+00 1.433075964450836182e-01
-4.170647621154785156e+00 4.422728061676025391e+00 2.003566473722457886e-01
-4.245285987854003906e+00 4.471662521362304688e+00 2.529816925525665283e-01
-4.336464881896972656e+00 4.531261920928955078e+00 3.118965923786163330e-01
-4.401956081390380859e+00 4.573928833007812500e+00 3.497558832168579102e-01
-4.530510902404785156e+00 4.657504081726074219e+00 4.181160628795623779e-01
-4.643465518951416016e+00 4.730659961700439453e+00 4.683600962162017822e-01
-4.673746109008789062e+00 4.750216960906982422e+00 4.796518087387084961e-01
-4.807837486267089844e+00 4.836765766143798828e+00 5.271664261817932129e-01
-4.894876956939697266e+00 4.892794609069824219e+00 5.509780049324035645e-01
-5.017125606536865234e+00 4.971377372741699219e+00 5.782374739646911621e-01
-5.048278331756591797e+00 4.991368770599365234e+00 5.830127000808715820e-01
-5.155807495117187500e+00 5.060350894927978516e+00 5.976182818412780762e-01
-5.244864940643310547e+00 5.117422580718994141e+00 6.043642759323120117e-01
-5.351263999938964844e+00 5.185564517974853516e+00 6.071652173995971680e-01
-5.489286422729492188e+00 5.273914337158203125e+00 6.026440858840942383e-01
-5.541385650634765625e+00 5.307254314422607422e+00 5.969108939170837402e-01
-5.672997951507568359e+00 5.391485691070556641e+00 5.785429477691650391e-01
-5.785068035125732422e+00 5.463241100311279297e+00 5.543935298919677734e-01
-5.815876960754394531e+00 5.482983589172363281e+00 5.456978082656860352e-01
-5.907231330871582031e+00 5.541543006896972656e+00 5.181919336318969727e-01
-6.067529678344726562e+00 5.644411563873291016e+00 4.607731103897094727e-01
-6.133158683776855469e+00 5.686635971069335938e+00 4.303243160247802734e-01
-6.182835102081298828e+00 5.718645095825195312e+00 4.049740433692932129e-01
-6.279766082763671875e+00 5.781184196472167969e+00 3.519725501537322998e-01
-6.408138275146484375e+00 5.864247322082519531e+00 2.721856534481048584e-01
-6.439663410186767578e+00 5.884741783142089844e+00 2.491836845874786377e-01
-6.551880836486816406e+00 5.957799434661865234e+00 1.640542447566986084e-01
-6.596764564514160156e+00 5.987186908721923828e+00 1.250657290220260620e-01
-6.680247783660888672e+00 6.041999816894531250e+00 4.847032576799392700e-02
-6.778876781463623047e+00 6.107136726379394531e+00 -5.171717703342437744e-02
-6.814507961273193359e+00 6.135179996490478516e+00 -2.072590962052345276e-02
-6.951877117156982422e+00 6.243035793304443359e+00 9.399767220020294189e-02
-7.084609985351562500e+00 6.346346855163574219e+00 1.881131529808044434e-01
-7.216410636901855469e+00 6.448195934295654297e+00 2.672461867332458496e-01
-7.279747962951660156e+00 6.496836185455322266e+00 2.990365326404571533e-01
-7.438591003417968750e+00 6.618497848510742188e+00 3.717302978038787842e-01
-7.555472373962402344e+00 6.707463741302490234e+00 4.127319157123565674e-01
-7.648151397705078125e+00 6.777727127075195312e+00 4.383715391159057617e-01
-7.805130958557128906e+00 6.896398067474365234e+00 4.728650152683258057e-01
-7.987033367156982422e+00 7.033293724060058594e+00 4.956477284431457520e-01
-8.045970916748046875e+00 7.077446937561035156e+00 4.966968297958374023e-01
-8.200159072875976562e+00 7.192814350128173828e+00 4.941238164901733398e-01
-8.294351577758789062e+00 7.263073921203613281e+00 4.839668571949005127e-01
-8.396829605102539062e+00 7.339391231536865234e+00 4.671270251274108887e-01
-8.533731460571289062e+00 7.441187381744384766e+00 4.360367953777313232e-01
-8.667676925659179688e+00 7.540606975555419922e+00 3.939948976039886475e-01
-8.765997886657714844e+00 7.613486289978027344e+00 3.543471395969390869e-01
-8.907030105590820312e+00 7.717955589294433594e+00 2.876718640327453613e-01
-9.042920112609863281e+00 7.818559169769287109e+00 2.089035511016845703e-01
-9.073673248291015625e+00 7.841329097747802734e+00 1.875723153352737427e-01
-9.228743553161621094e+00 7.956166267395019531e+00 7.566345483064651489e-02
-9.270039558410644531e+00 7.986787319183349609e+00 3.954152762889862061e-02
-9.432165145874023438e+00 8.132346153259277344e+00 1.876057684421539307e-01
-9.618354797363281250e+00 8.297034263610839844e+00 3.265082240104675293e-01
-9.840867996215820312e+00 8.490993499755859375e+00 4.559124410152435303e-01
-9.957917213439941406e+00 8.591493606567382812e+00 5.038893222808837891e-01
-1.023452186584472656e+01 8.827337265014648438e+00 5.947567820549011230e-01
-1.031529426574707031e+01 8.895141601562500000e+00 6.064545512199401855e-01
-1.056317043304443359e+01 9.102373123168945312e+00 6.298335194587707520e-01
-1.076718807220458984e+01 9.270835876464843750e+00 6.173955798149108887e-01
-1.088058853149414062e+01 9.363568305969238281e+00 5.958889126777648926e-01
-1.109905242919921875e+01 9.541282653808593750e+00 5.384003520011901855e-01
-1.122180461883544922e+01 9.640112876892089844e+00 4.877473711967468262e-01
-1.137574005126953125e+01 9.763335227966308594e+00 4.102494120597839355e-01
-1.160253524780273438e+01 9.943520545959472656e+00 2.679769694805145264e-01
-1.168878936767578125e+01 1.001123428344726562e+01 1.956374943256378174e-01
-1.187610721588134766e+01 1.015758514404296875e+01 2.059480547904968262e-02
-1.193973159790039062e+01 1.020671653747558594e+01 -5.457703024148941040e-02
-1.226507949829101562e+01 1.051963043212890625e+01 2.651001513004302979e-01
-1.252073192596435547e+01 1.074981021881103516e+01 4.275615811347961426e-01
-1.295623016357421875e+01 1.112586402893066406e+01 6.168147325515747070e-01
-1.326636505126953125e+01 1.137680149078369141e+01 6.617992520332336426e-01
-1.350295162200927734e+01 1.155998420715332031e+01 6.537113785743713379e-01
-1.395486068725585938e+01 1.189799976348876953e+01 5.782753229141235352e-01
-1.416886997222900391e+01 1.204664611816406250e+01 4.855333864688873291e-01
-1.464429759979248047e+01 1.236342239379882812e+01 2.134908735752105713e-01
-1.482839393615722656e+01 1.247178173065185547e+01 3.826305270195007324e-02
-1.509389495849609375e+01 1.261686897277832031e+01 -2.688828408718109131e-01
-1.635485458374023438e+01 1.328533172607421875e+01 9.122964739799499512e-02
-1.680941390991210938e+01 1.342309761047363281e+01 -2.570099383592605591e-02
-1.815164756774902344e+01 1.371462821960449219e+01 -6.028912663459777832e-01
-2.147472076416015625e+02 -4.302140045166015625e+01 -1.395475616455078125e+02
5.286082195562168320e+17 -3.250576385147666432e+18 -7.195513604689362944e+18
nan nan nan
nan nan nan
