2.347489356994628906e+01 -2.001012265682220459e-01 2.066886574029922485e-01
2.332101440429687500e+01 -2.067123949527740479e-01 3.070716559886932373e-01
2.317116737365722656e+01 -2.132604122161865234e-01 4.040228724479675293e-01
2.303047752380371094e+01 -2.195064872503280640e-01 4.942933917045593262e-01
2.283150482177734375e+01 -2.284671962261199951e-01 6.209253072738647461e-01
2.272469902038574219e+01 -2.333718836307525635e-01 6.880875229835510254e-01
2.251400375366210938e+01 -2.431434392929077148e-01 8.196921348571777344e-01
2.232750511169433594e+01 -2.519588172435760498e-01 9.345877170562744141e-01
2.214847373962402344e+01 -2.605563104152679443e-01 1.043472409248352051e+00
2.210430145263671875e+01 -2.627083659172058105e-01 1.069991469383239746e+00
2.193264389038085938e+01 -2.710995078086853027e-01 1.172707796096801758e+00
2.176224327087402344e+01 -2.795375883579254150e-01 1.273336768150329590e+00
2.165566635131835938e+01 -2.848798632621765137e-01 1.335418581962585449e+00
2.151947212219238281e+01 -2.917560040950775146e-01 1.414049148559570312e+00
2.134137725830078125e+01 -3.008279502391815186e-01 1.515668511390686035e+00
2.118842315673828125e+01 -3.087066113948822021e-01 1.601552605628967285e+00
2.102578544616699219e+01 -3.171598017215728760e-01 1.691565275192260742e+00
2.087174224853515625e+01 -3.252391517162322998e-01 1.775463342666625977e+00
2.076280784606933594e+01 -3.309989273548126221e-01 1.833857059478759766e+00
2.068903923034667969e+01 -3.349203467369079590e-01 1.872940897941589355e+00
2.050306129455566406e+01 -3.448410332202911377e-01 1.970678329467773438e+00
2.039557075500488281e+01 -3.506241142749786377e-01 2.025979280471801758e+00
2.027662277221679688e+01 -3.570526242256164551e-01 2.086393117904663086e+00
2.010108757019042969e+01 -3.665847182273864746e-01 2.174245834350585938e+00
1.999972534179687500e+01 -3.721257448196411133e-01 2.223836898803710938e+00
1.987809181213378906e+01 -3.787982761859893799e-01 2.282536983489990234e+00
1.982113075256347656e+01 -3.819354772567749023e-01 2.309562921524047852e+00
1.961660003662109375e+01 -3.932196795940399170e-01 2.405812263488769531e+00
1.950370597839355469e+01 -3.994859158992767334e-01 2.457333326339721680e+00
1.943170166015625000e+01 -4.034941494464874268e-01 2.489612579345703125e+00
1.931425285339355469e+01 -4.100431799888610840e-01 2.541650056838989258e+00
1.921995353698730469e+01 -4.153151810169219971e-01 2.582612752914428711e+00
1.910417556762695312e+01 -4.218001663684844971e-01 2.632083892822265625e+00
1.893264579772949219e+01 -4.314285516738891602e-01 2.703856945037841797e+00
1.886291503906250000e+01 -4.353537261486053467e-01 2.732095479965209961e+00
1.868409156799316406e+01 -4.454290270805358887e-01 2.803513765335083008e+00
1.858010292053222656e+01 -4.513006210327148438e-01 2.843523502349853516e+00
1.851362228393554688e+01 -4.550577402114868164e-01 2.868522167205810547e+00
1.840136528015136719e+01 -4.614048302173614502e-01 2.910099744796752930e+00
1.829746437072753906e+01 -4.672832787036895752e-01 2.947576045989990234e+00
1.820995521545410156e+01 -4.722361862659454346e-01 2.978341102600097656e+00
1.810825347900390625e+01 -4.779933393001556396e-01 3.013301134109497070e+00
1.796645164489746094e+01 -4.860207140445709229e-01 3.060737609863281250e+00
1.782067298889160156e+01 -4.942713379859924316e-01 3.107591629028320312e+00
1.771899986267089844e+01 -5.000222325325012207e-01 3.138865232467651367e+00
1.762510108947753906e+01 -5.053297281265258789e-01 3.166824102401733398e+00
1.753760337829589844e+01 -5.102714896202087402e-01 3.192069768905639648e+00
1.741785240173339844e+01 -5.170288085937500000e-01 3.225576639175415039e+00
1.734477615356445312e+01 -5.211465358734130859e-01 3.245136022567749023e+00
1.727181816101074219e+01 -5.252533555030822754e-01 3.264113903045654297e+00
1.713228416442871094e+01 -5.330990552902221680e-01 3.299348115921020508e+00
1.701566505432128906e+01 -5.396410226821899414e-01 3.327069520950317383e+00
1.698842048645019531e+01 -5.411659479141235352e-01 3.333201646804809570e+00
1.687309074401855469e+01 -5.476175546646118164e-01 3.358815670013427734e+00
1.677579879760742188e+01 -5.530464649200439453e-01 3.379179239273071289e+00
1.669302749633789062e+01 -5.576546192169189453e-01 3.395595550537109375e+00
1.658839797973632812e+01 -5.634674429893493652e-01 3.415355443954467773e+00
1.648210525512695312e+01 -5.693562626838684082e-01 3.434137105941772461e+00
1.634721755981445312e+01 -5.768068432807922363e-01 3.456276416778564453e+00
1.626057624816894531e+01 -5.815732479095458984e-01 3.469088554382324219e+00
1.616259384155273438e+01 -5.869487524032592773e-01 3.482535362243652344e+00
1.613142967224121094e+01 -5.886530280113220215e-01 3.486431837081909180e+00
1.604700088500976562e+01 -5.932652950286865234e-01 3.496655941009521484e+00
1.595086097717285156e+01 -5.985023379325866699e-01 3.507266283035278320e+00
1.580333614349365234e+01 -6.065118312835693359e-01 3.521717071533203125e+00
1.576830387115478516e+01 -6.084040403366088867e-01 3.524468421936035156e+00
1.565044689178466797e+01 -6.147622466087341309e-01 3.533172130584716797e+00
1.558687400817871094e+01 -6.181781291961669922e-01 3.536852598190307617e+00
1.551408958435058594e+01 -6.220808625221252441e-01 3.540430068969726562e+00
1.542277717590332031e+01 -6.269658803939819336e-01 3.543993711471557617e+00
1.529348278045654297e+01 -6.338641643524169922e-01 3.547375440597534180e+00
1.524392986297607422e+01 -6.364988684654235840e-01 3.547751903533935547e+00
1.515571975708007812e+01 -6.411840915679931641e-01 3.547784805297851562e+00
1.506112861633300781e+01 -6.461999416351318359e-01 3.546590566635131836e+00
1.495856475830078125e+01 -6.516312956809997559e-01 3.543844699859619141e+00
1.488794136047363281e+01 -6.553679108619689941e-01 3.540853500366210938e+00
1.477354907989501953e+01 -6.614191532135009766e-01 3.534764528274536133e+00
1.472495079040527344e+01 -6.639904975891113281e-01 3.531309127807617188e+00
1.465846633911132812e+01 -6.675096154212951660e-01 3.526070833206176758e+00
1.455517101287841797e+01 -6.729812026023864746e-01 3.516836404800415039e+00
1.448003578186035156e+01 -6.769672632217407227e-01 3.508864641189575195e+00
1.437814712524414062e+01 -6.823806762695312500e-01 3.496800184249877930e+00
1.428925418853759766e+01 -6.871150732040405273e-01 3.484770536422729492e+00
1.421634483337402344e+01 -6.910078525543212891e-01 3.473812103271484375e+00
1.416585063934326172e+01 -6.937100291252136230e-01 3.465595006942749023e+00
1.409825134277343750e+01 -6.973338723182678223e-01 3.454006671905517578e+00
1.397707366943359375e+01 -7.038456797599792480e-01 3.431811094284057617e+00
1.393228912353515625e+01 -7.062634825706481934e-01 3.422651767730712891e+00
1.383193397521972656e+01 -7.116914987564086914e-01 3.401325464248657227e+00
1.374225902557373047e+01 -7.165628671646118164e-01 3.380645036697387695e+00
1.369137859344482422e+01 -7.193381190299987793e-01 3.368075847625732422e+00
1.362181186676025391e+01 -7.231418490409851074e-01 3.350235223770141602e+00
1.353362083435058594e+01 -7.279801964759826660e-01 3.326472043991088867e+00
1.348906707763671875e+01 -7.304353713989257812e-01 3.313723802566528320e+00
1.339743518829345703e+01 -7.354964613914489746e-01 3.286724567413330078e+00
1.333404827117919922e+01 -7.390145063400268555e-01 3.266925096511840820e+00
1.326947402954101562e+01 -7.426107525825500488e-01 3.245954275131225586e+00
1.317064952850341797e+01 -7.481341361999511719e-01 3.212599277496337891e+00
1.310032463073730469e+01 -7.520865797996520996e-01 3.187471866607666016e+00
1.301769351959228516e+01 -7.567495703697204590e-01 3.156767368316650391e+00
1.293983364105224609e+01 -7.611646652221679688e-01 3.126513719558715820e+00
1.290575504302978516e+01 -7.631061077117919922e-01 3.112719058990478516e+00
1.280339336395263672e+01 -7.689497470855712891e-01 3.070551156997680664e+00
1.275647449493408203e+01 -7.716450095176696777e-01 3.050201892852783203e+00
1.267186164855957031e+01 -7.765198945999145508e-01 3.012649297714233398e+00
1.259030818939208984e+01 -7.812434434890747070e-01 2.974952459335327148e+00
1.255397605895996094e+01 -7.833586931228637695e-01 2.957504272460937500e+00
1.246636295318603516e+01 -7.884714007377624512e-01 2.914719343185424805e+00
1.240491485595703125e+01 -7.920776009559631348e-01 2.883498430252075195e+00
1.232022666931152344e+01 -7.970676422119140625e-01 2.839281320571899414e+00
1.225797367095947266e+01 -8.007562160491943359e-01 2.805558919906616211e+00
1.218719005584716797e+01 -8.049675822257995605e-01 2.766183376312255859e+00
1.214624118804931641e+01 -8.074154853820800781e-01 2.742717027664184570e+00
1.205781078338623047e+01 -8.127163052558898926e-01 2.691174030303955078e+00
1.199738883972167969e+01 -8.163599371910095215e-01 2.654662132263183594e+00
1.193980121612548828e+01 -8.198469281196594238e-01 2.619009017944335938e+00
1.187868499755859375e+01 -8.235622048377990723e-01 2.580297708511352539e+00
1.181638813018798828e+01 -8.273651599884033203e-01 2.539883375167846680e+00
1.176865577697753906e+01 -8.302915096282958984e-01 2.508163452148437500e+00
1.169643402099609375e+01 -8.347340226173400879e-01 2.459285020828247070e+00
1.163856029510498047e+01 -8.383118510246276855e-01 2.419033765792846680e+00
1.153536796569824219e+01 -8.447171449661254883e-01 2.345695734024047852e+00
1.147229099273681641e+01 -8.486608862876892090e-01 2.299132347106933594e+00
1.141069793701171875e+01 -8.525289893150329590e-01 2.252612113952636719e+00
1.135020256042480469e+01 -8.563446998596191406e-01 2.205899715423583984e+00
1.131796073913574219e+01 -8.583870530128479004e-01 2.180462598800659180e+00
1.124357223510742188e+01 -8.631100058555603027e-01 2.121101617813110352e+00
1.116238594055175781e+01 -8.682919144630432129e-01 2.054606437683105469e+00
1.110923576354980469e+01 -8.717040419578552246e-01 2.009833574295043945e+00
1.108554458618164062e+01 -8.732307553291320801e-01 1.989509463310241699e+00
1.100388431549072266e+01 -8.785019516944885254e-01 1.918887019157409668e+00
1.096575736999511719e+01 -8.809775114059448242e-01 1.884989023208618164e+00
1.089381313323974609e+01 -8.856616020202636719e-01 1.820199012756347656e+00
1.082776927947998047e+01 -8.899837732315063477e-01 1.759277105331420898e+00
1.074827957153320312e+01 -8.952105641365051270e-01 1.684331655502319336e+00
1.070146656036376953e+01 -8.983063101768493652e-01 1.639028310775756836e+00
1.065743160247802734e+01 -9.012281894683837891e-01 1.595757365226745605e+00
1.059439182281494141e+01 -9.054242372512817383e-01 1.532920837402343750e+00
1.052274894714355469e+01 -9.102146029472351074e-01 1.460041046142578125e+00
1.048953628540039062e+01 -9.124467968940734863e-01 1.425470471382141113e+00
1.041922187805175781e+01 -9.171837568283081055e-01 1.351501941680908203e+00
1.037933731079101562e+01 -9.198842644691467285e-01 1.308597326278686523e+00
1.031414508819580078e+01 -9.243109226226806641e-01 1.237579941749572754e+00
1.027911758422851562e+01 -9.267004728317260742e-01 1.198631644248962402e+00
1.018802738189697266e+01 -9.329299926757812500e-01 1.096228957176208496e+00
1.016869258880615234e+01 -9.342609047889709473e-01 1.073867082595825195e+00
1.010683631896972656e+01 -9.385246038436889648e-01 1.001895070075988770e+00
1.004844188690185547e+01 -9.425673484802246094e-01 9.326375722885131836e-01
9.982758522033691406e+00 -9.471335411071777344e-01 8.533189296722412109e-01
9.925861358642578125e+00 -9.511073231697082520e-01 7.832102179527282715e-01
9.900165557861328125e+00 -9.529091119766235352e-01 7.509921789169311523e-01
9.849246978759765625e+00 -9.564859271049499512e-01 6.866459250450134277e-01
9.765843391418457031e+00 -9.623656272888183594e-01 5.795985460281372070e-01
9.717905044555664062e+00 -9.657648801803588867e-01 5.164921283721923828e-01
9.661817550659179688e+00 -9.697551727294921875e-01 4.415788352489471436e-01
9.617362976074218750e+00 -9.729301333427429199e-01 3.811878263950347900e-01
9.563792228698730469e+00 -9.767678380012512207e-01 3.074295818805694580e-01
9.528477668762207031e+00 -9.793069362640380859e-01 2.580175399780273438e-01
9.470093727111816406e+00 -9.835148453712463379e-01 1.754539608955383301e-01
9.412167549133300781e+00 -9.877063632011413574e-01 9.208845347166061401e-02
9.387846946716308594e+00 -9.894730448722839355e-01 5.647459626197814941e-02
9.328980445861816406e+00 -9.937561154365539551e-01 -3.035756945610046387e-02
9.277667045593261719e+00 -9.951891899108886719e-01 5.112437158823013306e-02
9.242504119873046875e+00 -9.962168931961059570e-01 1.033815741539001465e-01
9.194434165954589844e+00 -9.976608753204345703e-01 1.717617213726043701e-01
9.164145469665527344e+00 -9.986020326614379883e-01 2.123904526233673096e-01
9.128855705261230469e+00 -9.997199177742004395e-01 2.580487132072448730e-01
9.083717346191406250e+00 -1.001180052757263184e+00 3.140704631805419922e-01
9.004142761230468750e+00 -1.003818511962890625e+00 4.077620804309844971e-01
8.956680297851562500e+00 -1.005454897880554199e+00 4.587041139602661133e-01
8.936687469482421875e+00 -1.006158590316772461e+00 4.790298342704772949e-01
8.890748023986816406e+00 -1.007788896560668945e+00 5.246887207031250000e-01
8.846776962280273438e+00 -1.009377717971801758e+00 5.661587119102478027e-01
8.788494110107421875e+00 -1.011518001556396484e+00 6.184265017509460449e-01
8.733919143676757812e+00 -1.013562798500061035e+00 6.641753315925598145e-01
8.686601638793945312e+00 -1.015367388725280762e+00 7.013835906982421875e-01
8.611969947814941406e+00 -1.018255352973937988e+00 7.568621635437011719e-01
8.561375617980957031e+00 -1.020256280899047852e+00 7.911903262138366699e-01
8.536693572998046875e+00 -1.021246194839477539e+00 8.069062232971191406e-01
8.457143783569335938e+00 -1.024457812309265137e+00 8.559845685958862305e-01
8.410861968994140625e+00 -1.026365280151367188e+00 8.816625475883483887e-01
8.373222351074218750e+00 -1.027934432029724121e+00 9.012418389320373535e-01
8.292065620422363281e+00 -1.031348824501037598e+00 9.412266612052917480e-01
8.265695571899414062e+00 -1.032479524612426758e+00 9.526944160461425781e-01
8.206261634826660156e+00 -1.035043478012084961e+00 9.774593114852905273e-01
8.151691436767578125e+00 -1.037429094314575195e+00 9.979921579360961914e-01
8.060132026672363281e+00 -1.041479706764221191e+00 1.029122829437255859e+00
8.014472961425781250e+00 -1.043539285659790039e+00 1.041931509971618652e+00
7.970665931701660156e+00 -1.045534133911132812e+00 1.052952766418457031e+00
7.895207881927490234e+00 -1.049001216888427734e+00 1.069866418838500977e+00
7.865565299987792969e+00 -1.050384044647216797e+00 1.075126290321350098e+00
7.775673389434814453e+00 -1.054602265357971191e+00 1.089448332786560059e+00
7.728954792022705078e+00 -1.056833505630493164e+00 1.094343900680541992e+00
7.677773952484130859e+00 -1.059300065040588379e+00 1.098270893096923828e+00
7.609413623809814453e+00 -1.062627077102661133e+00 1.101423263549804688e+00
7.558661460876464844e+00 -1.065129518508911133e+00 1.101694464683532715e+00
7.489923477172851562e+00 -1.068551659584045410e+00 1.099983811378479004e+00
7.434972286224365234e+00 -1.071323275566101074e+00 1.096364021301269531e+00
7.406344413757324219e+00 -1.072782397270202637e+00 1.093536972999572754e+00
7.347109794616699219e+00 -1.075817942619323730e+00 1.086668491363525391e+00
7.297629356384277344e+00 -1.078382253646850586e+00 1.079162240028381348e+00
7.233438491821289062e+00 -1.081740617752075195e+00 1.067491888999938965e+00
7.170823097229003906e+00 -1.085057258605957031e+00 1.053638577461242676e+00
7.128366947174072266e+00 -1.087333559989929199e+00 1.042589426040649414e+00
7.058903694152832031e+00 -1.091089010238647461e+00 1.022648096084594727e+00
6.982255458831787109e+00 -1.095290184020996094e+00 9.972293972969055176e-01
6.923296451568603516e+00 -1.098571777343750000e+00 9.747088551521301270e-01
6.904706954956054688e+00 -1.099619030952453613e+00 9.668685197830200195e-01
6.849565982818603516e+00 -1.102737426757812500e+00 9.429060220718383789e-01
6.788712501525878906e+00 -1.106218814849853516e+00 9.141184091567993164e-01
6.702996730804443359e+00 -1.111186623573303223e+00 8.698232173919677734e-01
6.666746616363525391e+00 -1.113327383995056152e+00 8.487739562988281250e-01
6.591778278350830078e+00 -1.117791175842285156e+00 8.031283020973205566e-01
6.543384552001953125e+00 -1.120723128318786621e+00 7.707481980323791504e-01
6.491561412811279297e+00 -1.123899579048156738e+00 7.339592576026916504e-01
6.471546649932861328e+00 -1.125142216682434082e+00 7.188416719436645508e-01
6.406580924987792969e+00 -1.129196166992187500e+00 6.685906648635864258e-01
6.336147785186767578e+00 -1.133666038513183594e+00 6.098272800445556641e-01
6.320170879364013672e+00 -1.134699702262878418e+00 5.953750610351562500e-01
6.255027294158935547e+00 -1.138933300971984863e+00 5.353518128395080566e-01
6.216248989105224609e+00 -1.141501903533935547e+00 4.968652129173278809e-01
6.167828083038330078e+00 -1.144747853279113770e+00 4.466186761856079102e-01
6.103432655334472656e+00 -1.149132490158081055e+00 3.759630620479583740e-01
6.069628715515136719e+00 -1.151485323905944824e+00 3.359978497028350830e-01
6.019676685333251953e+00 -1.155005455017089844e+00 2.745266854763031006e-01
5.979689121246337891e+00 -1.157878041267395020e+00 2.222801893949508667e-01
5.942678928375244141e+00 -1.160580873489379883e+00 1.714881062507629395e-01
5.893083572387695312e+00 -1.164261698722839355e+00 1.001815795898437500e-01
5.847732543945312500e+00 -1.167706012725830078e+00 3.067132830619812012e-02
5.809472560882568359e+00 -1.170679092407226562e+00 -3.164850920438766479e-02
5.768606185913085938e+00 -1.172977805137634277e+00 1.876024901866912842e-02
5.731713294982910156e+00 -1.175081849098205566e+00 6.211626902222633362e-02
5.695122718811035156e+00 -1.177193403244018555e+00 1.033032238483428955e-01
5.649902343750000000e+00 -1.179832339286804199e+00 1.520943939685821533e-01
5.591487407684326172e+00 -1.183286666870117188e+00 2.119279354810714722e-01
5.535092353820800781e+00 -1.186675906181335449e+00 2.659491300582885742e-01
5.491061210632324219e+00 -1.189361691474914551e+00 3.054928183555603027e-01
5.433534145355224609e+00 -1.192909955978393555e+00 3.546207547187805176e-01
5.385337829589843750e+00 -1.195924520492553711e+00 3.931361436843872070e-01
5.310936450958251953e+00 -1.200631141662597656e+00 4.493468105792999268e-01
5.272661209106445312e+00 -1.203093528747558594e+00 4.758086800575256348e-01
5.188491821289062500e+00 -1.208554029464721680e+00 5.313641428947448730e-01
5.149912357330322266e+00 -1.211101770401000977e+00 5.542713403701782227e-01
5.076302528381347656e+00 -1.216001749038696289e+00 5.958514809608459473e-01
5.007973194122314453e+00 -1.220617771148681641e+00 6.307945847511291504e-01
4.986351490020751953e+00 -1.222097992897033691e+00 6.408225893974304199e-01
4.884214401245117188e+00 -1.229119539260864258e+00 6.866993308067321777e-01
4.840422630310058594e+00 -1.232188344001770020e+00 7.034073472023010254e-01
4.808529376983642578e+00 -1.234441518783569336e+00 7.146856784820556641e-01
4.735233306884765625e+00 -1.239650130271911621e+00 7.391386628150939941e-01
4.646280288696289062e+00 -1.246055960655212402e+00 7.647885084152221680e-01
4.598925590515136719e+00 -1.249520778656005859e+00 7.759064435958862305e-01
4.552325248718261719e+00 -1.252959370613098145e+00 7.855462431907653809e-01
4.457944869995117188e+00 -1.259981274604797363e+00 8.025045394897460938e-01
4.403268814086914062e+00 -1.264117240905761719e+00 8.093545436859130859e-01
4.343516349792480469e+00 -1.268680930137634277e+00 8.149821758270263672e-01
4.273348331451416016e+00 -1.274096965789794922e+00 8.192208409309387207e-01
4.216734409332275391e+00 -1.278521299362182617e+00 8.204061985015869141e-01
4.178176879882812500e+00 -1.281564950942993164e+00 8.199889659881591797e-01
4.100699424743652344e+00 -1.287723183631896973e+00 8.174750804901123047e-01
4.025300979614257812e+00 -1.293799757957458496e+00 8.117482662200927734e-01
3.995669364929199219e+00 -1.296220660209655762e+00 8.082372546195983887e-01
3.934260845184326172e+00 -1.301265239715576172e+00 7.999280095100402832e-01
3.872085332870483398e+00 -1.306431055068969727e+00 7.893360257148742676e-01
3.808277606964111328e+00 -1.311794638633728027e+00 7.761788964271545410e-01
3.751096487045288086e+00 -1.316659808158874512e+00 7.622579932212829590e-01
3.653357505798339844e+00 -1.325068473815917969e+00 7.351512312889099121e-01
3.593297004699707031e+00 -1.330335974693298340e+00 7.149466872215270996e-01
3.564886093139648438e+00 -1.332858443260192871e+00 7.043278813362121582e-01
3.477625131607055664e+00 -1.340651869773864746e+00 6.701409220695495605e-01
3.421610832214355469e+00 -1.345747590065002441e+00 6.450352072715759277e-01
3.378981113433837891e+00 -1.349673628807067871e+00 6.243276000022888184e-01
3.322238683700561523e+00 -1.354949831962585449e+00 5.950983166694641113e-01
3.262952566146850586e+00 -1.360535144805908203e+00 5.621794462203979492e-01
3.183079004287719727e+00 -1.368166923522949219e+00 5.143608450889587402e-01
3.144963502883911133e+00 -1.371881246566772461e+00 4.892128705978393555e-01
3.090611219406127930e+00 -1.377230405807495117e+00 4.516877830028533936e-01
3.046461105346679688e+00 -1.381638765335083008e+00 4.192118942737579346e-01
2.952721595764160156e+00 -1.391113162040710449e+00 3.466681838035583496e-01
2.905982971191406250e+00 -1.395965814590454102e+00 3.064855039119720459e-01
2.865061521530151367e+00 -1.400275945663452148e+00 2.694104015827178955e-01
2.793694019317626953e+00 -1.407891869544982910e+00 2.017141878604888916e-01
2.769435167312622070e+00 -1.410543084144592285e+00 1.767936050891876221e-01
2.704157352447509766e+00 -1.417739033699035645e+00 1.078604981303215027e-01
2.669914484024047852e+00 -1.421605706214904785e+00 6.891681253910064697e-02
2.621703624725341797e+00 -1.427123546600341797e+00 1.186085864901542664e-02
2.543139934539794922e+00 -1.434808492660522461e+00 8.920736610889434814e-02
2.489168882369995117e+00 -1.440160393714904785e+00 1.377200633287429810e-01
2.454129219055175781e+00 -1.443666219711303711e+00 1.673253774642944336e-01
2.405644416809082031e+00 -1.448544740676879883e+00 2.066804319620132446e-01
2.333277463912963867e+00 -1.455881834030151367e+00 2.622250914573669434e-01
2.253605365753173828e+00 -1.464048743247985840e+00 3.183992207050323486e-01
2.224406957626342773e+00 -1.467076778411865234e+00 3.371061384677886963e-01
2.134235143661499023e+00 -1.476467370986938477e+00 3.928591012954711914e-01
2.060000419616699219e+00 -1.484296202659606934e+00 4.338003695011138916e-01
2.032268047332763672e+00 -1.487250566482543945e+00 4.476566314697265625e-01
1.932947993278503418e+00 -1.497871160507202148e+00 4.954267740249633789e-01
1.909834861755371094e+00 -1.500375390052795410e+00 5.050393342971801758e-01
1.812058448791503906e+00 -1.511001467704772949e+00 5.442802906036376953e-01
1.739028692245483398e+00 -1.519039273262023926e+00 5.691848397254943848e-01
1.690459609031677246e+00 -1.524435281753540039e+00 5.836406946182250977e-01
1.636097431182861328e+00 -1.530512690544128418e+00 5.982886552810668945e-01
1.529422760009765625e+00 -1.542521715164184570e+00 6.237201690673828125e-01
1.510516285896301270e+00 -1.544679164886474609e+00 6.270979642868041992e-01
1.412850856781005859e+00 -1.555850744247436523e+00 6.435317397117614746e-01
1.354112863540649414e+00 -1.562653660774230957e+00 6.502887606620788574e-01
1.280403614044189453e+00 -1.571255207061767578e+00 6.564400196075439453e-01
1.207125067710876465e+00 -1.579888224601745605e+00 6.596714258193969727e-01
1.138015747070312500e+00 -1.588108181953430176e+00 6.600294113159179688e-01
1.087019562721252441e+00 -1.594229102134704590e+00 6.584259271621704102e-01
9.913646578788757324e-01 -1.605788707733154297e+00 6.528315544128417969e-01
9.587673544883728027e-01 -1.609778881072998047e+00 6.492671370506286621e-01
8.895606398582458496e-01 -1.618288516998291016e+00 6.404919624328613281e-01
7.955345511436462402e-01 -1.629961490631103516e+00 6.250681877136230469e-01
7.233448624610900879e-01 -1.639043331146240234e+00 6.095306277275085449e-01
6.695979833602905273e-01 -1.645876288414001465e+00 5.958118438720703125e-01
5.864006280899047852e-01 -1.656538367271423340e+00 5.720548629760742188e-01
5.207205414772033691e-01 -1.665062665939331055e+00 5.501621365547180176e-01
4.626035690307617188e-01 -1.672683715820312500e+00 5.285395383834838867e-01
3.799506723880767822e-01 -1.683624625205993652e+00 4.948848783969879150e-01
2.978023886680603027e-01 -1.694649338722229004e+00 4.572130739688873291e-01
2.569480836391448975e-01 -1.700210928916931152e+00 4.363048076629638672e-01
1.771453619003295898e-01 -1.711155533790588379e+00 3.932697176933288574e-01
1.407350748777389526e-01 -1.716223835945129395e+00 3.716161251068115234e-01
5.151006579399108887e-02 -1.728732705116271973e+00 3.161948621273040771e-01
-4.748512059450149536e-03 -1.736762881278991699e+00 2.774667441844940186e-01
-6.544637680053710938e-02 -1.745531797409057617e+00 2.329446822404861450e-01
-1.379105895757675171e-01 -1.756143927574157715e+00 1.760851889848709106e-01
-1.656555533409118652e-01 -1.760277271270751953e+00 1.525151133537292480e-01
-2.302661538124084473e-01 -1.769969940185546875e+00 9.592322260141372681e-02
-2.744666337966918945e-01 -1.776712775230407715e+00 5.437491089105606079e-02
-3.592561483383178711e-01 -1.789806365966796875e+00 -2.930773794651031494e-02
-4.294788539409637451e-01 -1.800182700157165527e+00 2.864583209156990051e-02
-4.719515740871429443e-01 -1.806497454643249512e+00 6.101859360933303833e-02
-5.358681082725524902e-01 -1.816035628318786621e+00 1.074460893869400024e-01
-6.196148395538330078e-01 -1.828601598739624023e+00 1.639643907546997070e-01
-6.563860177993774414e-01 -1.834158062934875488e+00 1.864443123340606689e-01
-7.381213903427124023e-01 -1.846547245979309082e+00 2.342553436756134033e-01
-8.129611611366271973e-01 -1.857968211174011230e+00 2.737975716590881348e-01
-8.935359120368957520e-01 -1.870340466499328613e+00 3.124099075794219971e-01
-9.638756513595581055e-01 -1.881212592124938965e+00 3.425607085227966309e-01
-1.021758913993835449e+00 -1.890211105346679688e+00 3.649196326732635498e-01
-1.115514516830444336e+00 -1.904855847358703613e+00 3.979672491550445557e-01
-1.213709592819213867e+00 -1.920312166213989258e+00 4.273599386215209961e-01
-1.235168218612670898e+00 -1.923717260360717773e+00 4.326297640800476074e-01
-1.350956797599792480e+00 -1.942123651504516602e+00 4.597364664077758789e-01
-1.424249649047851562e+00 -1.953887104988098145e+00 4.724195897579193115e-01
-1.519948244094848633e+00 -1.969342231750488281e+00 4.853672981262207031e-01
-1.580268502235412598e+00 -1.979163765907287598e+00 4.905965626239776611e-01
-1.656757831573486328e+00 -1.991683721542358398e+00 4.949090778827667236e-01
-1.743510127067565918e+00 -2.005979537963867188e+00 4.964841902256011963e-01
-1.790392875671386719e+00 -2.013765573501586914e+00 4.953103363513946533e-01
-1.888762354850769043e+00 -2.030172824859619141e+00 4.905511140823364258e-01
-1.962036848068237305e+00 -2.042506456375122070e+00 4.834104478359222412e-01
-2.034962892532348633e+00 -2.054867744445800781e+00 4.736196696758270264e-01
-2.090320825576782227e+00 -2.064318418502807617e+00 4.641416370868682861e-01
-2.180899381637573242e+00 -2.079868316650390625e+00 4.460640549659729004e-01
-2.257167339324951172e+00 -2.093083858489990234e+00 4.272566139698028564e-01
-2.361001014709472656e+00 -2.111222505569458008e+00 3.974539041519165039e-01
-2.448906660079956055e+00 -2.126755475997924805e+00 3.672637045383453369e-01
-2.482583045959472656e+00 -2.132766962051391602e+00 3.540327548980712891e-01
-2.548104524612426758e+00 -2.144510746002197266e+00 3.270122110843658447e-01
-2.677339792251586914e+00 -2.167862176895141602e+00 2.687149643898010254e-01
-2.732024908065795898e+00 -2.177908897399902344e+00 2.396942824125289917e-01
-2.815465688705444336e+00 -2.193355321884155273e+00 1.924294233322143555e-01
-2.844283103942871094e+00 -2.198754787445068359e+00 1.744677424430847168e-01
-2.951760053634643555e+00 -2.218981027603149414e+00 1.052675321698188782e-01
-3.020952463150024414e+00 -2.232225179672241211e+00 5.519012361764907837e-02
-3.052918195724487305e+00 -2.238416910171508789e+00 3.027512319386005402e-02
-3.126968145370483398e+00 -2.253021955490112305e+00 8.526919037103652954e-02
-3.210279226303100586e+00 -2.269498348236083984e+00 1.421152055263519287e-01
-3.282411098480224609e+00 -2.283809185028076172e+00 1.867770403623580933e-01
-3.408303737640380859e+00 -2.308857917785644531e+00 2.582868337631225586e-01
-3.449429273605346680e+00 -2.317082166671752930e+00 2.782117128372192383e-01
-3.556780815124511719e+00 -2.338588476181030273e+00 3.274785876274108887e-01
-3.642550706863403320e+00 -2.355850934982299805e+00 3.613210022449493408e-01
-3.698523998260498047e+00 -2.367159605026245117e+00 3.806740045547485352e-01
-3.803353548049926758e+00 -2.388394117355346680e+00 4.136911928653717041e-01
-3.849891424179077148e+00 -2.397867202758789062e+00 4.257397055625915527e-01
-3.955882072448730469e+00 -2.419490814208984375e+00 4.506187736988067627e-01
-4.082742214202880859e+00 -2.445506572723388672e+00 4.735483825206756592e-01
-4.114642143249511719e+00 -2.452090501785278320e+00 4.773090481758117676e-01
-4.218307495117187500e+00 -2.473522424697875977e+00 4.879190325736999512e-01
-4.335576057434082031e+00 -2.497900962829589844e+00 4.940460324287414551e-01
-4.415808677673339844e+00 -2.514688730239868164e+00 4.937374293804168701e-01
-4.502431869506835938e+00 -2.532897710800170898e+00 4.900915324687957764e-01
-4.607175350189208984e+00 -2.555029869079589844e+00 4.813528656959533691e-01
-4.637846946716308594e+00 -2.561552762985229492e+00 4.772523641586303711e-01
-4.779273986816406250e+00 -2.591689348220825195e+00 4.562433958053588867e-01
-4.875685214996337891e+00 -2.612424373626708984e+00 4.352601766586303711e-01
-4.902885437011718750e+00 -2.618313789367675781e+00 4.280260503292083740e-01
-5.028515338897705078e+00 -2.645569801330566406e+00 3.928664326667785645e-01
-5.100904941558837891e+00 -2.661422967910766602e+00 3.678808808326721191e-01
-5.166384220123291016e+00 -2.675845861434936523e+00 3.427214622497558594e-01
-5.276902198791503906e+00 -2.700322389602661133e+00 2.962355613708496094e-01
-5.376318454742431641e+00 -2.722553253173828125e+00 2.480896264314651489e-01
-5.477285385131835938e+00 -2.745342493057250977e+00 1.930766999721527100e-01
-5.539239406585693359e+00 -2.759469270706176758e+00 1.552715599536895752e-01
-5.634328842163085938e+00 -2.781298160552978516e+00 9.319306164979934692e-02
-5.666610240936279297e+00 -2.788790464401245117e+00 6.988528370857238770e-02
-5.749801635742187500e+00 -2.808176279067993164e+00 7.737550884485244751e-03
-5.891713619232177734e+00 -2.842721700668334961e+00 1.026699095964431763e-01
-5.977612018585205078e+00 -2.863660335540771484e+00 1.515257358551025391e-01
-6.022679805755615234e+00 -2.874659299850463867e+00 1.746809631586074829e-01
-6.146613597869873047e+00 -2.904927968978881836e+00 2.349530905485153198e-01
-6.223844528198242188e+00 -2.923829555511474609e+00 2.669276893138885498e-01
-6.330478668212890625e+00 -2.949966907501220703e+00 3.065474629402160645e-01
-6.461800575256347656e+00 -2.982227087020874023e+00 3.479470014572143555e-01
-6.553127765655517578e+00 -3.004728794097900391e+00 3.706924617290496826e-01
-6.615092754364013672e+00 -3.020030975341796875e+00 3.833810687065124512e-01
-6.724802494049072266e+00 -3.047167778015136719e+00 4.026201963424682617e-01
-6.826548099517822266e+00 -3.072409868240356445e+00 4.152571260929107666e-01
-6.972058773040771484e+00 -3.108616113662719727e+00 4.265525043010711670e-01
-7.053013324737548828e+00 -3.128849029541015625e+00 4.275190830230712891e-01
-7.197154521942138672e+00 -3.164970636367797852e+00 4.240071475505828857e-01
-7.291680335998535156e+00 -3.188776493072509766e+00 4.155972898006439209e-01
-7.346012592315673828e+00 -3.202507972717285156e+00 4.084441065788269043e-01
-7.499437808990478516e+00 -3.241365909576416016e+00 3.844444453716278076e-01
-7.580767631530761719e+00 -3.262092351913452148e+00 3.659650385379791260e-01
-7.663812637329101562e+00 -3.283331632614135742e+00 3.438934981822967529e-01
-7.776145935058593750e+00 -3.312171697616577148e+00 3.095172643661499023e-01
-7.928256034851074219e+00 -3.351438045501708984e+00 2.544477581977844238e-01
-7.989509582519531250e+00 -3.367377042770385742e+00 2.274049967527389526e-01
-8.107685089111328125e+00 -3.398236989974975586e+00 1.712335795164108276e-01
-8.186499595642089844e+00 -3.418967008590698242e+00 1.284098327159881592e-01
-8.274611473083496094e+00 -3.442264318466186523e+00 7.627885043621063232e-02
-8.400827407836914062e+00 -3.475846767425537109e+00 -5.595825612545013428e-03
-8.496268272399902344e+00 -3.501491069793701172e+00 -7.591396570205688477e-02
-8.537343025207519531e+00 -3.513164758682250977e+00 -4.917855560779571533e-02
-8.664907455444335938e+00 -3.549397945404052734e+00 3.025040775537490845e-02
-8.798529624938964844e+00 -3.587293386459350586e+00 1.023809611797332764e-01
-8.897432327270507812e+00 -3.615313529968261719e+00 1.479562073945999146e-01
-9.060504913330078125e+00 -3.661495685577392578e+00 2.142520844936370850e-01
-9.117316246032714844e+00 -3.677580118179321289e+00 2.325699776411056519e-01
-9.307518959045410156e+00 -3.731436014175415039e+00 2.886230647563934326e-01
-9.415035247802734375e+00 -3.761893749237060547e+00 3.106841444969177246e-01
-9.508974075317382812e+00 -3.788521528244018555e+00 3.254204094409942627e-01
-9.642336845397949219e+00 -3.826350450515747070e+00 3.408298492431640625e-01
-9.754674911499023438e+00 -3.858251571655273438e+00 3.473299741744995117e-01
-9.891077995300292969e+00 -3.897031307220458984e+00 3.486777245998382568e-01
-1.006907272338867188e+01 -3.947716474533081055e+00 3.401217758655548096e-01
-1.016338443756103516e+01 -3.974637031555175781e+00 3.284411728382110596e-01
-1.032484340667724609e+01 -4.020793437957763672e+00 3.018717765808105469e-01
-1.043526554107666016e+01 -4.052448272705078125e+00 2.758747041225433350e-01
-1.052533817291259766e+01 -4.078325748443603516e+00 2.501651346683502197e-01
-1.068731689453125000e+01 -4.124951839447021484e+00 1.971305459737777710e-01
-1.083708095550537109e+01 -4.168224811553955078e+00 1.363591998815536499e-01
-1.091423511505126953e+01 -4.190606594085693359e+00 9.909026324748992920e-02
-1.106834793090820312e+01 -4.235417366027832031e+00 1.811336725950241089e-02
-1.114339733123779297e+01 -4.257349014282226562e+00 -2.806038036942481995e-02
-1.127803707122802734e+01 -4.298854827880859375e+00 4.979199543595314026e-02
-1.145140266418457031e+01 -4.352063655853271484e+00 1.356081217527389526e-01
-1.160819053649902344e+01 -4.399958610534667969e+00 1.980389356613159180e-01
-1.181205749511718750e+01 -4.462019920349121094e+00 2.629513740539550781e-01
-1.193514347076416016e+01 -4.499350070953369141e+00 2.902944386005401611e-01
-1.204967498779296875e+01 -4.534022331237792969e+00 3.094458580017089844e-01
-1.228824901580810547e+01 -4.606136798858642578e+00 3.374826908111572266e-01
-1.243439483642578125e+01 -4.650188922882080078e+00 3.399437665939331055e-01
-1.258459758758544922e+01 -4.695402145385742188e+00 3.333606421947479248e-01
-1.281703662872314453e+01 -4.765283584594726562e+00 3.086752891540527344e-01
-1.289832973480224609e+01 -4.789682865142822266e+00 2.921010553836822510e-01
-1.316730499267578125e+01 -4.870375156402587891e+00 2.277936488389968872e-01
-1.325600528717041016e+01 -4.896945476531982422e+00 1.959305256605148315e-01
-1.343546772003173828e+01 -4.950683593750000000e+00 1.238533407449722290e-01
-1.365386104583740234e+01 -5.016031742095947266e+00 1.646964997053146362e-02
-1.378659439086914062e+01 -5.055717468261718750e+00 -6.482804566621780396e-02
-1.388125228881835938e+01 -5.085923194885253906e+00 -1.562136039137840271e-02
-1.418282413482666016e+01 -5.181617259979248047e+00 1.246239989995956421e-01
-1.436346626281738281e+01 -5.238033771514892578e+00 1.802694499492645264e-01
-1.463646793365478516e+01 -5.322620391845703125e+00 2.416766583919525146e-01
-1.492499256134033203e+01 -5.411042690277099609e+00 2.727367579936981201e-01
-1.512408733367919922e+01 -5.471414566040039062e+00 2.707903385162353516e-01
-1.528809070587158203e+01 -5.520798683166503906e+00 2.561051845550537109e-01
-1.562727832794189453e+01 -5.622348308563232422e+00 2.032768875360488892e-01
-1.577324676513671875e+01 -5.665520668029785156e+00 1.600477546453475952e-01
-1.607859420776367188e+01 -5.755330562591552734e+00 4.991607367992401123e-02
-1.633626365661621094e+01 -5.830168724060058594e+00 -8.027854561805725098e-02
-1.678510856628417969e+01 -5.964904308319091797e+00 6.738299131393432617e-02
-1.716580581665039062e+01 -6.075359344482421875e+00 1.142408400774002075e-01
-1.748312377929687500e+01 -6.165090560913085938e+00 1.038732901215553284e-01
-1.820407867431640625e+01 -6.364644527435302734e+00 -1.126717776060104370e-02
-1.854074668884277344e+01 -6.453001022338867188e+00 -1.663434207439422607e-01
-1.937205123901367188e+01 -6.663138866424560547e+00 -4.256663471460342407e-02
-2.124389648437500000e+01 -7.094571113586425781e+00 -3.840905427932739258e-01
-3.803841018676757812e+01 -9.113813400268554688e+00 -1.949762153625488281e+01
-2.797104375000000000e+05 8.239027343750000000e+03 -1.615197656250000000e+05
-1.757536059620814383e+23 2.502729351103244979e+22 -2.054955220164242697e+23
nan nan nan
nan nan nan
nan nan nan
nan nan nan
nan nan nan
nan nan nan
nan nan nan
nan nan nan
nan nan nan
nan nan nan
nan nan nan
nan nan nan
nan nan nan
