2.334033775329589844e+01 -2.269491106271743774e-01 2.073688507080078125e-01
2.318356895446777344e+01 -2.159609198570251465e-01 2.986419200897216797e-01
2.295065689086914062e+01 -1.997254788875579834e-01 4.332766830921173096e-01
2.279091072082519531e+01 -1.886786520481109619e-01 5.245819687843322754e-01
2.261516380310058594e+01 -1.765873432159423828e-01 6.242107152938842773e-01
2.246541595458984375e+01 -1.663402020931243896e-01 7.082984447479248047e-01
2.239686012268066406e+01 -1.616692543029785156e-01 7.464692592620849609e-01
2.221446800231933594e+01 -1.492657810449600220e-01 8.476125597953796387e-01
2.206472778320312500e+01 -1.391329318284988403e-01 9.297337532043457031e-01
2.190172195434570312e+01 -1.281440109014511108e-01 1.018278002738952637e+00
2.176191520690917969e+01 -1.187553927302360535e-01 1.093396306037902832e+00
2.155531120300292969e+01 -1.049234867095947266e-01 1.203323125839233398e+00
2.141940879821777344e+01 -9.586351364850997925e-02 1.274539828300476074e+00
2.133326721191406250e+01 -9.013506025075912476e-02 1.319205641746520996e+00
2.119290733337402344e+01 -8.081423491239547729e-02 1.391482472419738770e+00
2.104767417907714844e+01 -7.119087129831314087e-02 1.465400576591491699e+00
2.089819908142089844e+01 -6.130632385611534119e-02 1.540524601936340332e+00
2.072068023681640625e+01 -4.958859458565711975e-02 1.628539204597473145e+00
2.061946678161621094e+01 -4.291982576251029968e-02 1.677877664566040039e+00
2.047969245910644531e+01 -3.371776640415191650e-02 1.745327830314636230e+00
2.038786506652832031e+01 -2.767792530357837677e-02 1.789003014564514160e+00
2.021108055114746094e+01 -1.605538278818130493e-02 1.872257828712463379e+00
2.008610343933105469e+01 -7.844115607440471649e-03 1.929958343505859375e+00
1.993378257751464844e+01 2.162211574614048004e-03 1.999254465103149414e+00
1.985643768310546875e+01 7.243537809699773788e-03 2.033786058425903320e+00
1.967940521240234375e+01 1.887636445462703705e-02 2.112043857574462891e+00
1.955677986145019531e+01 2.693936973810195923e-02 2.164982557296752930e+00
1.944435310363769531e+01 3.433742001652717590e-02 2.212687492370605469e+00
1.934916496276855469e+01 4.060683771967887878e-02 2.252418041229248047e+00
1.925821685791015625e+01 4.660243168473243713e-02 2.289833068847656250e+00
1.912268638610839844e+01 5.554595962166786194e-02 2.344797372817993164e+00
1.894040298461914062e+01 6.759465485811233521e-02 2.417099952697753906e+00
1.882962226867675781e+01 7.493634521961212158e-02 2.459674119949340820e+00
1.877762603759765625e+01 7.838869839906692505e-02 2.479254961013793945e+00
1.865245628356933594e+01 8.670763671398162842e-02 2.525930881500244141e+00
1.856784629821777344e+01 9.234464168548583984e-02 2.556719064712524414e+00
1.842926025390625000e+01 1.015941873192787170e-01 2.606284856796264648e+00
1.827550125122070312e+01 1.118885427713394165e-01 2.659676313400268555e+00
1.818643760681152344e+01 1.178741306066513062e-01 2.689545154571533203e+00
1.805261039733886719e+01 1.268894970417022705e-01 2.733482599258422852e+00
1.793770599365234375e+01 1.346593648195266724e-01 2.769965171813964844e+00
1.789434814453125000e+01 1.376014351844787598e-01 2.783319473266601562e+00
1.776056861877441406e+01 1.466913819313049316e-01 2.824035644531250000e+00
1.763940238952636719e+01 1.549600958824157715e-01 2.859529018402099609e+00
1.754712867736816406e+01 1.612834185361862183e-01 2.885581731796264648e+00
1.747412490844726562e+01 1.663027703762054443e-01 2.905592203140258789e+00
1.731396293640136719e+01 1.773445904254913330e-01 2.948433399200439453e+00
1.723762321472167969e+01 1.826400905847549438e-01 2.967721939086914062e+00
1.719064903259277344e+01 1.859086304903030396e-01 2.979251384735107422e+00
1.705087661743164062e+01 1.956529915332794189e-01 3.012928009033203125e+00
1.698007392883300781e+01 2.006181925535202026e-01 3.029023647308349609e+00
1.683869743347167969e+01 2.105632424354553223e-01 3.060168743133544922e+00
1.679280471801757812e+01 2.138119786977767944e-01 3.069622039794921875e+00
1.667513465881347656e+01 2.221595197916030884e-01 3.093304157257080078e+00
1.658181762695312500e+01 2.288159877061843872e-01 3.110936880111694336e+00
1.644341087341308594e+01 2.387329339981079102e-01 3.135712385177612305e+00
1.635113716125488281e+01 2.453894466161727905e-01 3.150839805603027344e+00
1.626195716857910156e+01 2.518524825572967529e-01 3.164544582366943359e+00
1.617538833618164062e+01 2.581548392772674561e-01 3.176975250244140625e+00
1.606852912902832031e+01 2.659690380096435547e-01 3.191256523132324219e+00
1.603317260742187500e+01 2.685689926147460938e-01 3.195540189743041992e+00
1.589710617065429688e+01 2.785929441452026367e-01 3.211454629898071289e+00
1.581810855865478516e+01 2.844545543193817139e-01 3.219401359558105469e+00
1.572702980041503906e+01 2.912409007549285889e-01 3.227680444717407227e+00
1.565811443328857422e+01 2.964006662368774414e-01 3.233162641525268555e+00
1.555444908142089844e+01 3.041906058788299561e-01 3.240505933761596680e+00
1.549629402160644531e+01 3.085846900939941406e-01 3.243851184844970703e+00
1.538923168182373047e+01 3.166987895965576172e-01 3.249197959899902344e+00
1.527316093444824219e+01 3.255450129508972168e-01 3.253351211547851562e+00
1.520738220214843750e+01 3.305883705615997314e-01 3.254674434661865234e+00
1.512340641021728516e+01 3.370483517646789551e-01 3.255605697631835938e+00
1.506878280639648438e+01 3.412679135799407959e-01 3.255573511123657227e+00
1.494460868835449219e+01 3.508857190608978271e-01 3.254544734954833984e+00
1.485622787475585938e+01 3.577722012996673584e-01 3.252242565155029297e+00
1.482756233215332031e+01 3.600148260593414307e-01 3.251126289367675781e+00
1.472290897369384766e+01 3.682128190994262695e-01 3.246608972549438477e+00
1.462756538391113281e+01 3.757160305976867676e-01 3.241005659103393555e+00
1.453271579742431641e+01 3.832102417945861816e-01 3.234058618545532227e+00
1.447480773925781250e+01 3.878029882907867432e-01 3.228969573974609375e+00
1.440249252319335938e+01 3.935509026050567627e-01 3.221959114074707031e+00
1.434724998474121094e+01 3.979533016681671143e-01 3.215971469879150391e+00
1.423606491088867188e+01 4.068307876586914062e-01 3.202937126159667969e+00
1.417170047760009766e+01 4.119889736175537109e-01 3.194229841232299805e+00
1.405264949798583984e+01 4.215484559535980225e-01 3.176861047744750977e+00
1.399992084503173828e+01 4.257970452308654785e-01 3.168116569519042969e+00
1.394672298431396484e+01 4.300892353057861328e-01 3.158817291259765625e+00
1.382291221618652344e+01 4.400916397571563721e-01 3.136044263839721680e+00
1.377153205871582031e+01 4.442544281482696533e-01 3.125485181808471680e+00
1.368558120727539062e+01 4.512251913547515869e-01 3.107040405273437500e+00
1.359900283813476562e+01 4.582580924034118652e-01 3.087128400802612305e+00
1.353775882720947266e+01 4.632401168346405029e-01 3.072079420089721680e+00
1.345259857177734375e+01 4.701737761497497559e-01 3.050193309783935547e+00
1.341339111328125000e+01 4.733695387840270996e-01 3.039494514465332031e+00
1.335855102539062500e+01 4.778413176536560059e-01 3.024124860763549805e+00
1.323292541503906250e+01 4.880907237529754639e-01 2.987607002258300781e+00
1.318494701385498047e+01 4.920094907283782959e-01 2.972496509552001953e+00
1.310060024261474609e+01 4.989006817340850830e-01 2.945138692855834961e+00
1.304204559326171875e+01 5.036866068840026855e-01 2.925167083740234375e+00
1.295960998535156250e+01 5.104256868362426758e-01 2.896080493927001953e+00
1.292877483367919922e+01 5.129469037055969238e-01 2.884683609008789062e+00
1.285833549499511719e+01 5.187063813209533691e-01 2.858202219009399414e+00
1.274149608612060547e+01 5.282595753669738770e-01 2.812570571899414062e+00
1.269932937622070312e+01 5.317066311836242676e-01 2.795063495635986328e+00
1.263814544677734375e+01 5.367076396942138672e-01 2.769108295440673828e+00
1.253656482696533203e+01 5.450082421302795410e-01 2.724674224853515625e+00
1.246457767486572266e+01 5.508874058723449707e-01 2.691581726074218750e+00
1.241806030273437500e+01 5.546845197677612305e-01 2.669451713562011719e+00
1.235417270660400391e+01 5.598976016044616699e-01 2.638388156890869141e+00
1.226885700225830078e+01 5.668551921844482422e-01 2.595664978027343750e+00
1.224191474914550781e+01 5.690505504608154297e-01 2.581642627716064453e+00
1.215240287780761719e+01 5.763420462608337402e-01 2.534492254257202148e+00
1.207821273803710938e+01 5.823792815208435059e-01 2.493845462799072266e+00
1.201704025268554688e+01 5.873525142669677734e-01 2.459242820739746094e+00
1.195231914520263672e+01 5.926098823547363281e-01 2.421670913696289062e+00
1.188547992706298828e+01 5.980342626571655273e-01 2.381805419921875000e+00
1.185208702087402344e+01 6.007415652275085449e-01 2.361331939697265625e+00
1.177147674560546875e+01 6.072734594345092773e-01 2.311232328414916992e+00
1.173111248016357422e+01 6.105398535728454590e-01 2.285317420959472656e+00
1.166952896118164062e+01 6.155200004577636719e-01 2.245138168334960938e+00
1.157139873504638672e+01 6.234470009803771973e-01 2.179541110992431641e+00
1.151024723052978516e+01 6.283779740333557129e-01 2.137073993682861328e+00
1.147986412048339844e+01 6.308250427246093750e-01 2.115473985671997070e+00
1.140030193328857422e+01 6.372292041778564453e-01 2.058254480361938477e+00
1.136530590057373047e+01 6.400416493415832520e-01 2.032320261001586914e+00
1.128925704956054688e+01 6.461488008499145508e-01 1.975223064422607422e+00
1.124023723602294922e+01 6.500790715217590332e-01 1.937368869781494141e+00
1.117016506195068359e+01 6.556914448738098145e-01 1.882275700569152832e+00
1.110142898559570312e+01 6.611883044242858887e-01 1.826839566230773926e+00
1.103249740600585938e+01 6.666923165321350098e-01 1.769852876663208008e+00
1.098801040649414062e+01 6.702389121055603027e-01 1.732159495353698730e+00
1.091098308563232422e+01 6.763733625411987305e-01 1.665858983993530273e+00
1.089165306091308594e+01 6.779099702835083008e-01 1.648764610290527344e+00
1.081459045410156250e+01 6.840332746505737305e-01 1.580152153968811035e+00
1.074130439758300781e+01 6.898456811904907227e-01 1.513131856918334961e+00
1.071534633636474609e+01 6.919007897377014160e-01 1.488785862922668457e+00
1.063540935516357422e+01 6.982253193855285645e-01 1.413143396377563477e+00
1.060277366638183594e+01 7.008023262023925781e-01 1.381407260894775391e+00
1.051566219329833984e+01 7.076752781867980957e-01 1.295755147933959961e+00
1.047060680389404297e+01 7.112222909927368164e-01 1.250134110450744629e+00
1.042075538635253906e+01 7.151424288749694824e-01 1.198888063430786133e+00
1.035732269287109375e+01 7.201243042945861816e-01 1.132585406303405762e+00
1.031590938568115234e+01 7.233716249465942383e-01 1.088375687599182129e+00
1.027519702911376953e+01 7.265605926513671875e-01 1.044314146041870117e+00
1.022105884552001953e+01 7.307969331741333008e-01 9.849283695220947266e-01
1.015695571899414062e+01 7.358060479164123535e-01 9.133481979370117188e-01
1.010720825195312500e+01 7.396871447563171387e-01 8.566174507141113281e-01
1.003954410552978516e+01 7.449594140052795410e-01 7.781897783279418945e-01
1.000315570831298828e+01 7.477899193763732910e-01 7.350735664367675781e-01
9.953237533569335938e+00 7.516693472862243652e-01 6.752222180366516113e-01
9.904891014099121094e+00 7.554219961166381836e-01 6.163091659545898438e-01
9.867312431335449219e+00 7.583354115486145020e-01 5.697952508926391602e-01
9.817312240600585938e+00 7.622083425521850586e-01 5.071501731872558594e-01
9.745636940002441406e+00 7.677534222602844238e-01 4.158898591995239258e-01
9.704443931579589844e+00 7.709348201751708984e-01 3.622173070907592773e-01
9.651907920837402344e+00 7.749884128570556641e-01 2.928524613380432129e-01
9.588268280029296875e+00 7.798927426338195801e-01 2.073993384838104248e-01
9.545495986938476562e+00 7.831841707229614258e-01 1.487831622362136841e-01
9.512996673583984375e+00 7.856827378273010254e-01 1.036310195922851562e-01
9.449981689453125000e+00 7.905240058898925781e-01 1.516696810722351074e-02
9.395260810852050781e+00 7.947223782539367676e-01 -6.321697682142257690e-02
9.381826400756835938e+00 7.969477176666259766e-01 -4.096675664186477661e-02
9.320911407470703125e+00 8.069950342178344727e-01 5.808953195810317993e-02
9.298358917236328125e+00 8.106465935707092285e-01 9.185753762722015381e-02
9.245692253112792969e+00 8.191226124763488770e-01 1.684551686048507690e-01
9.206063270568847656e+00 8.254163861274719238e-01 2.223464101552963257e-01
9.162842750549316406e+00 8.322193026542663574e-01 2.783086895942687988e-01
9.113396644592285156e+00 8.399323225021362305e-01 3.390502929687500000e-01
9.078514099121093750e+00 8.453222513198852539e-01 3.794303238391876221e-01
9.049601554870605469e+00 8.497624397277832031e-01 4.115466177463531494e-01
8.987244606018066406e+00 8.592934608459472656e-01 4.785026311874389648e-01
8.953303337097167969e+00 8.644313216209411621e-01 5.123633742332458496e-01
8.883817672729492188e+00 8.748994469642639160e-01 5.789892077445983887e-01
8.860566139221191406e+00 8.783702850341796875e-01 5.995274782180786133e-01
8.815362930297851562e+00 8.850991129875183105e-01 6.383810043334960938e-01
8.775581359863281250e+00 8.909901380538940430e-01 6.707881689071655273e-01
8.693416595458984375e+00 9.031049609184265137e-01 7.346053719520568848e-01
8.641247749328613281e+00 9.107330441474914551e-01 7.712211012840270996e-01
8.624942779541015625e+00 9.131057858467102051e-01 7.819360494613647461e-01
8.560203552246093750e+00 9.225138425827026367e-01 8.236046433448791504e-01
8.508624076843261719e+00 9.299693703651428223e-01 8.540892601013183594e-01
8.440945625305175781e+00 9.397135376930236816e-01 8.913663625717163086e-01
8.407598495483398438e+00 9.444918036460876465e-01 9.080335497856140137e-01
8.354916572570800781e+00 9.520240426063537598e-01 9.330837726593017578e-01
8.302315711975097656e+00 9.595203399658203125e-01 9.561169147491455078e-01
8.244623184204101562e+00 9.677174687385559082e-01 9.792682528495788574e-01
8.181601524353027344e+00 9.766443967819213867e-01 1.002089500427246094e+00
8.113180160522460938e+00 9.863062500953674316e-01 1.024008274078369141e+00
8.077777862548828125e+00 9.912902116775512695e-01 1.033781647682189941e+00
8.029009819030761719e+00 9.981460571289062500e-01 1.046148538589477539e+00
7.990341186523437500e+00 1.003571987152099609e+00 1.054770350456237793e+00
7.928899765014648438e+00 1.012181758880615234e+00 1.066995739936828613e+00
7.838633060455322266e+00 1.024805188179016113e+00 1.081551432609558105e+00
7.813472747802734375e+00 1.028314352035522461e+00 1.084233283996582031e+00
7.760301113128662109e+00 1.035725712776184082e+00 1.089099645614624023e+00
7.705748558044433594e+00 1.043319940567016602e+00 1.092361807823181152e+00
7.631280899047851562e+00 1.053674578666687012e+00 1.094403386116027832e+00
7.583892345428466797e+00 1.060254812240600586e+00 1.093615412712097168e+00
7.519349575042724609e+00 1.069210767745971680e+00 1.090735793113708496e+00
7.445856571197509766e+00 1.079400181770324707e+00 1.084653139114379883e+00
7.430011749267578125e+00 1.081595420837402344e+00 1.082651257514953613e+00
7.371340274810791016e+00 1.089723110198974609e+00 1.074684143066406250e+00
7.295842170715332031e+00 1.100178122520446777e+00 1.061783552169799805e+00
7.258368968963623047e+00 1.105366230010986328e+00 1.053673505783081055e+00
7.180519580841064453e+00 1.116144418716430664e+00 1.035044074058532715e+00
7.118522167205810547e+00 1.124729275703430176e+00 1.017229795455932617e+00
7.067203998565673828e+00 1.131837844848632812e+00 1.000483274459838867e+00
7.030303955078125000e+00 1.136951565742492676e+00 9.872294068336486816e-01
6.952857971191406250e+00 1.147688746452331543e+00 9.575520753860473633e-01
6.912757396697998047e+00 1.153254032135009766e+00 9.401274919509887695e-01
6.847072601318359375e+00 1.162376523017883301e+00 9.097907543182373047e-01
6.785863876342773438e+00 1.170888662338256836e+00 8.787209987640380859e-01
6.753924369812011719e+00 1.175337195396423340e+00 8.611018061637878418e-01
6.701131820678710938e+00 1.182696819305419922e+00 8.307302594184875488e-01
6.657885551452636719e+00 1.188735723495483398e+00 8.041205406188964844e-01
6.611286640167236328e+00 1.195252776145935059e+00 7.738715410232543945e-01
6.534821987152099609e+00 1.205966353416442871e+00 7.213631272315979004e-01
6.483822345733642578e+00 1.213136076927185059e+00 6.830676198005676270e-01
6.444077014923095703e+00 1.218738317489624023e+00 6.514254212379455566e-01
6.384333610534667969e+00 1.227178454399108887e+00 6.016677618026733398e-01
6.355700016021728516e+00 1.231238722801208496e+00 5.761703848838806152e-01
6.316857337951660156e+00 1.236757636070251465e+00 5.404548048973083496e-01
6.268239974975585938e+00 1.243685245513916016e+00 4.937720596790313721e-01
6.201953887939453125e+00 1.253167271614074707e+00 4.265866279602050781e-01
6.174849033355712891e+00 1.257067322731018066e+00 3.970129787921905518e-01
6.101764678955078125e+00 1.267611265182495117e+00 3.147919774055480957e-01
6.062102317810058594e+00 1.273377895355224609e+00 2.663306593894958496e-01
6.013674259185791016e+00 1.280452847480773926e+00 2.043703794479370117e-01
5.978138923645019531e+00 1.285677552223205566e+00 1.562311649322509766e-01
5.957699298858642578e+00 1.288698434829711914e+00 1.273236423730850220e-01
5.908880233764648438e+00 1.295936942100524902e+00 5.650860816240310669e-02
5.868453025817871094e+00 1.301980376243591309e+00 -5.843356251716613770e-03
5.811946392059326172e+00 1.312419533729553223e+00 6.534809619188308716e-02
5.747606277465820312e+00 1.324198722839355469e+00 1.410989761352539062e-01
5.704681396484375000e+00 1.331984400749206543e+00 1.879722028970718384e-01
5.674350261688232422e+00 1.337454795837402344e+00 2.195095717906951904e-01
5.628555297851562500e+00 1.345683217048645020e+00 2.655252218246459961e-01
5.541386604309082031e+00 1.361261248588562012e+00 3.487158417701721191e-01
5.500559329986572266e+00 1.368488192558288574e+00 3.840256929397583008e-01
5.464279651641845703e+00 1.374884366989135742e+00 4.140034615993499756e-01
5.377306461334228516e+00 1.390165448188781738e+00 4.830057024955749512e-01
5.329183578491210938e+00 1.398555040359497070e+00 5.175698399543762207e-01
5.259183406829833984e+00 1.410710692405700684e+00 5.651288032531738281e-01
5.206182003021240234e+00 1.419864654541015625e+00 5.982741713523864746e-01
5.157939434051513672e+00 1.428164601325988770e+00 6.265640258789062500e-01
5.095563411712646484e+00 1.438860297203063965e+00 6.610077023506164551e-01
5.036446571350097656e+00 1.448955535888671875e+00 6.911239027976989746e-01
4.997912883758544922e+00 1.455511450767517090e+00 7.092492580413818359e-01
4.892351627349853516e+00 1.473429679870605469e+00 7.562927007675170898e-01
4.826597690582275391e+00 1.484523177146911621e+00 7.812734842300415039e-01
4.797788143157958984e+00 1.489366650581359863e+00 7.910889387130737305e-01
4.707765579223632812e+00 1.504479050636291504e+00 8.202466368675231934e-01
4.634168624877929688e+00 1.516778588294982910e+00 8.402866125106811523e-01
4.619955062866210938e+00 1.519145727157592773e+00 8.435739278793334961e-01
4.539216041564941406e+00 1.532583594322204590e+00 8.616181612014770508e-01
4.460919380187988281e+00 1.545568227767944336e+00 8.756809234619140625e-01
4.404300689697265625e+00 1.554926753044128418e+00 8.834847807884216309e-01
4.308155059814453125e+00 1.570782184600830078e+00 8.938701748847961426e-01
4.282946586608886719e+00 1.574923753738403320e+00 8.953300118446350098e-01
4.205943107604980469e+00 1.587562799453735352e+00 8.987854719161987305e-01
4.121373176574707031e+00 1.601404428482055664e+00 8.992245793342590332e-01
4.051359653472900391e+00 1.612829566001892090e+00 8.965484499931335449e-01
4.021760940551757812e+00 1.617648243904113770e+00 8.943535685539245605e-01
3.948686122894287109e+00 1.629533171653747559e+00 8.878221511840820312e-01
3.886801242828369141e+00 1.639574527740478516e+00 8.799597024917602539e-01
3.800818204879760742e+00 1.653499245643615723e+00 8.662754893302917480e-01
3.732715129852294922e+00 1.664499759674072266e+00 8.523737788200378418e-01
3.655764341354370117e+00 1.676905035972595215e+00 8.338875770568847656e-01
3.582748651504516602e+00 1.688650608062744141e+00 8.133240342140197754e-01
3.555742502212524414e+00 1.692986369132995605e+00 8.046371340751647949e-01
3.469932079315185547e+00 1.706753373146057129e+00 7.757420539855957031e-01
3.407561063766479492e+00 1.716737866401672363e+00 7.517118453979492188e-01
3.321767807006835938e+00 1.730450868606567383e+00 7.155430912971496582e-01
3.276630878448486328e+00 1.737650752067565918e+00 6.941960453987121582e-01
3.228295803070068359e+00 1.745352983474731445e+00 6.699857115745544434e-01
3.130389451980590820e+00 1.760938048362731934e+00 6.179469823837280273e-01
3.068134307861328125e+00 1.770827412605285645e+00 5.808617472648620605e-01
3.046219110488891602e+00 1.774304389953613281e+00 5.668646097183227539e-01
2.949749231338500977e+00 1.789603710174560547e+00 5.037403106689453125e-01
2.890597343444824219e+00 1.798968076705932617e+00 4.608319699764251709e-01
2.843309402465820312e+00 1.806446790695190430e+00 4.243317246437072754e-01
2.790480613708496094e+00 1.814795732498168945e+00 3.814974427223205566e-01
2.746193647384643555e+00 1.821789503097534180e+00 3.435753881931304932e-01
2.688437223434448242e+00 1.830904960632324219e+00 2.918089926242828369e-01
2.630465984344482422e+00 1.840048074722290039e+00 2.366705387830734253e-01
2.583851575851440430e+00 1.847395777702331543e+00 1.895995140075683594e-01
2.503250598907470703e+00 1.860096335411071777e+00 1.041537150740623474e-01
2.478803157806396484e+00 1.863947033882141113e+00 7.594798505306243896e-02
2.425615549087524414e+00 1.872324347496032715e+00 1.293661445379257202e-02
2.362725973129272461e+00 1.883790254592895508e+00 7.865022122859954834e-02
2.275703430175781250e+00 1.899559259414672852e+00 1.634913682937622070e-01
2.241236686706542969e+00 1.905756831169128418e+00 1.940581202507019043e-01
2.173897266387939453e+00 1.917831659317016602e+00 2.516244649887084961e-01
2.068315505981445312e+00 1.936666011810302734e+00 3.356059193611145020e-01
2.035780429840087891e+00 1.942426681518554688e+00 3.586902022361755371e-01
1.944809317588806152e+00 1.958500027656555176e+00 4.210092127323150635e-01
1.861264705657958984e+00 1.973178148269653320e+00 4.727618098258972168e-01
1.840702533721923828e+00 1.976773500442504883e+00 4.843438863754272461e-01
1.744435429573059082e+00 1.993587255477905273e+00 5.372956991195678711e-01
1.667199611663818359e+00 2.007008790969848633e+00 5.751359462738037109e-01
1.579482316970825195e+00 2.022194147109985352e+00 6.141056418418884277e-01
1.491853237152099609e+00 2.037302494049072266e+00 6.486842036247253418e-01
1.471750378608703613e+00 2.040755033493041992e+00 6.556605696678161621e-01
1.374345779418945312e+00 2.057470083236694336e+00 6.884298324584960938e-01
1.293645739555358887e+00 2.071263313293457031e+00 7.115042209625244141e-01
1.181854009628295898e+00 2.090310811996459961e+00 7.389416694641113281e-01
1.115768074989318848e+00 2.101524114608764648e+00 7.515552639961242676e-01
1.025120735168457031e+00 2.116869449615478516e+00 7.660030126571655273e-01
9.961296916007995605e-01 2.121762037277221680e+00 7.693910002708435059e-01
9.230413436889648438e-01 2.134085178375244141e+00 7.769498825073242188e-01
7.816754579544067383e-01 2.157864570617675781e+00 7.868102192878723145e-01
7.419860959053039551e-01 2.164511680603027344e+00 7.870230078697204590e-01
6.398314237594604492e-01 2.181600570678710938e+00 7.857350707054138184e-01
5.910072922706604004e-01 2.189744234085083008e+00 7.828661799430847168e-01
4.839442968368530273e-01 2.207578182220458984e+00 7.742100954055786133e-01
3.775320649147033691e-01 2.225252866744995117e+00 7.604398131370544434e-01
3.119079172611236572e-01 2.236123085021972656e+00 7.487521767616271973e-01
2.471666932106018066e-01 2.246829986572265625e+00 7.352524399757385254e-01
1.362123340368270874e-01 2.265151500701904297e+00 7.087488174438476562e-01
1.069291830062866211e-01 2.269974708557128906e+00 7.002066373825073242e-01
5.015715956687927246e-03 2.286749839782714844e+00 6.690245270729064941e-01
-8.101040869951248169e-02 2.300879001617431641e+00 6.383755207061767578e-01
-1.246388107538223267e-01 2.308032274246215820e+00 6.209200024604797363e-01
-2.033713757991790771e-01 2.320930242538452148e+00 5.876207947731018066e-01
-3.183770179748535156e-01 2.339742898941040039e+00 5.341335535049438477e-01
-3.970641493797302246e-01 2.352588176727294922e+00 4.924946427345275879e-01
-4.923710823059082031e-01 2.368126869201660156e+00 4.376523196697235107e-01
-5.268506407737731934e-01 2.373740434646606445e+00 4.157836437225341797e-01
-6.026331782341003418e-01 2.386072874069213867e+00 3.660238683223724365e-01
-6.898117065429687500e-01 2.400246381759643555e+00 3.043535351753234863e-01
-7.693864107131958008e-01 2.413171291351318359e+00 2.431272268295288086e-01
-8.267476558685302734e-01 2.422481775283813477e+00 1.955082863569259644e-01
-9.006766080856323242e-01 2.434476852416992188e+00 1.306753754615783691e-01
-9.455997943878173828e-01 2.441763162612915039e+00 8.839447796344757080e-02
-1.038364291191101074e+00 2.456807613372802734e+00 -2.797603607177734375e-03
-1.086214423179626465e+00 2.464567899703979492e+00 -5.427664890885353088e-02
-1.171613693237304688e+00 2.479466676712036133e+00 2.941471710801124573e-02
-1.254357337951660156e+00 2.493841409683227539e+00 1.036989837884902954e-01
-1.292771220207214355e+00 2.500490188598632812e+00 1.354297697544097900e-01
-1.410894393920898438e+00 2.520903110504150391e+00 2.293584793806076050e-01
-1.519989132881164551e+00 2.539669752120971680e+00 3.064099550247192383e-01
-1.548438072204589844e+00 2.544544935226440430e+00 3.244029283523559570e-01
-1.636656284332275391e+00 2.559648990631103516e+00 3.786106705665588379e-01
-1.732607126235961914e+00 2.576032400131225586e+00 4.324024021625518799e-01
-1.816811800003051758e+00 2.590370655059814453e+00 4.749740660190582275e-01
-1.965536952018737793e+00 2.615638494491577148e+00 5.433761477470397949e-01
-2.062953948974609375e+00 2.632128477096557617e+00 5.807641148567199707e-01
-2.128101825714111328e+00 2.643131971359252930e+00 6.027145385742187500e-01
-2.250316381454467773e+00 2.663746118545532227e+00 6.401932835578918457e-01
-2.310819625854492188e+00 2.673926591873168945e+00 6.554138064384460449e-01
-2.426361799240112305e+00 2.693346261978149414e+00 6.814253926277160645e-01
-2.529673814773559570e+00 2.710675239562988281e+00 6.995766162872314453e-01
-2.612359046936035156e+00 2.724521398544311523e+00 7.105383872985839844e-01
-2.737182617187500000e+00 2.745398283004760742e+00 7.228502631187438965e-01
-2.860626220703125000e+00 2.766008853912353516e+00 7.287858724594116211e-01
-2.972073316574096680e+00 2.784587860107421875e+00 7.286357283592224121e-01
-3.022659063339233398e+00 2.793010473251342773e+00 7.263209223747253418e-01
-3.177135705947875977e+00 2.818718433380126953e+00 7.161349058151245117e-01
-3.255866289138793945e+00 2.831802368164062500e+00 7.060837745666503906e-01
-3.356756210327148438e+00 2.848559141159057617e+00 6.899948120117187500e-01
-3.420425415039062500e+00 2.859127283096313477e+00 6.772193908691406250e-01
-3.571129798889160156e+00 2.884134292602539062e+00 6.430057287216186523e-01
-3.640170335769653320e+00 2.895583629608154297e+00 6.229489445686340332e-01
-3.751067399978637695e+00 2.913972139358520508e+00 5.874058604240417480e-01
-3.828593254089355469e+00 2.926826477050781250e+00 5.587341785430908203e-01
-3.935198307037353516e+00 2.944504261016845703e+00 5.155054926872253418e-01
-4.064310550689697266e+00 2.965921401977539062e+00 4.566063880920410156e-01
-4.160348415374755859e+00 2.981863498687744141e+00 4.066048264503479004e-01
-4.243791580200195312e+00 2.995726585388183594e+00 3.589152693748474121e-01
-4.350555896759033203e+00 3.013481378555297852e+00 2.929244041442871094e-01
-4.459838390350341797e+00 3.031683444976806641e+00 2.184811830520629883e-01
-4.489696025848388672e+00 3.036666870117187500e+00 1.960620433092117310e-01
-4.590898990631103516e+00 3.053570032119750977e+00 1.180141791701316833e-01
-4.683726787567138672e+00 3.069115161895751953e+00 3.973340988159179688e-02
-4.786766529083251953e+00 3.086421966552734375e+00 -5.462404340505599976e-02
-4.896605014801025391e+00 3.105087280273437500e+00 3.629310429096221924e-02
-4.993969440460205078e+00 3.121659755706787109e+00 1.086969301104545593e-01
-5.116967201232910156e+00 3.142622470855712891e+00 1.919279992580413818e-01
-5.208268642425537109e+00 3.158206939697265625e+00 2.466825544834136963e-01
-5.358132362365722656e+00 3.183815717697143555e+00 3.287114500999450684e-01
-5.409147262573242188e+00 3.192548513412475586e+00 3.525704145431518555e-01
-5.584926128387451172e+00 3.222656488418579102e+00 4.303293824195861816e-01
-5.653107166290283203e+00 3.234358787536621094e+00 4.548299908638000488e-01
-5.799795627593994141e+00 3.259557008743286133e+00 5.031048655509948730e-01
-5.912252426147460938e+00 3.278910875320434570e+00 5.330625176429748535e-01
-6.100170135498046875e+00 3.311300516128540039e+00 5.744787454605102539e-01
-6.193315505981445312e+00 3.327397823333740234e+00 5.881124138832092285e-01
-6.315879821777343750e+00 3.348610639572143555e+00 6.016905307769775391e-01
-6.526154518127441406e+00 3.385078430175781250e+00 6.152916550636291504e-01
-6.578645706176757812e+00 3.394216299057006836e+00 6.146042346954345703e-01
-6.776680469512939453e+00 3.428728342056274414e+00 6.081837415695190430e-01
-6.955497264862060547e+00 3.460023164749145508e+00 5.893726348876953125e-01
-7.078668117523193359e+00 3.481673717498779297e+00 5.682321190834045410e-01
-7.195710659027099609e+00 3.502317667007446289e+00 5.426764488220214844e-01
-7.277655601501464844e+00 3.516822814941406250e+00 5.210673809051513672e-01
-7.487747669219970703e+00 3.554113388061523438e+00 4.588314294815063477e-01
-7.572660446166992188e+00 3.569299697875976562e+00 4.263707995414733887e-01
-7.685804367065429688e+00 3.589608192443847656e+00 3.789521455764770508e-01
-7.903485774993896484e+00 3.628884315490722656e+00 2.766403853893280029e-01
-7.939508438110351562e+00 3.635457277297973633e+00 2.559429407119750977e-01
-8.128210067749023438e+00 3.669966936111450195e+00 1.439629197120666504e-01
-8.214220046997070312e+00 3.685893535614013672e+00 8.397848904132843018e-02
-8.379508972167968750e+00 3.716710329055786133e+00 -4.002980142831802368e-02
-8.466564178466796875e+00 3.733182907104492188e+00 -1.150226667523384094e-01
-8.655506134033203125e+00 3.767694473266601562e+00 3.622659295797348022e-02
-8.771942138671875000e+00 3.789233684539794922e+00 1.139945536851882935e-01
-8.906357765197753906e+00 3.814267635345458984e+00 1.943555474281311035e-01
-9.164171218872070312e+00 3.862630844116210938e+00 3.295347392559051514e-01
-9.272165298461914062e+00 3.883145332336425781e+00 3.726110160350799561e-01
-9.514939308166503906e+00 3.929492950439453125e+00 4.579842984676361084e-01
-9.704758644104003906e+00 3.966123819351196289e+00 5.058621764183044434e-01
-9.857028007507324219e+00 3.995755434036254883e+00 5.332488417625427246e-01
-1.004534435272216797e+01 4.032652854919433594e+00 5.566158890724182129e-01
-1.021282672882080078e+01 4.065752029418945312e+00 5.661554932594299316e-01
-1.045771408081054688e+01 4.114536285400390625e+00 5.657383799552917480e-01
-1.066319656372070312e+01 4.155972480773925781e+00 5.479010939598083496e-01
-1.081196212768554688e+01 4.186306476593017578e+00 5.242626070976257324e-01
-1.110510635375976562e+01 4.246605396270751953e+00 4.620451629161834717e-01
-1.122993469238281250e+01 4.272762298583984375e+00 4.219926595687866211e-01
-1.149250316619873047e+01 4.328286170959472656e+00 3.248078227043151855e-01
-1.171993350982666016e+01 4.377394676208496094e+00 2.156785577535629272e-01
-1.190655994415283203e+01 4.418567180633544922e+00 1.063375994563102722e-01
-1.206645488739013672e+01 4.454586982727050781e+00 -3.041572868824005127e-03
-1.223764514923095703e+01 4.493969440460205078e+00 -1.364440023899078369e-01
-1.249701690673828125e+01 4.552809715270996094e+00 3.379671275615692139e-02
-1.276579570770263672e+01 4.615274906158447266e+00 1.699806004762649536e-01
-1.295072746276855469e+01 4.659181594848632812e+00 2.397861778736114502e-01
-1.325455188751220703e+01 4.732305526733398438e+00 3.304798305034637451e-01
-1.371810340881347656e+01 4.846266269683837891e+00 4.136380851268768311e-01
-1.409994316101074219e+01 4.943127155303955078e+00 4.186262786388397217e-01
-1.437771129608154297e+01 5.015552043914794922e+00 3.854839801788330078e-01
-1.488857078552246094e+01 5.151748657226562500e+00 2.741990685462951660e-01
-1.504161262512207031e+01 5.194448947906494141e+00 2.114082425832748413e-01
-1.538115119934082031e+01 5.290819644927978516e+00 4.982081055641174316e-02
-1.586175251007080078e+01 5.433148384094238281e+00 -2.561969757080078125e-01
-1.646575736999511719e+01 5.635875701904296875e+00 -1.067754775285720825e-01
-1.703301811218261719e+01 5.834681987762451172e+00 -9.753191471099853516e-02
-1.807882118225097656e+01 6.217763423919677734e+00 -2.955146431922912598e-01
-2.808533096313476562e+01 1.109002113342285156e+01 -6.517476081848144531e+00
-2.068833398437500000e+04 1.514959570312500000e+04 -1.417523144531250000e+04
-1.082692054808526848e+18 9.742713434973143040e+17 -1.546288831873941504e+18
nan nan nan
nan nan nan
nan nan nan
nan nan nan
nan nan nan
nan nan nan
nan nan nan
nan nan nan
nan nan nan
nan nan nan
nan nan nan
nan nan nan
nan nan nan
nan nan nan
nan nan nan
nan nan nan
nan nan nan
nan nan nan
nan nan nan
nan nan nan
nan nan nan
nan nan nan
nan nan nan
nan nan nan
nan nan nan
nan nan nan
nan nan nan
nan nan nan
nan nan nan
nan nan nan
nan nan nan
nan nan nan
nan nan nan
nan nan nan
nan nan nan
nan nan nan
nan nan nan
nan nan nan
nan nan nan
nan nan nan
nan nan nan
nan nan nan
nan nan nan
nan nan nan
nan nan nan
nan nan nan
nan nan nan
nan nan nan
nan nan nan
nan nan nan
nan nan nan
nan nan nan
nan nan nan
nan nan nan
nan nan nan
nan nan nan
nan nan nan
nan nan nan
nan nan nan
nan nan nan
