2.353180313110351562e+01 -1.928088963031768799e-01 2.063054591417312622e-01
2.342932701110839844e+01 -2.094658613204956055e-01 2.714069187641143799e-01
2.326502990722656250e+01 -2.362110018730163574e-01 3.750354647636413574e-01
2.304409217834472656e+01 -2.722601592540740967e-01 5.127554535865783691e-01
2.295965003967285156e+01 -2.860801517963409424e-01 5.645352005958557129e-01
2.278577232360839844e+01 -3.145686984062194824e-01 6.704714894294738770e-01
2.263801574707031250e+01 -3.388322591781616211e-01 7.592797279357910156e-01
2.248361587524414062e+01 -3.642333745956420898e-01 8.509842157363891602e-01
2.241056060791015625e+01 -3.762744069099426270e-01 8.938238620758056641e-01
2.225751686096191406e+01 -4.015207588672637939e-01 9.830172657966613770e-01
2.210347366333007812e+01 -4.269765019416809082e-01 1.071614384651184082e+00
2.197568321228027344e+01 -4.481298327445983887e-01 1.144112229347229004e+00
2.177269744873046875e+01 -4.817759990692138672e-01 1.257933020591735840e+00
2.165430831909179688e+01 -5.014404654502868652e-01 1.323055505752563477e+00
2.155881500244140625e+01 -5.173199772834777832e-01 1.374979972839355469e+00
2.138395881652832031e+01 -5.464225411415100098e-01 1.469157218933105469e+00
2.130848312377929688e+01 -5.590043663978576660e-01 1.509085059165954590e+00
2.113222503662109375e+01 -5.884054303169250488e-01 1.601589918136596680e+00
2.106104469299316406e+01 -6.002960801124572754e-01 1.638240575790405273e+00
2.087606239318847656e+01 -6.312140822410583496e-01 1.732736110687255859e+00
2.078096961975097656e+01 -6.471298336982727051e-01 1.780293941497802734e+00
2.068976783752441406e+01 -6.624044179916381836e-01 1.825396418571472168e+00
2.054737472534179688e+01 -6.862668395042419434e-01 1.895043849945068359e+00
2.040988731384277344e+01 -7.093275785446166992e-01 1.961113214492797852e+00
2.025207328796386719e+01 -7.358191609382629395e-01 2.035625219345092773e+00
2.019577598571777344e+01 -7.452775239944458008e-01 2.061653614044189453e+00
2.001668739318847656e+01 -7.753741145133972168e-01 2.143820047378540039e+00
1.989064788818359375e+01 -7.965734004974365234e-01 2.200208902359008789e+00
1.977692031860351562e+01 -8.157112002372741699e-01 2.250160217285156250e+00
1.964797782897949219e+01 -8.374179005622863770e-01 2.305831432342529297e+00
1.958494567871093750e+01 -8.480328917503356934e-01 2.332504272460937500e+00
1.942922210693359375e+01 -8.742616176605224609e-01 2.397740125656127930e+00
1.928011703491210938e+01 -8.993839025497436523e-01 2.458620786666870117e+00
1.919535827636718750e+01 -9.136677980422973633e-01 2.492352485656738281e+00
1.908076095581054688e+01 -9.329813122749328613e-01 2.537276506423950195e+00
1.895571327209472656e+01 -9.540566205978393555e-01 2.585278272628784180e+00
1.887925529479980469e+01 -9.669423103332519531e-01 2.613939046859741211e+00
1.873409461975097656e+01 -9.914054274559020996e-01 2.667545080184936523e+00
1.860374259948730469e+01 -1.013369083404541016e+00 2.714284896850585938e+00
1.857318687438964844e+01 -1.018516302108764648e+00 2.724942207336425781e+00
1.838766098022460938e+01 -1.049766540527343750e+00 2.789222002029418945e+00
1.833547210693359375e+01 -1.058553099632263184e+00 2.806561231613159180e+00
1.820657730102539062e+01 -1.080249428749084473e+00 2.848861217498779297e+00
1.806513214111328125e+01 -1.104046821594238281e+00 2.893846511840820312e+00
1.796107482910156250e+01 -1.121542811393737793e+00 2.925764560699462891e+00
1.784960174560546875e+01 -1.140275597572326660e+00 2.959016799926757812e+00
1.774058151245117188e+01 -1.158584356307983398e+00 2.990538835525512695e+00
1.767740249633789062e+01 -1.169187307357788086e+00 3.008233070373535156e+00
1.755628585815429688e+01 -1.189505100250244141e+00 3.041510343551635742e+00
1.747519111633300781e+01 -1.203096985816955566e+00 3.062955856323242188e+00
1.737605476379394531e+01 -1.219702601432800293e+00 3.088480949401855469e+00
1.726778221130371094e+01 -1.237823724746704102e+00 3.115423917770385742e+00
1.714168167114257812e+01 -1.258908510208129883e+00 3.145599842071533203e+00
1.706086158752441406e+01 -1.272406339645385742e+00 3.164028882980346680e+00
1.693642425537109375e+01 -1.293172240257263184e+00 3.191493272781372070e+00
1.684310150146484375e+01 -1.308725595474243164e+00 3.211025238037109375e+00
1.680175209045410156e+01 -1.315610051155090332e+00 3.219321250915527344e+00
1.665625762939453125e+01 -1.339822530746459961e+00 3.247947931289672852e+00
1.657433128356933594e+01 -1.353433132171630859e+00 3.262937068939208984e+00
1.647645759582519531e+01 -1.369676828384399414e+00 3.280073642730712891e+00
1.635309982299804688e+01 -1.390124440193176270e+00 3.300498485565185547e+00
1.627872848510742188e+01 -1.402432203292846680e+00 3.311908483505249023e+00
1.615883445739746094e+01 -1.422253131866455078e+00 3.329412937164306641e+00
1.607813072204589844e+01 -1.435572743415832520e+00 3.340218544006347656e+00
1.599690914154052734e+01 -1.448962092399597168e+00 3.350423336029052734e+00
1.588941574096679688e+01 -1.466660857200622559e+00 3.363027334213256836e+00
1.585007190704345703e+01 -1.473128318786621094e+00 3.367198467254638672e+00
1.575926113128662109e+01 -1.488046884536743164e+00 3.376449108123779297e+00
1.566412734985351562e+01 -1.503653407096862793e+00 3.385221242904663086e+00
1.554811286926269531e+01 -1.522656559944152832e+00 3.394731044769287109e+00
1.547287368774414062e+01 -1.534957408905029297e+00 3.399946212768554688e+00
1.533030223846435547e+01 -1.558237671852111816e+00 3.408644199371337891e+00
1.527315044403076172e+01 -1.567547678947448730e+00 3.411218166351318359e+00
1.517675495147705078e+01 -1.583235383033752441e+00 3.414935111999511719e+00
1.511615562438964844e+01 -1.593081355094909668e+00 3.416602611541748047e+00
1.502618312835693359e+01 -1.607684969902038574e+00 3.418447732925415039e+00
1.493883228302001953e+01 -1.621841430664062500e+00 3.419320583343505859e+00
1.482804679870605469e+01 -1.639769315719604492e+00 3.419283866882324219e+00
1.475816726684570312e+01 -1.651056408882141113e+00 3.418333530426025391e+00
1.467044830322265625e+01 -1.665208578109741211e+00 3.416397571563720703e+00
1.458125114440917969e+01 -1.679578423500061035e+00 3.413470745086669922e+00
1.448577213287353516e+01 -1.694937825202941895e+00 3.409282445907592773e+00
1.444770812988281250e+01 -1.701051712036132812e+00 3.407156705856323242e+00
1.431944942474365234e+01 -1.721640586853027344e+00 3.399375915527343750e+00
1.425139522552490234e+01 -1.732543349266052246e+00 3.394129514694213867e+00
1.416285610198974609e+01 -1.746713519096374512e+00 3.386521816253662109e+00
1.410386753082275391e+01 -1.756142258644104004e+00 3.380768060684204102e+00
1.401783370971679688e+01 -1.769882440567016602e+00 3.371703624725341797e+00
1.394901561737060547e+01 -1.780860185623168945e+00 3.363660097122192383e+00
1.382152938842773438e+01 -1.801178455352783203e+00 3.347571849822998047e+00
1.377292537689208984e+01 -1.808912277221679688e+00 3.340587377548217773e+00
1.366277503967285156e+01 -1.826429247856140137e+00 3.324014425277709961e+00
1.361625480651855469e+01 -1.833817958831787109e+00 3.316294431686401367e+00
1.355520057678222656e+01 -1.843510389328002930e+00 3.305758476257324219e+00
1.345996189117431641e+01 -1.858620166778564453e+00 3.288489818572998047e+00
1.341178989410400391e+01 -1.866255640983581543e+00 3.279089927673339844e+00
1.328224945068359375e+01 -1.886779785156250000e+00 3.252897500991821289e+00
1.321162414550781250e+01 -1.897957086563110352e+00 3.237257957458496094e+00
1.314179420471191406e+01 -1.909002780914306641e+00 3.221050739288330078e+00
1.307372474670410156e+01 -1.919764757156372070e+00 3.204527378082275391e+00
1.300088214874267578e+01 -1.931276559829711914e+00 3.186081409454345703e+00
1.290200233459472656e+01 -1.946896553039550781e+00 3.159920454025268555e+00
1.287063026428222656e+01 -1.951849937438964844e+00 3.151130437850952148e+00
1.276778411865234375e+01 -1.968086123466491699e+00 3.121800422668457031e+00
1.270649242401123047e+01 -1.977758169174194336e+00 3.103305339813232422e+00
1.261119079589843750e+01 -1.992794036865234375e+00 3.073594331741333008e+00
1.254777240753173828e+01 -2.002797126770019531e+00 3.052824020385742188e+00
1.246645259857177734e+01 -2.015622377395629883e+00 3.025327682495117188e+00
1.241864967346191406e+01 -2.023160696029663086e+00 3.008506059646606445e+00
1.236954498291015625e+01 -2.030903816223144531e+00 2.990824699401855469e+00
1.228217029571533203e+01 -2.044681549072265625e+00 2.958623170852661133e+00
1.220056056976318359e+01 -2.057549953460693359e+00 2.927303075790405273e+00
1.212748622894287109e+01 -2.069072961807250977e+00 2.898204326629638672e+00
1.210106658935546875e+01 -2.073239326477050781e+00 2.887338161468505859e+00
1.200430107116699219e+01 -2.088500022888183594e+00 2.847077608108520508e+00
1.195061874389648438e+01 -2.096967697143554688e+00 2.823794841766357422e+00
1.184771633148193359e+01 -2.113201141357421875e+00 2.778144359588623047e+00
1.181911182403564453e+01 -2.117714881896972656e+00 2.764903783798217773e+00
1.172412490844726562e+01 -2.132705450057983398e+00 2.720421552658081055e+00
1.167865180969238281e+01 -2.139884233474731445e+00 2.698300361633300781e+00
1.160729026794433594e+01 -2.151152133941650391e+00 2.662957668304443359e+00
1.151027393341064453e+01 -2.166475772857666016e+00 2.613555669784545898e+00
1.148134231567382812e+01 -2.171047687530517578e+00 2.598266839981079102e+00
1.142349338531494141e+01 -2.180190563201904297e+00 2.567360877990722656e+00
1.135972118377685547e+01 -2.190272808074951172e+00 2.532545089721679688e+00
1.127246570587158203e+01 -2.204072475433349609e+00 2.483772754669189453e+00
1.120117664337158203e+01 -2.215353012084960938e+00 2.442638397216796875e+00
1.115335750579833984e+01 -2.222923040390014648e+00 2.414331436157226562e+00
1.107135581970214844e+01 -2.235908508300781250e+00 2.364958524703979492e+00
1.103994941711425781e+01 -2.240884780883789062e+00 2.345496416091918945e+00
1.093699169158935547e+01 -2.257201671600341797e+00 2.280994653701782227e+00
1.087666988372802734e+01 -2.266768693923950195e+00 2.241842269897460938e+00
1.080629348754882812e+01 -2.277935504913330078e+00 2.195219039916992188e+00
1.074709510803222656e+01 -2.287333965301513672e+00 2.155062437057495117e+00
1.071419906616210938e+01 -2.292558908462524414e+00 2.132304191589355469e+00
1.065101432800292969e+01 -2.302597284317016602e+00 2.088114261627197266e+00
1.057345867156982422e+01 -2.314925432205200195e+00 2.032737493515014648e+00
1.054262161254882812e+01 -2.319830417633056641e+00 2.010157585144042969e+00
1.047386074066162109e+01 -2.330770492553710938e+00 1.959304809570312500e+00
1.042344856262207031e+01 -2.338795900344848633e+00 1.921191692352294922e+00
1.034803581237792969e+01 -2.350806474685668945e+00 1.863257408142089844e+00
1.028444194793701172e+01 -2.360941410064697266e+00 1.813227534294128418e+00
1.024174118041992188e+01 -2.367750644683837891e+00 1.778959989547729492e+00
1.019192218780517578e+01 -2.375697851181030273e+00 1.738446474075317383e+00
1.010162925720214844e+01 -2.390108108520507812e+00 1.663880348205566406e+00
1.007618141174316406e+01 -2.394172668457031250e+00 1.642275452613830566e+00
9.974943161010742188e+00 -2.410346508026123047e+00 1.555657505989074707e+00
9.952191352844238281e+00 -2.413984537124633789e+00 1.535586714744567871e+00
9.875354766845703125e+00 -2.426273822784423828e+00 1.467338562011718750e+00
9.829321861267089844e+00 -2.433641433715820312e+00 1.425501346588134766e+00
9.790021896362304688e+00 -2.439934015274047852e+00 1.389291882514953613e+00
9.715758323669433594e+00 -2.451828956604003906e+00 1.320068001747131348e+00
9.658349990844726562e+00 -2.461030244827270508e+00 1.265373826026916504e+00
9.588354110717773438e+00 -2.472254753112792969e+00 1.197557806968688965e+00
9.538986206054687500e+00 -2.480176210403442383e+00 1.148743987083435059e+00
9.512930870056152344e+00 -2.484358787536621094e+00 1.122610569000244141e+00
9.453009605407714844e+00 -2.493979930877685547e+00 1.062056779861450195e+00
9.394630432128906250e+00 -2.503358364105224609e+00 1.002036094665527344e+00
9.349376678466796875e+00 -2.510631799697875977e+00 9.547270536422729492e-01
9.281501770019531250e+00 -2.521544933319091797e+00 8.828483819961547852e-01
9.206220626831054688e+00 -2.533655643463134766e+00 8.015769720077514648e-01
9.173374176025390625e+00 -2.538942813873291016e+00 7.653552293777465820e-01
9.111508369445800781e+00 -2.548903703689575195e+00 6.964994668960571289e-01
9.061953544616699219e+00 -2.556886196136474609e+00 6.403808593750000000e-01
9.003332138061523438e+00 -2.566332578659057617e+00 5.730699300765991211e-01
8.977953910827636719e+00 -2.570423841476440430e+00 5.434504747390747070e-01
8.904689788818359375e+00 -2.582237005233764648e+00 4.573376774787902832e-01
8.848682403564453125e+00 -2.591272115707397461e+00 3.901593089103698730e-01
8.826802253723144531e+00 -2.594803094863891602e+00 3.635068237781524658e-01
8.769370079040527344e+00 -2.604072570800781250e+00 2.931244373321533203e-01
8.694404602050781250e+00 -2.616175889968872070e+00 1.997948735952377319e-01
8.652273178100585938e+00 -2.622980833053588867e+00 1.462554335594177246e-01
8.622530937194824219e+00 -2.627785921096801758e+00 1.080219373106956482e-01
8.562266349792480469e+00 -2.637523174285888672e+00 2.992271631956100464e-02
8.519624710083007812e+00 -2.644414901733398438e+00 -2.625173330307006836e-02
8.473437309265136719e+00 -2.646733283996582031e+00 4.295571148395538330e-02
8.433919906616210938e+00 -2.648769378662109375e+00 9.891662746667861938e-02
8.391525268554687500e+00 -2.650995731353759766e+00 1.562049537897109985e-01
8.331014633178710938e+00 -2.654231309890747070e+00 2.340527772903442383e-01
8.279959678649902344e+00 -2.657022476196289062e+00 2.953610122203826904e-01
8.228243827819824219e+00 -2.659894227981567383e+00 3.540357053279876709e-01
8.207400321960449219e+00 -2.661067485809326172e+00 3.763801455497741699e-01
8.131936073303222656e+00 -2.665334939956665039e+00 4.554789066314697266e-01
8.104401588439941406e+00 -2.666916608810424805e+00 4.820602536201477051e-01
8.046664237976074219e+00 -2.670248270034790039e+00 5.361756086349487305e-01
7.975645542144775391e+00 -2.674381732940673828e+00 5.987051725387573242e-01
7.941953659057617188e+00 -2.676359891891479492e+00 6.261527538299560547e-01
7.900024890899658203e+00 -2.678829193115234375e+00 6.590737700462341309e-01
7.848387718200683594e+00 -2.681880474090576172e+00 6.977783441543579102e-01
7.781197071075439453e+00 -2.685863971710205078e+00 7.452973723411560059e-01
7.714247226715087891e+00 -2.689845323562622070e+00 7.891103625297546387e-01
7.649001121520996094e+00 -2.693731546401977539e+00 8.285335302352905273e-01
7.602831363677978516e+00 -2.696482181549072266e+00 8.542660474777221680e-01
7.543070793151855469e+00 -2.700040102005004883e+00 8.856601715087890625e-01
7.492698669433593750e+00 -2.703034162521362305e+00 9.100888371467590332e-01
7.429599285125732422e+00 -2.706776857376098633e+00 9.386030435562133789e-01
7.409958839416503906e+00 -2.707937717437744141e+00 9.466840028762817383e-01
7.314344406127929688e+00 -2.713581562042236328e+00 9.848461747169494629e-01
7.281465053558349609e+00 -2.715508460998535156e+00 9.960232377052307129e-01
7.200008392333984375e+00 -2.720266580581665039e+00 1.022102117538452148e+00
7.181302547454833984e+00 -2.721349716186523438e+00 1.027185082435607910e+00
7.094167709350585938e+00 -2.726383209228515625e+00 1.049911499023437500e+00
7.035351753234863281e+00 -2.729741573333740234e+00 1.062281131744384766e+00
6.965328216552734375e+00 -2.733703613281250000e+00 1.074658751487731934e+00
6.917890548706054688e+00 -2.736355543136596680e+00 1.081166386604309082e+00
6.877782821655273438e+00 -2.738577365875244141e+00 1.085601449012756348e+00
6.811704158782958984e+00 -2.742207765579223633e+00 1.091427564620971680e+00
6.762579441070556641e+00 -2.744867801666259766e+00 1.093948841094970703e+00
6.712580680847167969e+00 -2.747543096542358398e+00 1.095147967338562012e+00
6.652351379394531250e+00 -2.750724315643310547e+00 1.094915628433227539e+00
6.595903396606445312e+00 -2.753656148910522461e+00 1.092800617218017578e+00
6.523378372192382812e+00 -2.757359027862548828e+00 1.087789535522460938e+00
6.449750423431396484e+00 -2.761029243469238281e+00 1.079690217971801758e+00
6.392457962036132812e+00 -2.763808965682983398e+00 1.070983648300170898e+00
6.374591827392578125e+00 -2.764655828475952148e+00 1.067677855491638184e+00
6.316819190979003906e+00 -2.767372846603393555e+00 1.056387066841125488e+00
6.253060817718505859e+00 -2.770293235778808594e+00 1.041763424873352051e+00
6.196659088134765625e+00 -2.772795438766479492e+00 1.026680350303649902e+00
6.148181915283203125e+00 -2.774879932403564453e+00 1.012052655220031738e+00
6.080003738403320312e+00 -2.777726650238037109e+00 9.894306659698486328e-01
6.016587734222412109e+00 -2.780256986618041992e+00 9.656485319137573242e-01
5.962820529937744141e+00 -2.782302141189575195e+00 9.432605504989624023e-01
5.910626411437988281e+00 -2.784198999404907227e+00 9.196426272392272949e-01
5.866142272949218750e+00 -2.785737752914428711e+00 8.979091644287109375e-01
5.797956943511962891e+00 -2.787988185882568359e+00 8.624393343925476074e-01
5.741012573242187500e+00 -2.789720535278320312e+00 8.299645781517028809e-01
5.709385871887207031e+00 -2.790608406066894531e+00 8.105464577674865723e-01
5.669096946716308594e+00 -2.791683435440063477e+00 7.847967147827148438e-01
5.610263347625732422e+00 -2.793143987655639648e+00 7.452579140663146973e-01
5.566995620727539062e+00 -2.794093370437622070e+00 7.140190005302429199e-01
5.505182743072509766e+00 -2.795308113098144531e+00 6.670094728469848633e-01
5.469138622283935547e+00 -2.795889854431152344e+00 6.375180482864379883e-01
5.410137653350830078e+00 -2.796710729598999023e+00 5.871474742889404297e-01
5.372718811035156250e+00 -2.797085523605346680e+00 5.529191493988037109e-01
5.308120250701904297e+00 -2.797558069229125977e+00 4.911702573299407959e-01
5.288894653320312500e+00 -2.797601938247680664e+00 4.713439643383026123e-01
5.226234912872314453e+00 -2.797641038894653320e+00 4.052228331565856934e-01
5.196606636047363281e+00 -2.797490358352661133e+00 3.715235590934753418e-01
5.160132884979248047e+00 -2.797195434570312500e+00 3.285022377967834473e-01
5.090209007263183594e+00 -2.796353340148925781e+00 2.422004491090774536e-01
5.056844234466552734e+00 -2.795671701431274414e+00 1.972104460000991821e-01
5.035811901092529297e+00 -2.795145034790039062e+00 1.675670892000198364e-01
4.980416297912597656e+00 -2.793584585189819336e+00 8.722355961799621582e-02
4.945327758789062500e+00 -2.792281866073608398e+00 3.226094692945480347e-02
4.913693904876708984e+00 -2.790900945663452148e+00 -1.990653946995735168e-02
4.863204002380371094e+00 -2.785515308380126953e+00 4.064960032701492310e-02
4.789258003234863281e+00 -2.777759313583374023e+00 1.246253028512001038e-01
4.762304306030273438e+00 -2.774994850158691406e+00 1.529119014739990234e-01
4.699695110321044922e+00 -2.768619775772094727e+00 2.168030291795730591e-01
4.645950317382812500e+00 -2.763233661651611328e+00 2.681840062141418457e-01
4.567806243896484375e+00 -2.755497932434082031e+00 3.388545513153076172e-01
4.502017974853515625e+00 -2.749090433120727539e+00 3.937098383903503418e-01
4.445358753204345703e+00 -2.743638038635253906e+00 4.378225505352020264e-01
4.387300968170166016e+00 -2.738102436065673828e+00 4.804102778434753418e-01
4.316777706146240234e+00 -2.731435775756835938e+00 5.290341377258300781e-01
4.269083023071289062e+00 -2.726969242095947266e+00 5.594787597656250000e-01
4.203870773315429688e+00 -2.720895767211914062e+00 5.989484190940856934e-01
4.129054069519042969e+00 -2.713975429534912109e+00 6.409574747085571289e-01
4.114968776702880859e+00 -2.712681531906127930e+00 6.481867432594299316e-01
4.019122123718261719e+00 -2.703885555267333984e+00 6.965376138687133789e-01
3.949146032333374023e+00 -2.697508573532104492e+00 7.277205586433410645e-01
3.874852180480957031e+00 -2.690763950347900391e+00 7.577660679817199707e-01
3.811226844787597656e+00 -2.685005903244018555e+00 7.807916998863220215e-01
3.747729539871215820e+00 -2.679270029067993164e+00 8.015176653861999512e-01
3.676333665847778320e+00 -2.672828197479248047e+00 8.223434686660766602e-01
3.631751775741577148e+00 -2.668807983398437500e+00 8.336385488510131836e-01
3.593541860580444336e+00 -2.665361642837524414e+00 8.424189686775207520e-01
3.526992321014404297e+00 -2.659356832504272461e+00 8.563798666000366211e-01
3.432253122329711914e+00 -2.650798797607421875e+00 8.729776740074157715e-01
3.371550559997558594e+00 -2.645300865173339844e+00 8.806551098823547363e-01
3.304186820983886719e+00 -2.639183759689331055e+00 8.870938420295715332e-01
3.240422487258911133e+00 -2.633373022079467773e+00 8.910112380981445312e-01
3.146636247634887695e+00 -2.624791860580444336e+00 8.937487602233886719e-01
3.109967708587646484e+00 -2.621413469314575195e+00 8.930780887603759766e-01
3.017659664154052734e+00 -2.612881422042846680e+00 8.896732926368713379e-01
2.949440717697143555e+00 -2.606520414352416992e+00 8.839454650878906250e-01
2.905052900314331055e+00 -2.602350234985351562e+00 8.786599636077880859e-01
2.842533826828002930e+00 -2.596444368362426758e+00 8.697740435600280762e-01
2.761335134506225586e+00 -2.588711023330688477e+00 8.555700182914733887e-01
2.699625492095947266e+00 -2.582765579223632812e+00 8.421050310134887695e-01
2.655024290084838867e+00 -2.578426361083984375e+00 8.308775424957275391e-01
2.602852106094360352e+00 -2.573311805725097656e+00 8.164579868316650391e-01
2.531415700912475586e+00 -2.566242694854736328e+00 7.946203947067260742e-01
2.475490808486938477e+00 -2.560632228851318359e+00 7.752299308776855469e-01
2.405299663543701172e+00 -2.553508043289184570e+00 7.485754489898681641e-01
2.345546483993530273e+00 -2.547348022460937500e+00 7.233375906944274902e-01
2.266644954681396484e+00 -2.539096593856811523e+00 6.870499849319458008e-01
2.191773891448974609e+00 -2.531106233596801758e+00 6.487628221511840820e-01
2.145596027374267578e+00 -2.526073217391967773e+00 6.227819919586181641e-01
2.076279640197753906e+00 -2.518411397933959961e+00 5.814908742904663086e-01
2.025666475296020508e+00 -2.512690782546997070e+00 5.487249493598937988e-01
1.971876978874206543e+00 -2.506503105163574219e+00 5.117656588554382324e-01
1.930353879928588867e+00 -2.501630544662475586e+00 4.813999533653259277e-01
1.879564881324768066e+00 -2.495572566986083984e+00 4.424424767494201660e-01
1.803434252738952637e+00 -2.486298799514770508e+00 3.805651366710662842e-01
1.748688220977783203e+00 -2.479401350021362305e+00 3.320681154727935791e-01
1.716072916984558105e+00 -2.475181102752685547e+00 3.013170361518859863e-01
1.683484077453613281e+00 -2.470891952514648438e+00 2.694150805473327637e-01
1.602755784988403320e+00 -2.460076570510864258e+00 1.873446404933929443e-01
1.574350953102111816e+00 -2.456089735031127930e+00 1.556208580732345581e-01
1.537662029266357422e+00 -2.450845241546630859e+00 1.132167354226112366e-01
1.462403059005737305e+00 -2.439818143844604492e+00 2.224186062812805176e-02
1.428541541099548340e+00 -2.434579849243164062e+00 -2.272561937570571899e-02
1.357544183731079102e+00 -2.418778657913208008e+00 5.210164189338684082e-02
1.281578183174133301e+00 -2.402041435241699219e+00 1.264376938343048096e-01
1.235438823699951172e+00 -2.391972303390502930e+00 1.681809127330780029e-01
1.170847058296203613e+00 -2.377948284149169922e+00 2.239339798688888550e-01
1.114583373069763184e+00 -2.365813255310058594e+00 2.693905234336853027e-01
1.045105338096618652e+00 -2.350905895233154297e+00 3.223723173141479492e-01
9.479991793632507324e-01 -2.330192089080810547e+00 3.912605643272399902e-01
8.966284990310668945e-01 -2.319313526153564453e+00 4.241141676902770996e-01
8.412401676177978516e-01 -2.307622909545898438e+00 4.576132297515869141e-01
7.728623151779174805e-01 -2.293237447738647461e+00 4.964935481548309326e-01
6.776725649833679199e-01 -2.273283958435058594e+00 5.465149879455566406e-01
6.041251420974731445e-01 -2.257935762405395508e+00 5.809293389320373535e-01
5.182669162750244141e-01 -2.240069389343261719e+00 6.174532175064086914e-01
4.539771974086761475e-01 -2.226728916168212891e+00 6.417162418365478516e-01
3.981168568134307861e-01 -2.215157032012939453e+00 6.608529090881347656e-01
3.000943064689636230e-01 -2.194875240325927734e+00 6.915305852890014648e-01
1.993927061557769775e-01 -2.174075126647949219e+00 7.179148197174072266e-01
1.684686690568923950e-01 -2.167694807052612305e+00 7.244387269020080566e-01
5.920093506574630737e-02 -2.145153284072875977e+00 7.458093762397766113e-01
-1.186699420213699341e-02 -2.130496263504028320e+00 7.558721899986267090e-01
-9.834433346986770630e-02 -2.112655878067016602e+00 7.651219367980957031e-01
-1.385505050420761108e-01 -2.104354858398437500e+00 7.677377462387084961e-01
-2.639659643173217773e-01 -2.078446626663208008e+00 7.734647393226623535e-01
-3.209686875343322754e-01 -2.066645860671997070e+00 7.726126909255981445e-01
-4.111932516098022461e-01 -2.047940492630004883e+00 7.687740921974182129e-01
-4.507905244827270508e-01 -2.039709329605102539e+00 7.653484940528869629e-01
-5.564976334571838379e-01 -2.017704963684082031e+00 7.541481256484985352e-01
-6.342523097991943359e-01 -2.001452922821044922e+00 7.418279647827148438e-01
-6.860798597335815430e-01 -1.990580439567565918e+00 7.315771579742431641e-01
-7.595804333686828613e-01 -1.975118756294250488e+00 7.150798439979553223e-01
-8.493493199348449707e-01 -1.956154346466064453e+00 6.914767622947692871e-01
-8.893559575080871582e-01 -1.947653293609619141e+00 6.790274977684020996e-01
-9.988627433776855469e-01 -1.924315452575683594e+00 6.425323486328125000e-01
-1.030651330947875977e+00 -1.917482256889343262e+00 6.299620270729064941e-01
-1.109744548797607422e+00 -1.900431752204895020e+00 5.972023606300354004e-01
-1.205773234367370605e+00 -1.879574179649353027e+00 5.528303384780883789e-01
-1.243214249610900879e+00 -1.871358513832092285e+00 5.332437753677368164e-01
-1.358124375343322754e+00 -1.846030473709106445e+00 4.702582955360412598e-01
-1.418466329574584961e+00 -1.832532882690429688e+00 4.323360323905944824e-01
-1.470618963241577148e+00 -1.820761919021606445e+00 3.971877694129943848e-01
-1.544017195701599121e+00 -1.804055094718933105e+00 3.446843028068542480e-01
-1.609482645988464355e+00 -1.788960337638854980e+00 2.938198149204254150e-01
-1.639698743820190430e+00 -1.781903266906738281e+00 2.685543894767761230e-01
-1.727776288986206055e+00 -1.761198163032531738e+00 1.923498809337615967e-01
-1.755308508872985840e+00 -1.754593491554260254e+00 1.660506725311279297e-01
-1.822196602821350098e+00 -1.738432049751281738e+00 1.000998392701148987e-01
-1.883668065071105957e+00 -1.723300457000732422e+00 3.461112082004547119e-02
-1.943527221679687500e+00 -1.708278894424438477e+00 -3.399669378995895386e-02
-1.978717803955078125e+00 -1.696819424629211426e+00 -1.212734729051589966e-03
-2.073317050933837891e+00 -1.666114926338195801e+00 8.386896550655364990e-02
-2.174226522445678711e+00 -1.633630514144897461e+00 1.663555353879928589e-01
-2.240195035934448242e+00 -1.612555265426635742e+00 2.150386720895767212e-01
-2.351835727691650391e+00 -1.577044010162353516e+00 2.920759320259094238e-01
-2.428963661193847656e+00 -1.552674293518066406e+00 3.394091427326202393e-01
-2.486762285232543945e+00 -1.534484744071960449e+00 3.720431327819824219e-01
-2.568003654479980469e+00 -1.508986830711364746e+00 4.150553047657012939e-01
-2.690470695495605469e+00 -1.470684647560119629e+00 4.740505516529083252e-01
-2.767332553863525391e+00 -1.446758627891540527e+00 5.057982206344604492e-01
-2.837339878082275391e+00 -1.425020456314086914e+00 5.318427681922912598e-01
-2.939547538757324219e+00 -1.393347740173339844e+00 5.661544799804687500e-01
-3.029269695281982422e+00 -1.365616798400878906e+00 5.916367173194885254e-01
-3.106809377670288086e+00 -1.341697216033935547e+00 6.102380156517028809e-01
-3.231161594390869141e+00 -1.303389549255371094e+00 6.354226469993591309e-01
-3.339488506317138672e+00 -1.270079731941223145e+00 6.509699225425720215e-01
-3.418010234832763672e+00 -1.245960950851440430e+00 6.582686305046081543e-01
-3.528823137283325195e+00 -1.211939454078674316e+00 6.645405292510986328e-01
-3.569540262222290039e+00 -1.199442625045776367e+00 6.647593379020690918e-01
-3.684079885482788086e+00 -1.164286613464355469e+00 6.632201671600341797e-01
-3.788206338882446289e+00 -1.132316350936889648e+00 6.562797427177429199e-01
-3.883879184722900391e+00 -1.102918863296508789e+00 6.452252864837646484e-01
-3.975442409515380859e+00 -1.074752211570739746e+00 6.304690241813659668e-01
-4.067144870758056641e+00 -1.046501159667968750e+00 6.116088628768920898e-01
-4.150100708007812500e+00 -1.020896673202514648e+00 5.907614827156066895e-01
-4.198651313781738281e+00 -1.005879998207092285e+00 5.765002965927124023e-01
-4.327182769775390625e+00 -9.660679101943969727e-01 5.354725718498229980e-01
-4.414316654205322266e+00 -9.389637112617492676e-01 5.015932917594909668e-01
-4.516045570373535156e+00 -9.072054028511047363e-01 4.569784700870513916e-01
-4.578404903411865234e+00 -8.876423835754394531e-01 4.258204102516174316e-01
-4.658816814422607422e+00 -8.623270988464355469e-01 3.824637234210968018e-01
-4.727149963378906250e+00 -8.407055735588073730e-01 3.419663310050964355e-01
-4.826765060424804688e+00 -8.090319037437438965e-01 2.781341373920440674e-01
-4.909895896911621094e+00 -7.823865413665771484e-01 2.186258584260940552e-01
-4.970402717590332031e+00 -7.628392577171325684e-01 1.711727678775787354e-01
-5.032438755035400391e+00 -7.426656484603881836e-01 1.191742271184921265e-01
-5.072463512420654297e+00 -7.295516133308410645e-01 8.324760198593139648e-02
-5.176348209381103516e+00 -6.953297853469848633e-01 -1.426792889833450317e-02
-5.240478038787841797e+00 -6.738728284835815430e-01 -8.192284405231475830e-02
-5.343866348266601562e+00 -6.299825906753540039e-01 9.689122438430786133e-03
-5.392329216003417969e+00 -6.095962524414062500e-01 4.845361784100532532e-02
-5.537539958953857422e+00 -5.487454533576965332e-01 1.592137366533279419e-01
-5.612761020660400391e+00 -5.175592303276062012e-01 2.087263166904449463e-01
-5.759107112884521484e+00 -4.571755528450012207e-01 2.978660762310028076e-01
-5.822990894317626953e+00 -4.310420453548431396e-01 3.310305178165435791e-01
-5.972101688385009766e+00 -3.702448010444641113e-01 4.029928147792816162e-01
-6.049306392669677734e+00 -3.389918208122253418e-01 4.339351356029510498e-01
-6.136265277862548828e+00 -3.039053082466125488e-01 4.653056859970092773e-01
-6.306231975555419922e+00 -2.355620265007019043e-01 5.191722512245178223e-01
-6.373186111450195312e+00 -2.088062614202499390e-01 5.348359346389770508e-01
-6.537972927093505859e+00 -1.430931687355041504e-01 5.681979060173034668e-01
-6.677601337432861328e+00 -8.768123388290405273e-02 5.857968926429748535e-01
-6.796680927276611328e+00 -4.058833792805671692e-02 5.932461023330688477e-01
-6.844224452972412109e+00 -2.183381095528602600e-02 5.936641097068786621e-01
-7.011153697967529297e+00 4.395761713385581970e-02 5.915535688400268555e-01
-7.083412647247314453e+00 7.235521078109741211e-02 5.851579904556274414e-01
-7.245679855346679688e+00 1.360666155815124512e-01 5.654093623161315918e-01
-7.346999168395996094e+00 1.757767200469970703e-01 5.453775525093078613e-01
-7.394354820251464844e+00 1.943246424198150635e-01 5.336985588073730469e-01
-7.532864093780517578e+00 2.485659718513488770e-01 4.962993562221527100e-01
-7.634139060974121094e+00 2.882153987884521484e-01 4.618223309516906738e-01
-7.777262687683105469e+00 3.442647159099578857e-01 4.053571522235870361e-01
-7.849110603332519531e+00 3.724288046360015869e-01 3.711996078491210938e-01
-7.972075939178466797e+00 4.206759333610534668e-01 3.074077367782592773e-01
-8.063455581665039062e+00 4.566050171852111816e-01 2.528011500835418701e-01
-8.187068939208984375e+00 5.053156614303588867e-01 1.710658967494964600e-01
-8.275780677795410156e+00 5.404083132743835449e-01 1.040581539273262024e-01
-8.328199386596679688e+00 5.612215399742126465e-01 6.051099300384521484e-02
-8.435150146484375000e+00 6.038014888763427734e-01 -3.353289514780044556e-02
-8.582929611206054688e+00 6.780502200126647949e-01 7.865840941667556763e-02
-8.731187820434570312e+00 7.516440749168395996e-01 1.753009855747222900e-01
-8.779642105102539062e+00 7.754421830177307129e-01 2.022199332714080811e-01
-8.951451301574707031e+00 8.595635294914245605e-01 2.926782071590423584e-01
-9.101293563842773438e+00 9.321608543395996094e-01 3.567552566528320312e-01
-9.264390945434570312e+00 1.010537505149841309e+00 4.134975373744964600e-01
-9.383280754089355469e+00 1.067209720611572266e+00 4.450973570346832275e-01
-9.574062347412109375e+00 1.157663702964782715e+00 4.848687946796417236e-01
-9.745849609375000000e+00 1.238454461097717285e+00 5.052576065063476562e-01
-9.876879692077636719e+00 1.299670219421386719e+00 5.104504823684692383e-01
-1.004719257354736328e+01 1.378868579864501953e+00 5.069952011108398438e-01
-1.012459468841552734e+01 1.414656639099121094e+00 4.993447363376617432e-01
-1.036722850799560547e+01 1.526575326919555664e+00 4.665919840335845947e-01
-1.051809310913085938e+01 1.595654845237731934e+00 4.285827875137329102e-01
-1.062248134613037109e+01 1.643261909484863281e+00 3.942623138427734375e-01
-1.078925132751464844e+01 1.719127058982849121e+00 3.301030397415161133e-01
-1.084264755249023438e+01 1.743324875831604004e+00 3.044808506965637207e-01
-1.104383087158203125e+01 1.834401011466979980e+00 2.013766616582870483e-01
-1.110089206695556641e+01 1.860133051872253418e+00 1.645664870738983154e-01
-1.125110816955566406e+01 1.927820682525634766e+00 6.132645905017852783e-02
-1.135890769958496094e+01 1.976303696632385254e+00 -2.582665532827377319e-02
-1.161003971099853516e+01 2.117899894714355469e+00 1.550680994987487793e-01
-1.177766609191894531e+01 2.209976673126220703e+00 2.469002008438110352e-01
-1.205757999420166016e+01 2.361426353454589844e+00 3.726646900177001953e-01
-1.223427009582519531e+01 2.454822063446044922e+00 4.254848957061767578e-01
-1.254938507080078125e+01 2.619164466857910156e+00 4.924342036247253418e-01
-1.273417663574218750e+01 2.713329792022705078e+00 5.042414665222167969e-01
-1.288287353515625000e+01 2.788121700286865234e+00 5.012058019638061523e-01
-1.312479782104492188e+01 2.908544540405273438e+00 4.798068106174468994e-01
-1.342761135101318359e+01 3.056686639785766602e+00 4.186004400253295898e-01
-1.355742740631103516e+01 3.118763685226440430e+00 3.726871907711029053e-01
-1.378117656707763672e+01 3.224666595458984375e+00 2.777898609638214111e-01
-1.398746299743652344e+01 3.320450544357299805e+00 1.628917306661605835e-01
-1.412214756011962891e+01 3.381753921508789062e+00 6.878665089607238770e-02
-1.428310871124267578e+01 3.453944683074951172e+00 -6.108862161636352539e-02
-1.474547004699707031e+01 3.716024398803710938e+00 2.214025557041168213e-01
-1.508313465118408203e+01 3.893767833709716797e+00 3.351635634899139404e-01
-1.553630447387695312e+01 4.121088981628417969e+00 4.143616855144500732e-01
-1.588475227355957031e+01 4.284891128540039062e+00 4.046808183193206787e-01
-1.637300300598144531e+01 4.502566337585449219e+00 3.165403306484222412e-01
-1.675715637207031250e+01 4.659538745880126953e+00 1.581576764583587646e-01
-1.727586746215820312e+01 4.853235721588134766e+00 -1.684827804565429688e-01
-1.747204017639160156e+01 4.913375377655029297e+00 -3.729267716407775879e-01
-1.901480293273925781e+01 5.434233665466308594e+00 3.170259594917297363e-01
-1.960768318176269531e+01 5.491905689239501953e+00 2.042874097824096680e-01
-2.098125267028808594e+01 5.489061832427978516e+00 -3.424825668334960938e-01
-2.228945350646972656e+01 4.945661544799804688e+00 -1.935814142227172852e+00
6.431342315673828125e+01 -2.553229522705078125e+02 -9.945683288574218750e+01
3.884956936101167104e+18 5.314245361273929728e+18 -4.696590306324250624e+18
nan nan nan
nan nan nan
nan nan nan
nan nan nan
nan nan nan
nan nan nan
nan nan nan
nan nan nan
nan nan nan
nan nan nan
nan nan nan
nan nan nan
nan nan nan
nan nan nan
nan nan nan
nan nan nan
nan nan nan
nan nan nan
nan nan nan
nan nan nan
nan nan nan
nan nan nan
nan nan nan
nan nan nan
nan nan nan
nan nan nan
nan nan nan
nan nan nan
nan nan nan
nan nan nan
nan nan nan
