2.336861801147460938e+01 -2.245016098022460938e-01 2.205240279436111450e-01
2.319993019104003906e+01 -2.185856997966766357e-01 3.309775888919830322e-01
2.310987663269042969e+01 -2.154827415943145752e-01 3.892254531383514404e-01
2.297495079040527344e+01 -2.108768075704574585e-01 4.759148955345153809e-01
2.282083320617675781e+01 -2.056889533996582031e-01 5.739272832870483398e-01
2.258183288574218750e+01 -1.977716684341430664e-01 7.241058349609375000e-01
2.248197555541992188e+01 -1.945454031229019165e-01 7.856500148773193359e-01
2.231199645996093750e+01 -1.891093701124191284e-01 8.895413279533386230e-01
2.222337532043457031e+01 -1.863242387771606445e-01 9.429224133491516113e-01
2.205431556701660156e+01 -1.810584515333175659e-01 1.043965220451354980e+00
2.192638397216796875e+01 -1.771415174007415771e-01 1.119266986846923828e+00
2.173941993713378906e+01 -1.714899241924285889e-01 1.228014111518859863e+00
2.162487030029296875e+01 -1.680913865566253662e-01 1.293453335762023926e+00
2.149181747436523438e+01 -1.641878187656402588e-01 1.368603944778442383e+00
2.143092155456542969e+01 -1.624241471290588379e-01 1.402535557746887207e+00
2.124383926391601562e+01 -1.570371538400650024e-01 1.506119728088378906e+00
2.112067794799804688e+01 -1.535537689924240112e-01 1.572959899902343750e+00
2.094151496887207031e+01 -1.485442668199539185e-01 1.668875575065612793e+00
2.088146781921386719e+01 -1.468928903341293335e-01 1.700367808341979980e+00
2.075122833251953125e+01 -1.433302015066146851e-01 1.768191814422607422e+00
2.060880851745605469e+01 -1.394792199134826660e-01 1.841203093528747559e+00
2.049888992309570312e+01 -1.365437209606170654e-01 1.896562457084655762e+00
2.038436126708984375e+01 -1.335134804248809814e-01 1.953435063362121582e+00
2.018660736083984375e+01 -1.283303797245025635e-01 2.050162553787231445e+00
2.009271049499511719e+01 -1.259083002805709839e-01 2.094859123229980469e+00
1.994019126892089844e+01 -1.220016404986381531e-01 2.166496515274047852e+00
1.982149505615234375e+01 -1.189949810504913330e-01 2.221009254455566406e+00
1.975378417968750000e+01 -1.172937154769897461e-01 2.251547336578369141e+00
1.960816764831542969e+01 -1.136509329080581665e-01 2.316529750823974609e+00
1.953322792053222656e+01 -1.117933392524719238e-01 2.349195241928100586e+00
1.933596611022949219e+01 -1.069248393177986145e-01 2.434113979339599609e+00
1.926677322387695312e+01 -1.052359268069267273e-01 2.462899923324584961e+00
1.915131568908691406e+01 -1.024272441864013672e-01 2.510338306427001953e+00
1.904409790039062500e+01 -9.983299672603607178e-02 2.553458213806152344e+00
1.891475677490234375e+01 -9.671759605407714844e-02 2.604416608810424805e+00
1.881990623474121094e+01 -9.444423019886016846e-02 2.640836477279663086e+00
1.869570922851562500e+01 -9.147690981626510620e-02 2.687599182128906250e+00
1.854538726806640625e+01 -8.789868652820587158e-02 2.742712020874023438e+00
1.843117713928222656e+01 -8.519022166728973389e-02 2.783194780349731445e+00
1.836762428283691406e+01 -8.368631452322006226e-02 2.805123805999755859e+00
1.824338912963867188e+01 -8.074898272752761841e-02 2.847334623336791992e+00
1.809930419921875000e+01 -7.734708487987518311e-02 2.894781827926635742e+00
1.806206703186035156e+01 -7.646866887807846069e-02 2.906584024429321289e+00
1.788256454467773438e+01 -7.223407179117202759e-02 2.962899446487426758e+00
1.783309173583984375e+01 -7.106653600931167603e-02 2.977640390396118164e+00
1.768838500976562500e+01 -6.764986366033554077e-02 3.020118951797485352e+00
1.759135818481445312e+01 -6.535489857196807861e-02 3.047333955764770508e+00
1.748957443237304688e+01 -6.294298917055130005e-02 3.074978590011596680e+00
1.736077690124511719e+01 -5.988370254635810852e-02 3.108743667602539062e+00
1.732019424438476562e+01 -5.891628935933113098e-02 3.118890047073364258e+00
1.719769477844238281e+01 -5.599205568432807922e-02 3.149044752120971680e+00
1.708069038391113281e+01 -5.318670347332954407e-02 3.176467418670654297e+00
1.695803642272949219e+01 -5.023151263594627380e-02 3.203812360763549805e+00
1.690565109252929688e+01 -4.896205663681030273e-02 3.214853763580322266e+00
1.675950050354003906e+01 -4.541060701012611389e-02 3.244889974594116211e+00
1.669270133972167969e+01 -4.377425834536552429e-02 3.257625579833984375e+00
1.661115455627441406e+01 -4.176837205886840820e-02 3.272611856460571289e+00
1.646929168701171875e+01 -3.826035559177398682e-02 3.297479152679443359e+00
1.642423248291015625e+01 -3.713522106409072876e-02 3.304702758789062500e+00
1.629547882080078125e+01 -3.390943631529808044e-02 3.324724197387695312e+00
1.623443603515625000e+01 -3.236494958400726318e-02 3.333366870880126953e+00
1.611735153198242188e+01 -2.938767150044441223e-02 3.349163055419921875e+00
1.600481224060058594e+01 -2.649763040244579315e-02 3.362887859344482422e+00
1.591475963592529297e+01 -2.416188642382621765e-02 3.372732162475585938e+00
1.583318710327148438e+01 -2.202843129634857178e-02 3.380813837051391602e+00
1.573904037475585938e+01 -1.954697072505950928e-02 3.389258146286010742e+00
1.566225147247314453e+01 -1.750443130731582642e-02 3.395304918289184570e+00
1.555442428588867188e+01 -1.461441162973642349e-02 3.402822494506835938e+00
1.542804431915283203e+01 -1.119027938693761826e-02 3.410012722015380859e+00
1.534574127197265625e+01 -8.931633085012435913e-03 3.413439512252807617e+00
1.530686759948730469e+01 -7.855915464460849762e-03 3.414666891098022461e+00
1.522623348236083984e+01 -5.615939386188983917e-03 3.416826963424682617e+00
1.507410526275634766e+01 -1.355987042188644409e-03 3.419380187988281250e+00
1.501515293121337891e+01 3.193288575857877731e-04 3.419239759445190430e+00
1.492750453948974609e+01 2.823334885761141777e-03 3.418372154235839844e+00
1.482439899444580078e+01 5.791273899376392365e-03 3.416188240051269531e+00
1.477056694030761719e+01 7.353661581873893738e-03 3.414324760437011719e+00
1.467371940612792969e+01 1.017529424279928207e-02 3.410286426544189453e+00
1.455604553222656250e+01 1.362577732652425766e-02 3.403864860534667969e+00
1.449191284179687500e+01 1.551894657313823700e-02 3.399347066879272461e+00
1.444283676147460938e+01 1.697180792689323425e-02 3.395460367202758789e+00
1.436100769042968750e+01 1.939882896840572357e-02 3.388427019119262695e+00
1.427351379394531250e+01 2.200084738433361053e-02 3.379912137985229492e+00
1.415433311462402344e+01 2.555280551314353943e-02 3.366847038269042969e+00
1.410339832305908203e+01 2.707365714013576508e-02 3.360396385192871094e+00
1.404006958007812500e+01 2.896498516201972961e-02 3.351909637451171875e+00
1.389965057373046875e+01 3.315850347280502319e-02 3.331794738769531250e+00
1.386914634704589844e+01 3.406871482729911804e-02 3.326790332794189453e+00
1.379967308044433594e+01 3.614060953259468079e-02 3.315074443817138672e+00
1.370596981048583984e+01 3.893120214343070984e-02 3.298287630081176758e+00
1.362731266021728516e+01 4.126815497875213623e-02 3.283066511154174805e+00
1.353735637664794922e+01 4.393409565091133118e-02 3.264559745788574219e+00
1.342877197265625000e+01 4.714129865169525146e-02 3.240682601928710938e+00
1.335426425933837891e+01 4.933167994022369385e-02 3.223004817962646484e+00
1.330348682403564453e+01 5.081894248723983765e-02 3.210343122482299805e+00
1.322994613647460938e+01 5.296705663204193115e-02 3.191393136978149414e+00
1.314541816711425781e+01 5.542584508657455444e-02 3.168582677841186523e+00
1.308883380889892578e+01 5.706334859132766724e-02 3.152510881423950195e+00
1.302532291412353516e+01 5.889459326863288879e-02 3.133861780166625977e+00
1.289781284332275391e+01 6.255533546209335327e-02 3.095033407211303711e+00
1.286839580535888672e+01 6.339222192764282227e-02 3.085422992706298828e+00
1.279402160644531250e+01 6.550336629152297974e-02 3.060739278793334961e+00
1.270473289489746094e+01 6.802313774824142456e-02 3.029925107955932617e+00
1.263101577758789062e+01 7.008834183216094971e-02 3.003298759460449219e+00
1.258597660064697266e+01 7.134219259023666382e-02 2.986424446105957031e+00
1.250663089752197266e+01 7.354234904050827026e-02 2.956037521362304688e+00
1.242193508148193359e+01 7.587402313947677612e-02 2.922349214553833008e+00
1.233362579345703125e+01 7.828590273857116699e-02 2.885810375213623047e+00
1.228872585296630859e+01 7.950168848037719727e-02 2.866472482681274414e+00
1.220769882202148438e+01 8.168584108352661133e-02 2.830869674682617188e+00
1.213040733337402344e+01 8.375205844640731812e-02 2.795680761337280273e+00
1.204288005828857422e+01 8.607286959886550903e-02 2.754487752914428711e+00
1.200493240356445312e+01 8.706954121589660645e-02 2.735959053039550781e+00
1.194699764251708984e+01 8.858472853899002075e-02 2.707224130630493164e+00
1.185938930511474609e+01 9.086103737354278564e-02 2.662729263305664062e+00
1.177789974212646484e+01 9.295704960823059082e-02 2.619857072830200195e+00
1.174479961395263672e+01 9.380022436380386353e-02 2.601873874664306641e+00
1.166096687316894531e+01 9.592725336551666260e-02 2.555735588073730469e+00
1.161607360839843750e+01 9.705463796854019165e-02 2.530217647552490234e+00
1.154900169372558594e+01 9.872957319021224976e-02 2.491437196731567383e+00
1.145960617065429688e+01 1.009430810809135437e-01 2.438430070877075195e+00
1.140389537811279297e+01 1.023066490888595581e-01 2.404285192489624023e+00
1.131052207946777344e+01 1.045753061771392822e-01 2.345881700515747070e+00
1.125859737396240234e+01 1.058211773633956909e-01 2.312292814254760742e+00
1.120204353332519531e+01 1.071685254573822021e-01 2.275027751922607422e+00
1.114064216613769531e+01 1.086199730634689331e-01 2.233754634857177734e+00
1.107264423370361328e+01 1.102135851979255676e-01 2.187057971954345703e+00
1.103258228302001953e+01 1.111434623599052429e-01 2.158892631530761719e+00
1.092707347869873047e+01 1.135783940553665161e-01 2.083691120147705078e+00
1.085966682434082031e+01 1.151101812720298767e-01 2.033900976181030273e+00
1.083815574645996094e+01 1.155941560864448547e-01 2.017649650573730469e+00
1.077956676483154297e+01 1.169081181287765503e-01 1.973069667816162109e+00
1.071711063385009766e+01 1.182965114712715149e-01 1.924619555473327637e+00
1.063093852996826172e+01 1.201940029859542847e-01 1.856391072273254395e+00
1.057047748565673828e+01 1.215077489614486694e-01 1.807164311408996582e+00
1.050151252746582031e+01 1.229922249913215637e-01 1.749913692474365234e+00
1.044644260406494141e+01 1.241648271679878235e-01 1.703182458877563477e+00
1.040141677856445312e+01 1.251152157783508301e-01 1.664304494857788086e+00
1.033458518981933594e+01 1.265157908201217651e-01 1.605775833129882812e+00
1.027239418029785156e+01 1.278051882982254028e-01 1.550163030624389648e+00
1.022229671478271484e+01 1.288334429264068604e-01 1.504493117332458496e+00
1.016592597961425781e+01 1.299810707569122314e-01 1.452305078506469727e+00
1.010049343109130859e+01 1.313009262084960938e-01 1.390673756599426270e+00
1.004717445373535156e+01 1.323648989200592041e-01 1.339442372322082520e+00
9.986265182495117188e+00 1.335696727037429810e-01 1.279966115951538086e+00
9.931079864501953125e+00 1.346502453088760376e-01 1.225082397460937500e+00
9.869964599609375000e+00 1.358359754085540771e-01 1.163289785385131836e+00
9.817492485046386719e+00 1.368436664342880249e-01 1.109262228012084961e+00
9.767257690429687500e+00 1.377999633550643921e-01 1.056728482246398926e+00
9.704843521118164062e+00 1.389781683683395386e-01 9.904839396476745605e-01
9.660059928894042969e+00 1.398147493600845337e-01 9.420732259750366211e-01
9.614412307739257812e+00 1.406611055135726929e-01 8.920789957046508789e-01
9.570481300354003906e+00 1.414694637060165405e-01 8.433205485343933105e-01
9.492180824279785156e+00 1.428997069597244263e-01 7.553014159202575684e-01
9.437166213989257812e+00 1.438915133476257324e-01 6.920428872108459473e-01
9.367561340332031250e+00 1.451349407434463501e-01 6.107315421104431152e-01
9.340435028076171875e+00 1.456139534711837769e-01 5.784056186676025391e-01
9.286269187927246094e+00 1.465662419795989990e-01 5.133546590805053711e-01
9.241926193237304688e+00 1.473389565944671631e-01 4.592734873294830322e-01
9.195189476013183594e+00 1.481475532054901123e-01 4.015505909919738770e-01
9.114135742187500000e+00 1.495393663644790649e-01 3.001100420951843262e-01
9.084191322326660156e+00 1.500468999147415161e-01 2.617673277854919434e-01
9.018280029296875000e+00 1.511588245630264282e-01 1.766555607318878174e-01
8.964241981506347656e+00 1.520611047744750977e-01 1.055740192532539368e-01
8.922455787658691406e+00 1.527531147003173828e-01 4.977110773324966431e-02
8.855961799621582031e+00 1.538475006818771362e-01 -4.006954282522201538e-02
8.827054023742675781e+00 1.571278125047683716e-01 3.797832876443862915e-03
8.787972450256347656e+00 1.615283191204071045e-01 6.102795898914337158e-02
8.720026016235351562e+00 1.691044270992279053e-01 1.559304744005203247e-01
8.674291610717773438e+00 1.741258054971694946e-01 2.148590981960296631e-01
8.653005599975585938e+00 1.764420568943023682e-01 2.408879399299621582e-01
8.610020637512207031e+00 1.811016499996185303e-01 2.922115027904510498e-01
8.558458328247070312e+00 1.866501718759536743e-01 3.508868217468261719e-01
8.500689506530761719e+00 1.928170472383499146e-01 4.129729866981506348e-01
8.422032356262207031e+00 2.011464089155197144e-01 4.922964572906494141e-01
8.387282371520996094e+00 2.047908306121826172e-01 5.244264006614685059e-01
8.342594146728515625e+00 2.094605565071105957e-01 5.642054677009582520e-01
8.267893791198730469e+00 2.172327339649200439e-01 6.275064945220947266e-01
8.232794761657714844e+00 2.208610177040100098e-01 6.548587679862976074e-01
8.184603691101074219e+00 2.258299142122268677e-01 6.909546256065368652e-01
8.102654457092285156e+00 2.342525720596313477e-01 7.490319013595581055e-01
8.051246643066406250e+00 2.395115345716476440e-01 7.820861935615539551e-01
7.995625972747802734e+00 2.451887130737304688e-01 8.156723380088806152e-01
7.954302310943603516e+00 2.493982315063476562e-01 8.389316201210021973e-01
7.885254859924316406e+00 2.564239501953125000e-01 8.757562041282653809e-01
7.855965137481689453e+00 2.593998014926910400e-01 8.899674415588378906e-01
7.780879974365234375e+00 2.670257389545440674e-01 9.249107241630554199e-01
7.704401969909667969e+00 2.747882306575775146e-01 9.566838145256042480e-01
7.678612232208251953e+00 2.774060964584350586e-01 9.661260843276977539e-01
7.597327232360839844e+00 2.856594920158386230e-01 9.945663213729858398e-01
7.553215503692626953e+00 2.901434302330017090e-01 1.007767319679260254e+00
7.515763759613037109e+00 2.939543128013610840e-01 1.017967939376831055e+00
7.423606872558593750e+00 3.033416867256164551e-01 1.040985584259033203e+00
7.392862796783447266e+00 3.064828515052795410e-01 1.046971201896667480e+00
7.312536239624023438e+00 3.147009611129760742e-01 1.061156153678894043e+00
7.279435634613037109e+00 3.181002736091613770e-01 1.065443277359008789e+00
7.180412769317626953e+00 3.282885253429412842e-01 1.076363563537597656e+00
7.152425765991210938e+00 3.311852514743804932e-01 1.077841997146606445e+00
7.096936225891113281e+00 3.369401395320892334e-01 1.079875946044921875e+00
7.042961120605468750e+00 3.425614535808563232e-01 1.080122232437133789e+00
6.946594715118408203e+00 3.526422679424285889e-01 1.077547907829284668e+00
6.899339675903320312e+00 3.576281070709228516e-01 1.073631525039672852e+00
6.840075969696044922e+00 3.639110624790191650e-01 1.067074418067932129e+00
6.793517589569091797e+00 3.688787221908569336e-01 1.060288190841674805e+00
6.737182617187500000e+00 3.749221265316009521e-01 1.050506472587585449e+00
6.696691989898681641e+00 3.792960345745086670e-01 1.042094469070434570e+00
6.619334697723388672e+00 3.876970112323760986e-01 1.024101138114929199e+00
6.577039718627929688e+00 3.923395574092864990e-01 1.012223243713378906e+00
6.488208770751953125e+00 4.021526873111724854e-01 9.848822355270385742e-01
6.440743923187255859e+00 4.074705541133880615e-01 9.675257205963134766e-01
6.402583599090576172e+00 4.117816388607025146e-01 9.523530006408691406e-01
6.359261035919189453e+00 4.167104959487915039e-01 9.339916110038757324e-01
6.277569770812988281e+00 4.260826110839843750e-01 8.968849778175354004e-01
6.252382278442382812e+00 4.290206432342529297e-01 8.839543461799621582e-01
6.196374893188476562e+00 4.355903267860412598e-01 8.541405200958251953e-01
6.142968177795410156e+00 4.419358670711517334e-01 8.234079480171203613e-01
6.076834678649902344e+00 4.498969018459320068e-01 7.825241684913635254e-01
6.016540050506591797e+00 4.572814404964447021e-01 7.419136762619018555e-01
5.985298633575439453e+00 4.611734747886657715e-01 7.192086577415466309e-01
5.944766998291015625e+00 4.662709534168243408e-01 6.885812282562255859e-01
5.880911350250244141e+00 4.744052588939666748e-01 6.378557085990905762e-01
5.822068214416503906e+00 4.820629060268402100e-01 5.873380303382873535e-01
5.794887542724609375e+00 4.856766760349273682e-01 5.622819662094116211e-01
5.748527050018310547e+00 4.919065535068511963e-01 5.181075930595397949e-01
5.676630496978759766e+00 5.017533302307128906e-01 4.456292092800140381e-01
5.632298946380615234e+00 5.080208778381347656e-01 3.968425393104553223e-01
5.588039875030517578e+00 5.144158601760864258e-01 3.453627526760101318e-01
5.552127838134765625e+00 5.197275876998901367e-01 3.011738955974578857e-01
5.531359195709228516e+00 5.228628516197204590e-01 2.743967771530151367e-01
5.489929676055908203e+00 5.291961431503295898e-01 2.194852828979492188e-01
5.446373462677001953e+00 5.360314846038818359e-01 1.584375351667404175e-01
5.408756256103515625e+00 5.421140193939208984e-01 1.024167165160179138e-01
5.352612018585205078e+00 5.514521002769470215e-01 1.412276923656463623e-02
5.321953296661376953e+00 5.567919015884399414e-01 -3.835628926753997803e-02
5.272900104522705078e+00 5.682616233825683594e-01 2.314633131027221680e-02
5.242815017700195312e+00 5.752364993095397949e-01 5.882541090250015259e-02
5.158576011657714844e+00 5.946728587150573730e-01 1.554486453533172607e-01
5.107211112976074219e+00 6.063761115074157715e-01 2.091016173362731934e-01
5.080938816070556641e+00 6.123218536376953125e-01 2.350576072931289673e-01
4.992774963378906250e+00 6.322105526924133301e-01 3.197397887706756592e-01
4.962569236755371094e+00 6.389552950859069824e-01 3.460961878299713135e-01
4.913298130035400391e+00 6.499230861663818359e-01 3.877130448818206787e-01
4.827397346496582031e+00 6.689521074295043945e-01 4.564841389656066895e-01
4.767601966857910156e+00 6.820945739746093750e-01 4.999943971633911133e-01
4.734045028686523438e+00 6.894341707229614258e-01 5.228156447410583496e-01
4.662183284759521484e+00 7.051122188568115234e-01 5.698432922363281250e-01
4.567238807678222656e+00 7.257197499275207520e-01 6.269106268882751465e-01
4.520348072052001953e+00 7.358349561691284180e-01 6.519488692283630371e-01
4.454917907714843750e+00 7.499120235443115234e-01 6.848210692405700684e-01
4.417627334594726562e+00 7.579072117805480957e-01 7.019554972648620605e-01
4.360858917236328125e+00 7.700567841529846191e-01 7.266896367073059082e-01
4.286886692047119141e+00 7.858478426933288574e-01 7.562890648841857910e-01
4.224020004272460938e+00 7.992276549339294434e-01 7.786012887954711914e-01
4.160111427307128906e+00 8.127985000610351562e-01 7.988886833190917969e-01
4.097561359405517578e+00 8.260540366172790527e-01 8.164087533950805664e-01
4.012723445892333984e+00 8.440017104148864746e-01 8.371228575706481934e-01
3.960437774658203125e+00 8.550406098365783691e-01 8.473785519599914551e-01
3.869648933410644531e+00 8.741899728775024414e-01 8.625396490097045898e-01
3.837610244750976562e+00 8.809381723403930664e-01 8.662804365158081055e-01
3.757777452468872070e+00 8.977476358413696289e-01 8.741992712020874023e-01
3.716064453125000000e+00 9.065248966217041016e-01 8.765139579772949219e-01
3.626586437225341797e+00 9.253501892089843750e-01 8.794426918029785156e-01
3.583748579025268555e+00 9.343621134757995605e-01 8.787498474121093750e-01
3.471248865127563477e+00 9.580335617065429688e-01 8.742910623550415039e-01
3.416508674621582031e+00 9.695609807968139648e-01 8.687245249748229980e-01
3.367739200592041016e+00 9.798392057418823242e-01 8.622765541076660156e-01
3.324409961700439453e+00 9.889789819717407227e-01 8.553584218025207520e-01
3.235091209411621094e+00 1.007837295532226562e+00 8.388973474502563477e-01
3.163631439208984375e+00 1.022958397865295410e+00 8.220443129539489746e-01
3.129480838775634766e+00 1.030201077461242676e+00 8.125481605529785156e-01
3.048413515090942383e+00 1.047415852546691895e+00 7.883378267288208008e-01
2.974709749221801758e+00 1.063118219375610352e+00 7.626558542251586914e-01
2.916013479232788086e+00 1.075667500495910645e+00 7.394558787345886230e-01
2.854062795639038086e+00 1.088955521583557129e+00 7.125829458236694336e-01
2.790929317474365234e+00 1.102549076080322266e+00 6.825461983680725098e-01
2.729324579238891602e+00 1.115871310234069824e+00 6.505023837089538574e-01
2.695989847183227539e+00 1.123114347457885742e+00 6.316598653793334961e-01
2.630994558334350586e+00 1.137277007102966309e+00 5.932754874229431152e-01
2.564399957656860352e+00 1.151874423027038574e+00 5.505476593971252441e-01
2.512964487075805664e+00 1.163226008415222168e+00 5.147087574005126953e-01
2.445282459259033203e+00 1.178251266479492188e+00 4.645029902458190918e-01
2.433734416961669922e+00 1.180836796760559082e+00 4.552138447761535645e-01
2.365946054458618164e+00 1.196038842201232910e+00 3.999229967594146729e-01
2.317044019699096680e+00 1.207113981246948242e+00 3.566977381706237793e-01
2.266849994659423828e+00 1.218572974205017090e+00 3.096711039543151855e-01
2.218571186065673828e+00 1.229694604873657227e+00 2.616398930549621582e-01
2.150922060012817383e+00 1.245428085327148438e+00 1.902958750724792480e-01
2.127297639846801758e+00 1.251005053520202637e+00 1.632329374551773071e-01
2.056511878967285156e+00 1.267813801765441895e+00 7.969230413436889648e-02
2.013635635375976562e+00 1.278190374374389648e+00 2.431679889559745789e-02
1.985662698745727539e+00 1.285051107406616211e+00 -1.393435895442962646e-02
1.925296187400817871e+00 1.303905248641967773e+00 5.238990485668182373e-02
1.845211267471313477e+00 1.328737378120422363e+00 1.347231268882751465e-01
1.775175452232360840e+00 1.350265622138977051e+00 2.006999552249908447e-01
1.704760432243347168e+00 1.371764659881591797e+00 2.621987164020538330e-01
1.640226125717163086e+00 1.391347408294677734e+00 3.144242167472839355e-01
1.567379236221313477e+00 1.413339376449584961e+00 3.693702220916748047e-01
1.520317673683166504e+00 1.427471637725830078e+00 4.021103978157043457e-01
1.433875799179077148e+00 1.453348278999328613e+00 4.591442048549652100e-01
1.369885563850402832e+00 1.472400784492492676e+00 4.973172247409820557e-01
1.294784307479858398e+00 1.494681119918823242e+00 5.387875437736511230e-01
1.273840188980102539e+00 1.500870466232299805e+00 5.493051409721374512e-01
1.148393630981445312e+00 1.537905454635620117e+00 6.106104254722595215e-01
1.104567289352416992e+00 1.550769925117492676e+00 6.285700798034667969e-01
1.013257384300231934e+00 1.577526092529296875e+00 6.635910272598266602e-01
9.793707728385925293e-01 1.587422013282775879e+00 6.747729778289794922e-01
8.904055953025817871e-01 1.613373517990112305e+00 7.024098038673400879e-01
8.241489529609680176e-01 1.632646679878234863e+00 7.196740508079528809e-01
7.490670680999755859e-01 1.654446721076965332e+00 7.364993095397949219e-01
6.850636005401611328e-01 1.672995090484619141e+00 7.482346296310424805e-01
5.706536769866943359e-01 1.706104278564453125e+00 7.652891874313354492e-01
5.437205433845520020e-01 1.713880896568298340e+00 7.676674127578735352e-01
4.516838490962982178e-01 1.740444540977478027e+00 7.744906544685363770e-01
3.858871161937713623e-01 1.759409904479980469e+00 7.761834263801574707e-01
2.875723540782928467e-01 1.787728309631347656e+00 7.753137946128845215e-01
2.337092906236648560e-01 1.803230404853820801e+00 7.720431089401245117e-01
1.601954698562622070e-01 1.824383378028869629e+00 7.654765248298645020e-01
7.398404926061630249e-02 1.849186301231384277e+00 7.543811202049255371e-01
-7.868885993957519531e-03 1.872737765312194824e+00 7.400143146514892578e-01
-4.922716692090034485e-02 1.884642601013183594e+00 7.308815121650695801e-01
-1.237307190895080566e-01 1.906096220016479492e+00 7.126931548118591309e-01
-1.985180974006652832e-01 1.927649378776550293e+00 6.912413239479064941e-01
-3.091606497764587402e-01 1.959571599960327148e+00 6.546329259872436523e-01
-3.463137745857238770e-01 1.970314025878906250e+00 6.398299336433410645e-01
-4.257307052612304688e-01 1.993298888206481934e+00 6.063120961189270020e-01
-4.738430678844451904e-01 2.007255792617797852e+00 5.835080742835998535e-01
-5.536798834800720215e-01 2.030454635620117188e+00 5.430524349212646484e-01
-5.973494052886962891e-01 2.043183803558349609e+00 5.184570550918579102e-01
-6.600151062011718750e-01 2.061487197875976562e+00 4.811314642429351807e-01
-7.457126379013061523e-01 2.086597681045532227e+00 4.259423613548278809e-01
-8.042789101600646973e-01 2.103844642639160156e+00 3.841140270233154297e-01
-8.523817062377929688e-01 2.118067979812622070e+00 3.472802639007568359e-01
-9.384928345680236816e-01 2.143625259399414062e+00 2.774853110313415527e-01
-1.010448932647705078e+00 2.165142536163330078e+00 2.129851877689361572e-01
-1.039776802062988281e+00 2.173978567123413086e+00 1.843698769807815552e-01
-1.105177760124206543e+00 2.193752288818359375e+00 1.182691603899002075e-01
-1.173077344894409180e+00 2.214457035064697266e+00 4.400348663330078125e-02
-1.219167947769165039e+00 2.228657007217407227e+00 -1.083480194211006165e-02
-1.270602703094482422e+00 2.248174190521240234e+00 3.966695070266723633e-02
-1.361001372337341309e+00 2.282303094863891602e+00 1.237483620643615723e-01
-1.400024414062500000e+00 2.296915054321289062e+00 1.567373722791671753e-01
-1.500629663467407227e+00 2.334465980529785156e+00 2.383910119533538818e-01
-1.564776182174682617e+00 2.358223199844360352e+00 2.851560413837432861e-01
-1.637210965156555176e+00 2.384930849075317383e+00 3.344397544860839844e-01
-1.735426425933837891e+00 2.420975208282470703e+00 3.961384892463684082e-01
-1.798334479331970215e+00 2.443927049636840820e+00 4.314456880092620850e-01
-1.919240951538085938e+00 2.487889051437377930e+00 4.944043755531311035e-01
-1.987339019775390625e+00 2.512498378753662109e+00 5.247823596000671387e-01
-2.077536106109619141e+00 2.544992923736572266e+00 5.614241361618041992e-01
-2.137032985687255859e+00 2.566345214843750000e+00 5.825487375259399414e-01
-2.222740650177001953e+00 2.597032308578491211e+00 6.101737618446350098e-01
-2.340141057968139648e+00 2.638933181762695312e+00 6.425912380218505859e-01
-2.455157756805419922e+00 2.679818868637084961e+00 6.672539710998535156e-01
-2.480548620223999023e+00 2.688813209533691406e+00 6.712016463279724121e-01
-2.581337928771972656e+00 2.724491357803344727e+00 6.855816245079040527e-01
-2.709583997726440430e+00 2.769768238067626953e+00 6.973826885223388672e-01
-2.741333723068237305e+00 2.780943632125854492e+00 6.982730031013488770e-01
-2.884526491165161133e+00 2.831312656402587891e+00 7.000312805175781250e-01
-2.946962118148803711e+00 2.853214263916015625e+00 6.963375806808471680e-01
-3.025465011596679688e+00 2.880725860595703125e+00 6.892324090003967285e-01
-3.104702472686767578e+00 2.908465147018432617e+00 6.789082884788513184e-01
-3.189247369766235352e+00 2.938035964965820312e+00 6.644511818885803223e-01
-3.274495840072631836e+00 2.967829942703247070e+00 6.461046934127807617e-01
-3.397155046463012695e+00 3.010674953460693359e+00 6.141128540039062500e-01
-3.469027519226074219e+00 3.035768270492553711e+00 5.904953479766845703e-01
-3.547149419784545898e+00 3.063044548034667969e+00 5.615941882133483887e-01
-3.635822057723999023e+00 3.094012498855590820e+00 5.246664285659790039e-01
-3.680656671524047852e+00 3.109679460525512695e+00 5.035260319709777832e-01
-3.781471014022827148e+00 3.144924879074096680e+00 4.530616998672485352e-01
-3.848316907882690430e+00 3.168325424194335938e+00 4.150480628013610840e-01
-3.942771434783935547e+00 3.201432228088378906e+00 3.567900359630584717e-01
-3.988223075866699219e+00 3.217398405075073242e+00 3.254703283309936523e-01
-4.079434394836425781e+00 3.249482631683349609e+00 2.592195272445678711e-01
-4.162595272064208984e+00 3.278827428817749023e+00 1.922079324722290039e-01
-4.204170227050781250e+00 3.293551445007324219e+00 1.553901433944702148e-01
-4.252754211425781250e+00 3.310796260833740234e+00 1.102580204606056213e-01
-4.340742111206054688e+00 3.342118024826049805e+00 2.379007637500762939e-02
-4.394350051879882812e+00 3.361317873001098633e+00 -3.460530564188957214e-02
-4.508340358734130859e+00 3.411508560180664062e+00 7.075300812721252441e-02
-4.622605323791503906e+00 3.461251974105834961e+00 1.646928787231445312e-01
-4.682971954345703125e+00 3.487268209457397461e+00 2.088032960891723633e-01
-4.778745651245117188e+00 3.528346061706542969e+00 2.745446264743804932e-01
-4.892879009246826172e+00 3.576948165893554688e+00 3.452824056148529053e-01
-4.949424266815185547e+00 3.600838422775268555e+00 3.761393427848815918e-01
-5.063565731048583984e+00 3.648890018463134766e+00 4.344857633113861084e-01
-5.221796989440917969e+00 3.715043783187866211e+00 5.047519207000732422e-01
-5.305970191955566406e+00 3.749926567077636719e+00 5.347506999969482422e-01
-5.356272220611572266e+00 3.770684480667114258e+00 5.504593253135681152e-01
-5.478447914123535156e+00 3.820981264114379883e+00 5.854714512825012207e-01
-5.625855445861816406e+00 3.881324052810668945e+00 6.186684370040893555e-01
-5.739865779876708984e+00 3.927700996398925781e+00 6.361406445503234863e-01
-5.853466033935546875e+00 3.973703384399414062e+00 6.473681330680847168e-01
-5.913853645324707031e+00 3.998054265975952148e+00 6.500945091247558594e-01
-6.075200080871582031e+00 4.062978744506835938e+00 6.527976989746093750e-01
-6.149318695068359375e+00 4.092639923095703125e+00 6.483919024467468262e-01
-6.267124176025390625e+00 4.139675140380859375e+00 6.372409462928771973e-01
-6.363492012023925781e+00 4.178015232086181641e+00 6.226567029953002930e-01
-6.428042411804199219e+00 4.203627109527587891e+00 6.098364591598510742e-01
-6.600237369537353516e+00 4.271831989288330078e+00 5.700783133506774902e-01
-6.633359432220458984e+00 4.284893035888671875e+00 5.594865679740905762e-01
-6.744256496429443359e+00 4.328590393066406250e+00 5.220492482185363770e-01
-6.886670589447021484e+00 4.384567737579345703e+00 4.652517437934875488e-01
-6.967679977416992188e+00 4.416316509246826172e+00 4.261869192123413086e-01
-7.078241348266601562e+00 4.459585666656494141e+00 3.672574162483215332e-01
-7.146111965179443359e+00 4.486101150512695312e+00 3.260814547538757324e-01
-7.225895404815673828e+00 4.517243862152099609e+00 2.738018035888671875e-01
-7.351447582244873047e+00 4.566210269927978516e+00 1.839060485363006592e-01
-7.375881671905517578e+00 4.575730323791503906e+00 1.638521999120712280e-01
-7.512974739074707031e+00 4.629139900207519531e+00 4.826291650533676147e-02
-7.552173137664794922e+00 4.644408226013183594e+00 9.883578866720199585e-03
-7.727280139923095703e+00 4.729616641998291016e+00 1.663272380828857422e-01
-7.780486106872558594e+00 4.755011558532714844e+00 2.061108201742172241e-01
-7.948258876800537109e+00 4.834679603576660156e+00 3.250646293163299561e-01
-8.107919692993164062e+00 4.909345626831054688e+00 4.199642837047576904e-01
-8.195570945739746094e+00 4.949807643890380859e+00 4.635140895843505859e-01
-8.356666564941406250e+00 5.023689746856689453e+00 5.355853438377380371e-01
-8.497097969055175781e+00 5.087362766265869141e+00 5.862351059913635254e-01
-8.625189781188964844e+00 5.144905567169189453e+00 6.233208179473876953e-01
-8.781891822814941406e+00 5.214739322662353516e+00 6.589308381080627441e-01
-8.866208076477050781e+00 5.251964092254638672e+00 6.718546152114868164e-01
-8.972930908203125000e+00 5.298854351043701172e+00 6.840656399726867676e-01
-9.095655441284179688e+00 5.352454185485839844e+00 6.921187043190002441e-01
-9.253039360046386719e+00 5.420730590820312500e+00 6.936566829681396484e-01
-9.376645088195800781e+00 5.473901271820068359e+00 6.859905123710632324e-01
-9.554627418518066406e+00 5.549966812133789062e+00 6.648194193840026855e-01
-9.646782875061035156e+00 5.588986396789550781e+00 6.461295485496520996e-01
-9.761640548706054688e+00 5.637388229370117188e+00 6.176973581314086914e-01
-9.889484405517578125e+00 5.690942764282226562e+00 5.787062644958496094e-01
-1.009442043304443359e+01 5.776220321655273438e+00 5.025259852409362793e-01
-1.019197845458984375e+01 5.816370010375976562e+00 4.550657272338867188e-01
-1.028782653808593750e+01 5.855605602264404297e+00 4.027124345302581787e-01
-1.045178794860839844e+01 5.922363758087158203e+00 3.028847575187683105e-01
-1.048916912078857422e+01 5.937436580657958984e+00 2.757237553596496582e-01
-1.067535781860351562e+01 6.012341499328613281e+00 1.348890215158462524e-01
-1.074636173248291016e+01 6.040558815002441406e+00 6.956554949283599854e-02
-1.080963993072509766e+01 6.065579891204833984e+00 6.655566394329071045e-03
-1.104012107849121094e+01 6.180188655853271484e+00 2.042469978332519531e-01
-1.122595024108886719e+01 6.269430637359619141e+00 3.309582173824310303e-01
-1.135767650604248047e+01 6.331161499023437500e+00 4.052582085132598877e-01
-1.160253715515136719e+01 6.444095134735107422e+00 5.250879526138305664e-01
-1.168327045440673828e+01 6.480297565460205078e+00 5.542430281639099121e-01
-1.188946819305419922e+01 6.571959972381591797e+00 6.207371354103088379e-01
-1.204996871948242188e+01 6.641761779785156250e+00 6.571220159530639648e-01
-1.225628280639648438e+01 6.730009555816650391e+00 6.892455816268920898e-01
-1.244881629943847656e+01 6.810629367828369141e+00 7.020731568336486816e-01
-1.273654079437255859e+01 6.928727149963378906e+00 6.976821422576904297e-01
-1.279690647125244141e+01 6.952750682830810547e+00 6.893005967140197754e-01
-1.302931022644042969e+01 7.044627189636230469e+00 6.509276032447814941e-01
-1.322064399719238281e+01 7.118259906768798828e+00 5.993478894233703613e-01
-1.344220733642578125e+01 7.201508045196533203e+00 5.193927288055419922e-01
-1.361935520172119141e+01 7.266053199768066406e+00 4.351300597190856934e-01
-1.374564552307128906e+01 7.310801506042480469e+00 3.621453344821929932e-01
-1.392311191558837891e+01 7.372286319732666016e+00 2.451958656311035156e-01
-1.404457283020019531e+01 7.412860870361328125e+00 1.495132595300674438e-01
-1.419852256774902344e+01 7.462779521942138672e+00 1.237453520298004150e-02
-1.429791355133056641e+01 7.493563652038574219e+00 -9.148787707090377808e-02
-1.442929458618164062e+01 7.547480583190917969e+00 1.288250088691711426e-02
-1.476911258697509766e+01 7.682016372680664062e+00 2.527706623077392578e-01
-1.510972690582275391e+01 7.805499553680419922e+00 4.252917170524597168e-01
-1.533366298675537109e+01 7.880235195159912109e+00 5.023224353790283203e-01
-1.561132907867431641e+01 7.968048095703125000e+00 5.718033313751220703e-01
-1.597868919372558594e+01 8.076485633850097656e+00 6.234629750251770020e-01
-1.635385513305664062e+01 8.176812171936035156e+00 6.239621639251708984e-01
-1.643420410156250000e+01 8.195937156677246094e+00 6.127282381057739258e-01
-1.688075447082519531e+01 8.299267768859863281e+00 5.366653800010681152e-01
-1.713535118103027344e+01 8.348087310791015625e+00 4.471554160118103027e-01
-1.743419075012207031e+01 8.397470474243164062e+00 3.073915839195251465e-01
-1.765924453735351562e+01 8.426369667053222656e+00 1.665944755077362061e-01
-1.784415054321289062e+01 8.443718910217285156e+00 2.413649857044219971e-02
-1.800220680236816406e+01 8.452927589416503906e+00 -1.207986027002334595e-01
-1.840464782714843750e+01 8.515489578247070312e+00 1.355650275945663452e-01
-1.912013244628906250e+01 8.588152885437011719e+00 4.486786723136901855e-01
-1.979823684692382812e+01 8.599898338317871094e+00 5.507651567459106445e-01
-2.040807151794433594e+01 8.561854362487792969e+00 4.976933896541595459e-01
-2.086760520935058594e+01 8.494097709655761719e+00 3.526439666748046875e-01
-2.110088729858398438e+01 8.439702987670898438e+00 2.293370664119720459e-01
-2.163515281677246094e+01 8.283523559570312500e+00 -1.275352239608764648e-01
-2.186991882324218750e+01 8.164590835571289062e+00 -3.998968303203582764e-01
-2.315222740173339844e+01 7.006832599639892578e+00 1.912389695644378662e-01
-2.425341606140136719e+01 4.560186386108398438e+00 -2.330373227596282959e-01
-2.332989692687988281e+01 2.804132938385009766e+00 -1.633644580841064453e+00
-9.748401489257812500e+02 1.495369873046875000e+03 -2.164793457031250000e+03
-1.470078411093166868e+23 -3.205300773870624806e+24 -4.383823188717642971e+24
nan nan nan
nan nan nan
nan nan nan
nan nan nan
nan nan nan
nan nan nan
nan nan nan
nan nan nan
nan nan nan
nan nan nan
nan nan nan
nan nan nan
nan nan nan
nan nan nan
nan nan nan
nan nan nan
nan nan nan
