2.351760292053222656e+01 -1.733063459396362305e-01 2.087623178958892822e-01
2.334189224243164062e+01 -1.498311758041381836e-01 3.143695890903472900e-01
2.309119224548339844e+01 -1.164320558309555054e-01 4.639945030212402344e-01
2.302058219909667969e+01 -1.070614680647850037e-01 5.056905746459960938e-01
2.279622459411621094e+01 -7.731716334819793701e-02 6.377553939819335938e-01
2.261131286621093750e+01 -5.287943780422210693e-02 7.454653382301330566e-01
2.242782211303710938e+01 -2.868734858930110931e-02 8.513678908348083496e-01
2.231866264343261719e+01 -1.432704180479049683e-02 9.137642383575439453e-01
2.212007904052734375e+01 1.176553033292293549e-02 1.026593208312988281e+00
2.200955963134765625e+01 2.625663578510284424e-02 1.088672637939453125e+00
2.183518600463867188e+01 4.909610748291015625e-02 1.185965657234191895e+00
2.162299156188964844e+01 7.684603333473205566e-02 1.303066015243530273e+00
2.146420860290527344e+01 9.757570922374725342e-02 1.389457821846008301e+00
2.134191894531250000e+01 1.135237663984298706e-01 1.455250382423400879e+00
2.123439979553222656e+01 1.275354474782943726e-01 1.512575626373291016e+00
2.103530120849609375e+01 1.534673422574996948e-01 1.617857933044433594e+00
2.098253440856933594e+01 1.603338420391082764e-01 1.645319581031799316e+00
2.083020973205566406e+01 1.801520138978958130e-01 1.724245071411132812e+00
2.062556266784667969e+01 2.067654579877853394e-01 1.828901410102844238e+00
2.052769279479980469e+01 2.194875180721282959e-01 1.878030180931091309e+00
2.031741333007812500e+01 2.468194663524627686e-01 1.982604980468750000e+00
2.023789787292480469e+01 2.571544945240020752e-01 2.021326541900634766e+00
2.010446548461914062e+01 2.744989693164825439e-01 2.085763692855834961e+00
1.994560050964355469e+01 2.951541543006896973e-01 2.161380529403686523e+00
1.980558586120605469e+01 3.133657872676849365e-01 2.226830959320068359e+00
1.970661735534667969e+01 3.262452483177185059e-01 2.272326946258544922e+00
1.960540390014648438e+01 3.394228816032409668e-01 2.318285942077636719e+00
1.942201423645019531e+01 3.633121848106384277e-01 2.400482177734375000e+00
1.934238433837890625e+01 3.736967146396636963e-01 2.435301303863525391e+00
1.923288536071777344e+01 3.879845440387725830e-01 2.482645034790039062e+00
1.906550407409667969e+01 4.098438322544097900e-01 2.553868293762207031e+00
1.899685096740722656e+01 4.188225269317626953e-01 2.582341909408569336e+00
1.879217910766601562e+01 4.456081390380859375e-01 2.666301965713500977e+00
1.870609855651855469e+01 4.568973779678344727e-01 2.700421094894409180e+00
1.855590248107910156e+01 4.766148626804351807e-01 2.759050369262695312e+00
1.850000381469726562e+01 4.839667379856109619e-01 2.780271053314208984e+00
1.832685661315917969e+01 5.067563652992248535e-01 2.845296382904052734e+00
1.828821754455566406e+01 5.118541717529296875e-01 2.859308481216430664e+00
1.818470382690429688e+01 5.255190134048461914e-01 2.896542310714721680e+00
1.807341766357421875e+01 5.402331948280334473e-01 2.935682535171508789e+00
1.792427062988281250e+01 5.599884390830993652e-01 2.986830472946166992e+00
1.784815406799316406e+01 5.700957775115966797e-01 3.012016057968139648e+00
1.770207595825195312e+01 5.895193815231323242e-01 3.059432029724121094e+00
1.761046981811523438e+01 6.017326116561889648e-01 3.088037252426147461e+00
1.750316429138183594e+01 6.160644292831420898e-01 3.120696544647216797e+00
1.737221145629882812e+01 6.335919499397277832e-01 3.159316301345825195e+00
1.730714607238769531e+01 6.423243284225463867e-01 3.177738428115844727e+00
1.715315437316894531e+01 6.630202531814575195e-01 3.220419168472290039e+00
1.706569099426269531e+01 6.748148798942565918e-01 3.243400573730468750e+00
1.693680191040039062e+01 6.922307610511779785e-01 3.276187419891357422e+00
1.688031005859375000e+01 6.998870968818664551e-01 3.289846420288085938e+00
1.673058128356933594e+01 7.202076315879821777e-01 3.325207948684692383e+00
1.666373062133789062e+01 7.293138504028320312e-01 3.339982509613037109e+00
1.653401374816894531e+01 7.470133900642395020e-01 3.367753982543945312e+00
1.651020431518554688e+01 7.502729892730712891e-01 3.372526407241821289e+00
1.635857582092285156e+01 7.710443735122680664e-01 3.402532815933227539e+00
1.625578308105468750e+01 7.851824760437011719e-01 3.421183824539184570e+00
1.621860694885253906e+01 7.903099656105041504e-01 3.427504539489746094e+00
1.608386993408203125e+01 8.089122176170349121e-01 3.449848890304565430e+00
1.597331047058105469e+01 8.242334723472595215e-01 3.466480970382690430e+00
1.589820003509521484e+01 8.346745967864990234e-01 3.476809501647949219e+00
1.584246253967285156e+01 8.424391746520996094e-01 3.483975887298583984e+00
1.570420742034912109e+01 8.617296218872070312e-01 3.500824451446533203e+00
1.565919780731201172e+01 8.680346608161926270e-01 3.505547523498535156e+00
1.551379489898681641e+01 8.884293437004089355e-01 3.519989728927612305e+00
1.547961711883544922e+01 8.932433724403381348e-01 3.522754907608032227e+00
1.538358020782470703e+01 9.067838191986083984e-01 3.530101776123046875e+00
1.528522777557373047e+01 9.206891059875488281e-01 3.536394596099853516e+00
1.517219352722167969e+01 9.367151856422424316e-01 3.542151927947998047e+00
1.506126022338867188e+01 9.524940848350524902e-01 3.546107053756713867e+00
1.503411006927490234e+01 9.563679099082946777e-01 3.546659469604492188e+00
1.494629478454589844e+01 9.689070582389831543e-01 3.548113107681274414e+00
1.484537124633789062e+01 9.833527803421020508e-01 3.548532962799072266e+00
1.472894859313964844e+01 1.000062823295593262e+00 3.547330617904663086e+00
1.466970920562744141e+01 1.008591771125793457e+00 3.545709371566772461e+00
1.459585380554199219e+01 1.019241213798522949e+00 3.543037652969360352e+00
1.449690723419189453e+01 1.033535361289978027e+00 3.538358449935913086e+00
1.443429088592529297e+01 1.042603373527526855e+00 3.534450769424438477e+00
1.434312915802001953e+01 1.055825114250183105e+00 3.527876615524291992e+00
1.426622962951660156e+01 1.067002058029174805e+00 3.521229743957519531e+00
1.415496349334716797e+01 1.083202004432678223e+00 3.510247707366943359e+00
1.406719684600830078e+01 1.096011519432067871e+00 3.500001668930053711e+00
1.399814414978027344e+01 1.106107831001281738e+00 3.490940332412719727e+00
1.393932151794433594e+01 1.114719986915588379e+00 3.482541799545288086e+00
1.385656642913818359e+01 1.126849412918090820e+00 3.469902515411376953e+00
1.380209922790527344e+01 1.134844541549682617e+00 3.460811614990234375e+00
1.368573760986328125e+01 1.151940941810607910e+00 3.440290927886962891e+00
1.361799049377441406e+01 1.161913752555847168e+00 3.426956176757812500e+00
1.352272987365722656e+01 1.175951004028320312e+00 3.407051563262939453e+00
1.348934364318847656e+01 1.180877327919006348e+00 3.399498462677001953e+00
1.337981891632080078e+01 1.197045326232910156e+00 3.374048948287963867e+00
1.330929851531982422e+01 1.207470059394836426e+00 3.356227159500122070e+00
1.325967121124267578e+01 1.214811921119689941e+00 3.343024730682373047e+00
1.316162776947021484e+01 1.229324102401733398e+00 3.316013574600219727e+00
1.307291698455810547e+01 1.242467641830444336e+00 3.289891958236694336e+00
1.300022220611572266e+01 1.253246545791625977e+00 3.267218828201293945e+00
1.293916130065917969e+01 1.262305498123168945e+00 3.247288942337036133e+00
1.290568256378173828e+01 1.267274498939514160e+00 3.235949039459228516e+00
1.278634834289550781e+01 1.284990191459655762e+00 3.194714784622192383e+00
1.272733592987060547e+01 1.293756961822509766e+00 3.172870635986328125e+00
1.267614459991455078e+01 1.301363945007324219e+00 3.153287887573242188e+00
1.261256885528564453e+01 1.310813069343566895e+00 3.128278255462646484e+00
1.254644298553466797e+01 1.320643424987792969e+00 3.101365327835083008e+00
1.248042964935302734e+01 1.330458879470825195e+00 3.073552608489990234e+00
1.237224292755126953e+01 1.346547365188598633e+00 3.026405096054077148e+00
1.233204269409179688e+01 1.352526545524597168e+00 3.007916688919067383e+00
1.227526855468750000e+01 1.360971093177795410e+00 2.981289863586425781e+00
1.218706989288330078e+01 1.374089956283569336e+00 2.938782691955566406e+00
1.211508464813232422e+01 1.384796977043151855e+00 2.902621269226074219e+00
1.206489658355712891e+01 1.392261385917663574e+00 2.876561164855957031e+00
1.200494289398193359e+01 1.401177525520324707e+00 2.844715356826782227e+00
1.193103790283203125e+01 1.412167191505432129e+00 2.804395198822021484e+00
1.183954715728759766e+01 1.425769448280334473e+00 2.752835988998413086e+00
1.180542945861816406e+01 1.430840492248535156e+00 2.732837200164794922e+00
1.171595573425292969e+01 1.444137692451477051e+00 2.679625988006591797e+00
1.167257595062255859e+01 1.450582385063171387e+00 2.652843713760375977e+00
1.160594940185546875e+01 1.460478901863098145e+00 2.610966444015502930e+00
1.153223705291748047e+01 1.471424579620361328e+00 2.563359737396240234e+00
1.148378086090087891e+01 1.478617310523986816e+00 2.531123161315917969e+00
1.141726207733154297e+01 1.488488554954528809e+00 2.486009597778320312e+00
1.134603786468505859e+01 1.499054074287414551e+00 2.436424970626831055e+00
1.128499126434326172e+01 1.508105993270874023e+00 2.392734050750732422e+00
1.120275402069091797e+01 1.520295381546020508e+00 2.332481145858764648e+00
1.117457485198974609e+01 1.524469971656799316e+00 2.311180591583251953e+00
1.107550621032714844e+01 1.539143204689025879e+00 2.235498428344726562e+00
1.101739788055419922e+01 1.547743558883666992e+00 2.189440011978149414e+00
1.095994663238525391e+01 1.556243062019348145e+00 2.142918109893798828e+00
1.092215442657470703e+01 1.561831712722778320e+00 2.111667156219482422e+00
1.083864498138427734e+01 1.574177265167236328e+00 2.041659355163574219e+00
1.080995655059814453e+01 1.578415513038635254e+00 2.016875982284545898e+00
1.075419902801513672e+01 1.586650967597961426e+00 1.968212366104125977e+00
1.069977092742919922e+01 1.594686388969421387e+00 1.919758915901184082e+00
1.060078334808349609e+01 1.609293699264526367e+00 1.829928040504455566e+00
1.057246685028076172e+01 1.613468766212463379e+00 1.803325653076171875e+00
1.048787403106689453e+01 1.625938415527343750e+00 1.723068118095397949e+00
1.046055030822753906e+01 1.629963159561157227e+00 1.696376919746398926e+00
1.037594032287597656e+01 1.642423152923583984e+00 1.612945079803466797e+00
1.032052612304687500e+01 1.650577545166015625e+00 1.556700706481933594e+00
1.026445770263671875e+01 1.658824324607849121e+00 1.498711585998535156e+00
1.022834873199462891e+01 1.664132833480834961e+00 1.460651397705078125e+00
1.015767192840576172e+01 1.674519896507263184e+00 1.385244488716125488e+00
1.009992408752441406e+01 1.683001756668090820e+00 1.322154283523559570e+00
1.007307624816894531e+01 1.686943054199218750e+00 1.292252421379089355e+00
1.001554870605468750e+01 1.695386409759521484e+00 1.227605581283569336e+00
9.949713706970214844e+00 1.705044269561767578e+00 1.152198314666748047e+00
9.914672851562500000e+00 1.710181832313537598e+00 1.111179828643798828e+00
9.843302726745605469e+00 1.720642924308776855e+00 1.026662945747375488e+00
9.819573402404785156e+00 1.724118947982788086e+00 9.978964328765869141e-01
9.749268531799316406e+00 1.734416007995605469e+00 9.120002985000610352e-01
9.714440345764160156e+00 1.739514231681823730e+00 8.684587478637695312e-01
9.656485557556152344e+00 1.747995615005493164e+00 7.951752543449401855e-01
9.607304573059082031e+00 1.755189895629882812e+00 7.318003773689270020e-01
9.533801078796386719e+00 1.765938401222229004e+00 6.355565786361694336e-01
9.509710311889648438e+00 1.769459486007690430e+00 6.032505035400390625e-01
9.435858726501464844e+00 1.780251741409301758e+00 5.034389495849609375e-01
9.387422561645507812e+00 1.787326574325561523e+00 4.363923072814941406e-01
9.350235939025878906e+00 1.792756795883178711e+00 3.841036260128021240e-01
9.312092781066894531e+00 1.798325657844543457e+00 3.298208117485046387e-01
9.264259338378906250e+00 1.805307745933532715e+00 2.609040141105651855e-01
9.207429885864257812e+00 1.813601255416870117e+00 1.777490079402923584e-01
9.177333831787109375e+00 1.817992210388183594e+00 1.328957378864288330e-01
9.110566139221191406e+00 1.827732324600219727e+00 3.241636604070663452e-02
9.048257827758789062e+00 1.836819648742675781e+00 -6.339668482542037964e-02
9.034338951110839844e+00 1.840146422386169434e+00 -3.924167156219482422e-02
8.982679367065429688e+00 1.852450847625732422e+00 4.867390543222427368e-02
8.930219650268554688e+00 1.864794135093688965e+00 1.317776739597320557e-01
8.892264366149902344e+00 1.873627781867980957e+00 1.878593116998672485e-01
8.850470542907714844e+00 1.883286595344543457e+00 2.466883361339569092e-01
8.808428764343261719e+00 1.892933845520019531e+00 3.028519153594970703e-01
8.782524108886718750e+00 1.898839235305786133e+00 3.357188701629638672e-01
8.717558860778808594e+00 1.913594126701354980e+00 4.156165122985839844e-01
8.670135498046875000e+00 1.924270749092102051e+00 4.695597290992736816e-01
8.640245437622070312e+00 1.930961728096008301e+00 5.017092227935791016e-01
8.598644256591796875e+00 1.940243363380432129e+00 5.449193120002746582e-01
8.548832893371582031e+00 1.951308012008666992e+00 5.941992998123168945e-01
8.503614425659179688e+00 1.961303591728210449e+00 6.363981366157531738e-01
8.459418296813964844e+00 1.971033215522766113e+00 6.755087971687316895e-01
8.393793106079101562e+00 1.985426187515258789e+00 7.306267023086547852e-01
8.345624923706054688e+00 1.995935797691345215e+00 7.680139541625976562e-01
8.298697471618652344e+00 2.006138801574707031e+00 8.023607730865478516e-01
8.262249946594238281e+00 2.014038085937500000e+00 8.275272846221923828e-01
8.181243896484375000e+00 2.031553983688354492e+00 8.809424638748168945e-01
8.154672622680664062e+00 2.037271261215209961e+00 8.966917991638183594e-01
8.104196548461914062e+00 2.048116683959960938e+00 9.255551695823669434e-01
8.028979301452636719e+00 2.064234733581542969e+00 9.656397104263305664e-01
7.984536170959472656e+00 2.073722839355468750e+00 9.868337512016296387e-01
7.944785594940185547e+00 2.082192182540893555e+00 1.004520535469055176e+00
7.877063751220703125e+00 2.096596479415893555e+00 1.032759547233581543e+00
7.803446292877197266e+00 2.112212181091308594e+00 1.060026168823242188e+00
7.754692077636718750e+00 2.122525930404663086e+00 1.075684666633605957e+00
7.709994316101074219e+00 2.131966114044189453e+00 1.088619232177734375e+00
7.661451816558837891e+00 2.142203807830810547e+00 1.101273179054260254e+00
7.585180759429931641e+00 2.158266782760620117e+00 1.118810057640075684e+00
7.516834259033203125e+00 2.172630548477172852e+00 1.131271600723266602e+00
7.470810890197753906e+00 2.182286739349365234e+00 1.137732028961181641e+00
7.406083106994628906e+00 2.195853471755981445e+00 1.145009279251098633e+00
7.362125396728515625e+00 2.205054521560668945e+00 1.148236632347106934e+00
7.295762538909912109e+00 2.218934059143066406e+00 1.151361942291259766e+00
7.230130195617675781e+00 2.232645273208618164e+00 1.151854753494262695e+00
7.178272724151611328e+00 2.243468046188354492e+00 1.150219559669494629e+00
7.114481925964355469e+00 2.256772279739379883e+00 1.146240592002868652e+00
7.078965187072753906e+00 2.264174222946166992e+00 1.142675280570983887e+00
6.999809741973876953e+00 2.280665159225463867e+00 1.133048057556152344e+00
6.955405235290527344e+00 2.289910078048706055e+00 1.125535726547241211e+00
6.886791229248046875e+00 2.304191112518310547e+00 1.112080216407775879e+00
6.867574691772460938e+00 2.308189392089843750e+00 1.107505202293395996e+00
6.782412052154541016e+00 2.325907707214355469e+00 1.086217403411865234e+00
6.717098236083984375e+00 2.339493751525878906e+00 1.066419839859008789e+00
6.691027641296386719e+00 2.344916820526123047e+00 1.057431459426879883e+00
6.612836837768554688e+00 2.361182451248168945e+00 1.029150605201721191e+00
6.549714565277099609e+00 2.374316453933715820e+00 1.003070235252380371e+00
6.518040657043457031e+00 2.380909442901611328e+00 9.886285662651062012e-01
6.457654476165771484e+00 2.393482208251953125e+00 9.597681760787963867e-01
6.395716190338134766e+00 2.406385660171508789e+00 9.275201559066772461e-01
6.343659400939941406e+00 2.417238950729370117e+00 8.980628252029418945e-01
6.310502052307128906e+00 2.424157381057739258e+00 8.779969215393066406e-01
6.254533290863037109e+00 2.435842275619506836e+00 8.426838517189025879e-01
6.201607227325439453e+00 2.446904182434082031e+00 8.069270253181457520e-01
6.142601013183593750e+00 2.459251642227172852e+00 7.644717693328857422e-01
6.091731548309326172e+00 2.469912767410278320e+00 7.252746820449829102e-01
6.020681858062744141e+00 2.484825611114501953e+00 6.672520637512207031e-01
5.977535247802734375e+00 2.493903636932373047e+00 6.290921568870544434e-01
5.920764923095703125e+00 2.505868434906005859e+00 5.764006376266479492e-01
5.899208068847656250e+00 2.510422706604003906e+00 5.550896525382995605e-01
5.835317611694335938e+00 2.523934841156005859e+00 4.903846979141235352e-01
5.794491291046142578e+00 2.532597064971923828e+00 4.459929466247558594e-01
5.729026317596435547e+00 2.546519517898559570e+00 3.714612722396850586e-01
5.689309597015380859e+00 2.555001020431518555e+00 3.227617740631103516e-01
5.639686107635498047e+00 2.565628528594970703e+00 2.590437531471252441e-01
5.624985694885253906e+00 2.568789243698120117e+00 2.390297949314117432e-01
5.559610843658447266e+00 2.582863092422485352e+00 1.484230011701583862e-01
5.524606227874755859e+00 2.590444803237915039e+00 9.587432444095611572e-02
5.475514411926269531e+00 2.601117610931396484e+00 1.880396157503128052e-02
5.446683406829833984e+00 2.607422351837158203e+00 -2.948259189724922180e-02
5.397544384002685547e+00 2.620015621185302734e+00 3.735149279236793518e-02
5.367552280426025391e+00 2.627647876739501953e+00 7.575002312660217285e-02
5.293057918548583984e+00 2.646530389785766602e+00 1.677655875682830811e-01
5.257678508758544922e+00 2.655416488647460938e+00 2.077767401933670044e-01
5.215810298919677734e+00 2.665891408920288086e+00 2.532466053962707520e-01
5.160443782806396484e+00 2.679682970046997070e+00 3.105861544609069824e-01
5.067180633544921875e+00 2.702789545059204102e+00 4.013280570507049561e-01
5.038359165191650391e+00 2.709871292114257812e+00 4.265677332878112793e-01
4.957911014556884766e+00 2.729592800140380859e+00 4.947982132434844971e-01
4.895518779754638672e+00 2.744794607162475586e+00 5.431203842163085938e-01
4.837181091308593750e+00 2.758947134017944336e+00 5.852028727531433105e-01
4.780177593231201172e+00 2.772723674774169922e+00 6.236380934715270996e-01
4.718802452087402344e+00 2.787505388259887695e+00 6.623249053955078125e-01
4.687041759490966797e+00 2.795127630233764648e+00 6.809062361717224121e-01
4.631929397583007812e+00 2.808331251144409180e+00 7.119036912918090820e-01
4.545025348663330078e+00 2.829091072082519531e+00 7.574579715728759766e-01
4.489191055297851562e+00 2.842370986938476562e+00 7.834867238998413086e-01
4.445048332214355469e+00 2.852842807769775391e+00 8.024888038635253906e-01
4.350803852081298828e+00 2.875156164169311523e+00 8.404659628868103027e-01
4.291499137878417969e+00 2.889140605926513672e+00 8.609740734100341797e-01
4.210007190704345703e+00 2.908311605453491211e+00 8.863233923912048340e-01
4.157135963439941406e+00 2.920710802078247070e+00 9.003049731254577637e-01
4.092374801635742188e+00 2.935869216918945312e+00 9.155167937278747559e-01
4.032497406005859375e+00 2.949852943420410156e+00 9.274477362632751465e-01
3.964021444320678711e+00 2.965812444686889648e+00 9.388701915740966797e-01
3.869893550872802734e+00 2.987702131271362305e+00 9.511240720748901367e-01
3.846218824386596680e+00 2.993191719055175781e+00 9.530297517776489258e-01
3.761506795883178711e+00 3.012820959091186523e+00 9.587994813919067383e-01
3.681888341903686523e+00 3.031224727630615234e+00 9.607101082801818848e-01
3.625714302062988281e+00 3.044180870056152344e+00 9.597420096397399902e-01
3.565526247024536133e+00 3.058042287826538086e+00 9.569567441940307617e-01
3.496918439865112305e+00 3.073818445205688477e+00 9.516457319259643555e-01
3.431495666503906250e+00 3.088836669921875000e+00 9.442534446716308594e-01
3.357217073440551758e+00 3.105861186981201172e+00 9.333274364471435547e-01
3.260378360748291016e+00 3.128018379211425781e+00 9.153051972389221191e-01
3.212361574172973633e+00 3.138981342315673828e+00 9.038975238800048828e-01
3.158993482589721680e+00 3.151153802871704102e+00 8.898339867591857910e-01
3.083763360977172852e+00 3.168293952941894531e+00 8.678147792816162109e-01
3.031598329544067383e+00 3.180161237716674805e+00 8.503673672676086426e-01
2.922254562377929688e+00 3.205011844635009766e+00 8.105613589286804199e-01
2.882334232330322266e+00 3.214066028594970703e+00 7.934948205947875977e-01
2.786529302597045898e+00 3.235780477523803711e+00 7.502371668815612793e-01
2.754392862319946289e+00 3.243052482604980469e+00 7.338292002677917480e-01
2.664506435394287109e+00 3.263382434844970703e+00 6.860864162445068359e-01
2.630281686782836914e+00 3.271112442016601562e+00 6.658858060836791992e-01
2.576049089431762695e+00 3.283355712890625000e+00 6.326019763946533203e-01
2.515573263168334961e+00 3.296998262405395508e+00 5.931769609451293945e-01
2.425244331359863281e+00 3.317359209060668945e+00 5.302939414978027344e-01
2.378834247589111328e+00 3.327809095382690430e+00 4.947571754455566406e-01
2.312550067901611328e+00 3.342726469039916992e+00 4.414817690849304199e-01
2.236021995544433594e+00 3.359938144683837891e+00 3.756177425384521484e-01
2.204685926437377930e+00 3.366981506347656250e+00 3.464483916759490967e-01
2.144974231719970703e+00 3.380400180816650391e+00 2.890339195728302002e-01
2.065292119979858398e+00 3.398301601409912109e+00 2.075459212064743042e-01
2.026419401168823242e+00 3.407032966613769531e+00 1.643598973751068115e-01
1.958983540534973145e+00 3.422180175781250000e+00 8.627399802207946777e-02
1.926065206527709961e+00 3.429575204849243164e+00 4.528533667325973511e-02
1.874363303184509277e+00 3.441191673278808594e+00 -2.149110287427902222e-02
1.825149655342102051e+00 3.453578710556030273e+00 3.312268108129501343e-02
1.726481318473815918e+00 3.478300333023071289e+00 1.367914676666259766e-01
1.663100600242614746e+00 3.494048357009887695e+00 1.965429335832595825e-01
1.592571496963500977e+00 3.511489391326904297e+00 2.586760520935058594e-01
1.556413173675537109e+00 3.520387411117553711e+00 2.882259190082550049e-01
1.465418696403503418e+00 3.542727470397949219e+00 3.598013222217559814e-01
1.417867898941040039e+00 3.554337024688720703e+00 3.937229812145233154e-01
1.344569444656372070e+00 3.572184801101684570e+00 4.434002041816711426e-01
1.250478386878967285e+00 3.595005989074707031e+00 5.022326707839965820e-01
1.215051174163818359e+00 3.603558540344238281e+00 5.221393704414367676e-01
1.138000488281250000e+00 3.622128486633300781e+00 5.636906027793884277e-01
1.056658029556274414e+00 3.641665220260620117e+00 6.036733388900756836e-01
9.509072303771972656e-01 3.666976928710937500e+00 6.505646705627441406e-01
8.987461924552917480e-01 3.679409265518188477e+00 6.705800890922546387e-01
8.210143446922302246e-01 3.697900295257568359e+00 6.982120275497436523e-01
7.009334564208984375e-01 3.726385593414306641e+00 7.359687685966491699e-01
6.599211692810058594e-01 3.736074447631835938e+00 7.463506460189819336e-01
5.878095030784606934e-01 3.753087997436523438e+00 7.631405591964721680e-01
4.819642007350921631e-01 3.778004169464111328e+00 7.840583324432373047e-01
3.881142139434814453e-01 3.800026416778564453e+00 7.978536486625671387e-01
3.537940680980682373e-01 3.808058261871337891e+00 8.013885021209716797e-01
2.347062230110168457e-01 3.835901737213134766e+00 8.117589354515075684e-01
1.902204155921936035e-01 3.846269607543945312e+00 8.131963014602661133e-01
7.422706484794616699e-02 3.873272657394409180e+00 8.145886063575744629e-01
8.618213236331939697e-03 3.888502359390258789e+00 8.119153976440429688e-01
-7.831681519746780396e-02 3.908651113510131836e+00 8.057805299758911133e-01
-1.726457178592681885e-01 3.930470228195190430e+00 7.953882813453674316e-01
-2.868143618106842041e-01 3.956823348999023438e+00 7.778747081756591797e-01
-3.556773662567138672e-01 3.972680330276489258e+00 7.636682391166687012e-01
-4.536562561988830566e-01 3.995210647583007812e+00 7.402771711349487305e-01
-5.179619193077087402e-01 4.009969711303710938e+00 7.219109535217285156e-01
-5.573142766952514648e-01 4.018990516662597656e+00 7.094343900680541992e-01
-6.561458706855773926e-01 4.041630268096923828e+00 6.761672496795654297e-01
-7.788859605789184570e-01 4.069697856903076172e+00 6.287176609039306641e-01
-8.422796726226806641e-01 4.084164619445800781e+00 6.001253128051757812e-01
-9.433017373085021973e-01 4.107195854187011719e+00 5.510482788085937500e-01
-9.700256586074829102e-01 4.113279342651367188e+00 5.365313887596130371e-01
-1.056881308555603027e+00 4.133043766021728516e+00 4.879750013351440430e-01
-1.137854814529418945e+00 4.151448249816894531e+00 4.384335577487945557e-01
-1.211446881294250488e+00 4.168158531188964844e+00 3.895920217037200928e-01
-1.281589984893798828e+00 4.184072494506835938e+00 3.395506143569946289e-01
-1.366170406341552734e+00 4.203248977661132812e+00 2.749746441841125488e-01
-1.449343442916870117e+00 4.222092628479003906e+00 2.061338573694229126e-01
-1.500896453857421875e+00 4.233765602111816406e+00 1.599524617195129395e-01
-1.557077288627624512e+00 4.246483325958251953e+00 1.070729717612266541e-01
-1.658602952957153320e+00 4.269461631774902344e+00 6.187312304973602295e-03
-1.710696935653686523e+00 4.281250476837158203e+00 -5.094463750720024109e-02
-1.793538689613342285e+00 4.301058292388916016e+00 3.138657286763191223e-02
-1.866780877113342285e+00 4.318502902984619141e+00 9.817485511302947998e-02
-1.977208495140075684e+00 4.344722270965576172e+00 1.916419416666030884e-01
-2.039846897125244141e+00 4.359531879425048828e+00 2.390441149473190308e-01
-2.151983022689819336e+00 4.385986804962158203e+00 3.187263607978820801e-01
-2.212100505828857422e+00 4.400118827819824219e+00 3.568136692047119141e-01
-2.287272691726684570e+00 4.417758941650390625e+00 4.015656113624572754e-01
-2.384547472000122070e+00 4.440538406372070312e+00 4.550412297248840332e-01
-2.491701602935791016e+00 4.465569019317626953e+00 5.079647898674011230e-01
-2.588818311691284180e+00 4.488197803497314453e+00 5.503064990043640137e-01
-2.699257135391235352e+00 4.513876438140869141e+00 5.929681658744812012e-01
-2.762137651443481445e+00 4.528464794158935547e+00 6.138672232627868652e-01
-2.897581338882446289e+00 4.559851169586181641e+00 6.548791527748107910e-01
-3.009564876556396484e+00 4.585739135742187500e+00 6.818735599517822266e-01
-3.104499101638793945e+00 4.607646942138671875e+00 7.000936269760131836e-01
-3.192474126815795898e+00 4.627920627593994141e+00 7.134059667587280273e-01
-3.339936256408691406e+00 4.661862850189208984e+00 7.302702665328979492e-01
-3.396109104156494141e+00 4.674768447875976562e+00 7.332735061645507812e-01
-3.476808071136474609e+00 4.693297863006591797e+00 7.357372641563415527e-01
-3.643608808517456055e+00 4.731564998626708984e+00 7.353579998016357422e-01
-3.698330402374267578e+00 4.744099140167236328e+00 7.315403819084167480e-01
-3.847514867782592773e+00 4.778255939483642578e+00 7.178186178207397461e-01
-3.908546924591064453e+00 4.792214393615722656e+00 7.084944844245910645e-01
-4.001054763793945312e+00 4.813364505767822266e+00 6.920300126075744629e-01
-4.119055271148681641e+00 4.840331077575683594e+00 6.664757728576660156e-01
-4.242644786834716797e+00 4.868562698364257812e+00 6.335210204124450684e-01
-4.324584484100341797e+00 4.887275218963623047e+00 6.072565317153930664e-01
-4.435928821563720703e+00 4.912701606750488281e+00 5.674633383750915527e-01
-4.585107326507568359e+00 4.946771621704101562e+00 5.064541697502136230e-01
-4.686487197875976562e+00 4.969934940338134766e+00 4.576556980609893799e-01
-4.789798259735107422e+00 4.993553161621093750e+00 4.025310873985290527e-01
-4.889523983001708984e+00 5.016370773315429688e+00 3.437218368053436279e-01
-4.953336238861083984e+00 5.030986785888671875e+00 3.024202585220336914e-01
-5.081989765167236328e+00 5.060480594635009766e+00 2.141314148902893066e-01
-5.148948192596435547e+00 5.075863361358642578e+00 1.625830680131912231e-01
-5.235407352447509766e+00 5.095754623413085938e+00 9.191489219665527344e-02
-5.341074943542480469e+00 5.120117187500000000e+00 -1.377791166305541992e-03
-5.391966819763183594e+00 5.131888389587402344e+00 -5.077841505408287048e-02
-5.542361259460449219e+00 5.166664600372314453e+00 8.687068521976470947e-02
-5.620522022247314453e+00 5.184753894805908203e+00 1.484782099723815918e-01
-5.706033229827880859e+00 5.204553127288818359e+00 2.109825015068054199e-01
-5.821092605590820312e+00 5.231205940246582031e+00 2.884135246276855469e-01
-5.945096015930175781e+00 5.259948730468750000e+00 3.629556894302368164e-01
-6.140024662017822266e+00 5.305163383483886719e+00 4.663423299789428711e-01
-6.279058456420898438e+00 5.337450504302978516e+00 5.260498523712158203e-01
-6.344189167022705078e+00 5.352589607238769531e+00 5.497564077377319336e-01
-6.470455646514892578e+00 5.381953716278076172e+00 5.920321941375732422e-01
-6.598027229309082031e+00 5.411651134490966797e+00 6.277691721916198730e-01
-6.802008628845214844e+00 5.459189414978027344e+00 6.741101741790771484e-01
-6.873466968536376953e+00 5.475875377655029297e+00 6.845459342002868652e-01
-7.094970226287841797e+00 5.527639865875244141e+00 7.107903361320495605e-01
-7.208617210388183594e+00 5.554268836975097656e+00 7.147388458251953125e-01
-7.378407955169677734e+00 5.594116687774658203e+00 7.134519815444946289e-01
-7.482922554016113281e+00 5.618709087371826172e+00 7.060797214508056641e-01
-7.642574310302734375e+00 5.656344413757324219e+00 6.886026263236999512e-01
-7.778045177459716797e+00 5.688376903533935547e+00 6.656481623649597168e-01
-7.945207595825195312e+00 5.728019237518310547e+00 6.286515593528747559e-01
-8.087527275085449219e+00 5.761907577514648438e+00 5.878025293350219727e-01
-8.200293540954589844e+00 5.788865566253662109e+00 5.488792061805725098e-01
-8.343903541564941406e+00 5.823319435119628906e+00 4.924181401729583740e-01
-8.512157440185546875e+00 5.863889217376708984e+00 4.155211448669433594e-01
-8.646610260009765625e+00 5.896528244018554688e+00 3.433390855789184570e-01
-8.749541282653808594e+00 5.921674251556396484e+00 2.809624671936035156e-01
-8.810461044311523438e+00 5.936639785766601562e+00 2.405698746442794800e-01
-8.946515083312988281e+00 5.970185279846191406e+00 1.454771161079406738e-01
-9.142339706420898438e+00 6.018900394439697266e+00 -8.111253380775451660e-03
-9.186594009399414062e+00 6.030080318450927734e+00 -4.902178049087524414e-02
-9.352276802062988281e+00 6.070253372192382812e+00 9.803894162178039551e-02
-9.515647888183593750e+00 6.110219001770019531e+00 2.215439975261688232e-01
-9.736485481262207031e+00 6.164647102355957031e+00 3.644640147686004639e-01
-9.914546966552734375e+00 6.208921909332275391e+00 4.573127925395965576e-01
-1.006004905700683594e+01 6.245337963104248047e+00 5.203571915626525879e-01
-1.024127674102783203e+01 6.290928840637207031e+00 5.869380235671997070e-01
-1.052933597564697266e+01 6.363850593566894531e+00 6.707036495208740234e-01
-1.076415443420410156e+01 6.423879146575927734e+00 7.125009298324584961e-01
-1.082635784149169922e+01 6.439912319183349609e+00 7.182039022445678711e-01
-1.105124282836914062e+01 6.498013019561767578e+00 7.337951064109802246e-01
-1.135145473480224609e+01 6.576235771179199219e+00 7.306601405143737793e-01
-1.159386730194091797e+01 6.640169143676757812e+00 7.025232911109924316e-01
-1.180529594421386719e+01 6.696547985076904297e+00 6.596115231513977051e-01
-1.200479984283447266e+01 6.750322341918945312e+00 6.034405231475830078e-01
-1.224120521545410156e+01 6.814773082733154297e+00 5.184617042541503906e-01
-1.233584499359130859e+01 6.840971469879150391e+00 4.750960171222686768e-01
-1.251900863647460938e+01 6.892035007476806641e+00 3.833310902118682861e-01
-1.279326057434082031e+01 6.969637870788574219e+00 2.218062579631805420e-01
-1.300863170623779297e+01 7.032196998596191406e+00 6.283965706825256348e-02
-1.314963340759277344e+01 7.074243068695068359e+00 -6.117483973503112793e-02
-1.351588344573974609e+01 7.179783344268798828e+00 2.109959125518798828e-01
-1.379231643676757812e+01 7.261764526367187500e+00 3.538131117820739746e-01
-1.410652732849121094e+01 7.356624603271484375e+00 4.741067886352539062e-01
-1.428153228759765625e+01 7.410452365875244141e+00 5.179634690284729004e-01
-1.466074180603027344e+01 7.528295516967773438e+00 5.873149633407592773e-01
-1.524234485626220703e+01 7.713045597076416016e+00 6.129856109619140625e-01
-1.544728755950927734e+01 7.780473232269287109e+00 5.802597999572753906e-01
-1.577817630767822266e+01 7.890951633453369141e+00 5.027164816856384277e-01
-1.641696548461914062e+01 8.109848976135253906e+00 2.721128463745117188e-01
-1.676055335998535156e+01 8.234932899475097656e+00 5.149030685424804688e-02
-1.690984535217285156e+01 8.291955947875976562e+00 -7.477390766143798828e-02
-1.797603225708007812e+01 8.709990501403808594e+00 6.361221671104431152e-01
-1.839793014526367188e+01 8.889253616333007812e+00 6.961274743080139160e-01
-1.963635063171386719e+01 9.430614471435546875e+00 6.778684258460998535e-01
-2.096611022949218750e+01 1.006596374511718750e+01 5.237728357315063477e-02
-2.187495040893554688e+01 1.058227539062500000e+01 -1.080404520034790039e+00
-2.730512237548828125e+01 1.431462192535400391e+01 -2.574079036712646484e+00
-3.347786718750000000e+04 2.726264453125000000e+04 -7.469025000000000000e+04
-1.452769870373453824e+19 1.509992633627102413e+19 -9.219310990657585152e+18
nan nan nan
nan nan nan
nan nan nan
nan nan nan
nan nan nan
nan nan nan
nan nan nan
nan nan nan
nan nan nan
nan nan nan
nan nan nan
nan nan nan
nan nan nan
nan nan nan
nan nan nan
nan nan nan
nan nan nan
nan nan nan
nan nan nan
nan nan nan
nan nan nan
nan nan nan
nan nan nan
nan nan nan
nan nan nan
nan nan nan
nan nan nan
nan nan nan
nan nan nan
nan nan nan
nan nan nan
nan nan nan
nan nan nan
nan nan nan
nan nan nan
nan nan nan
nan nan nan
nan nan nan
nan nan nan
nan nan nan
nan nan nan
nan nan nan
nan nan nan
nan nan nan
nan nan nan
nan nan nan
nan nan nan
nan nan nan
nan nan nan
nan nan nan
nan nan nan
nan nan nan
nan nan nan
nan nan nan
nan nan nan
