2.347420883178710938e+01 -2.154479771852493286e-01 1.860211491584777832e-01
2.336494636535644531e+01 -2.293844074010848999e-01 2.576507925987243652e-01
2.316073417663574219e+01 -2.555148601531982422e-01 3.905615210533142090e-01
2.303568077087402344e+01 -2.716106772422790527e-01 4.708284437656402588e-01
2.283062362670898438e+01 -2.980952262878417969e-01 6.012974977493286133e-01
2.267483711242675781e+01 -3.183291852474212646e-01 6.989620923995971680e-01
2.261394882202148438e+01 -3.262702524662017822e-01 7.366933822631835938e-01
2.245132255554199219e+01 -3.475131094455718994e-01 8.370038270950317383e-01
2.222325325012207031e+01 -3.774289488792419434e-01 9.759170413017272949e-01
2.213388633728027344e+01 -3.892184793949127197e-01 1.029358863830566406e+00
2.198329925537109375e+01 -4.091270267963409424e-01 1.118745565414428711e+00
2.187607002258300781e+01 -4.233540594577789307e-01 1.181586861610412598e+00
2.164132499694824219e+01 -4.545772671699523926e-01 1.317882061004638672e+00
2.150989723205566406e+01 -4.721522927284240723e-01 1.392594099044799805e+00
2.147328758239746094e+01 -4.770619571208953857e-01 1.413151741027832031e+00
2.127478981018066406e+01 -5.037023425102233887e-01 1.524227023124694824e+00
2.110339164733886719e+01 -5.268025994300842285e-01 1.618302226066589355e+00
2.101601600646972656e+01 -5.386196374893188477e-01 1.665434837341308594e+00
2.088107490539550781e+01 -5.569007992744445801e-01 1.737567067146301270e+00
2.075401496887207031e+01 -5.741590261459350586e-01 1.804517030715942383e+00
2.065885353088378906e+01 -5.871152281761169434e-01 1.853965520858764648e+00
2.044760513305664062e+01 -6.159256696701049805e-01 1.962566256523132324e+00
2.035245132446289062e+01 -6.289516687393188477e-01 2.010294675827026367e+00
2.021587753295898438e+01 -6.476775407791137695e-01 2.078017234802246094e+00
2.011614036560058594e+01 -6.613832116127014160e-01 2.126642942428588867e+00
1.993547439575195312e+01 -6.862490177154541016e-01 2.213611364364624023e+00
1.980886650085449219e+01 -7.037228345870971680e-01 2.273120164871215820e+00
1.970818138122558594e+01 -7.176446318626403809e-01 2.319630384445190430e+00
1.954952430725097656e+01 -7.396125793457031250e-01 2.391885280609130859e+00
1.950411224365234375e+01 -7.459136843681335449e-01 2.412092924118041992e+00
1.931632041931152344e+01 -7.719851732254028320e-01 2.495090723037719727e+00
1.921746635437011719e+01 -7.857406735420227051e-01 2.537529230117797852e+00
1.912877273559570312e+01 -7.980959415435791016e-01 2.575005292892456055e+00
1.901875114440917969e+01 -8.134363293647766113e-01 2.620816946029663086e+00
1.888417434692382812e+01 -8.322211503982543945e-01 2.675815820693969727e+00
1.871445083618164062e+01 -8.559415936470031738e-01 2.743554592132568359e+00
1.860451126098632812e+01 -8.713288307189941406e-01 2.786082029342651367e+00
1.850214958190917969e+01 -8.856673240661621094e-01 2.824850320816040039e+00
1.843823242187500000e+01 -8.946268558502197266e-01 2.848570823669433594e+00
1.824508666992187500e+01 -9.217114448547363281e-01 2.919321060180664062e+00
1.819074630737304688e+01 -9.293401837348937988e-01 2.938424348831176758e+00
1.805121612548828125e+01 -9.489332437515258789e-01 2.986887454986572266e+00
1.792233085632324219e+01 -9.670423269271850586e-01 3.030242443084716797e+00
1.787096023559570312e+01 -9.742633104324340820e-01 3.046994924545288086e+00
1.771516036987304688e+01 -9.961663484573364258e-01 3.097157716751098633e+00
1.766010093688964844e+01 -1.003909468650817871e+00 3.114184856414794922e+00
1.754545593261718750e+01 -1.020033478736877441e+00 3.149117231369018555e+00
1.738417625427246094e+01 -1.042718410491943359e+00 3.196714401245117188e+00
1.732589340209960938e+01 -1.050916314125061035e+00 3.213115930557250977e+00
1.719518470764160156e+01 -1.069300651550292969e+00 3.249243497848510742e+00
1.710627365112304688e+01 -1.081803798675537109e+00 3.272805452346801758e+00
1.698712158203125000e+01 -1.098556518554687500e+00 3.303446054458618164e+00
1.691178321838378906e+01 -1.109145760536193848e+00 3.322016716003417969e+00
1.675252723693847656e+01 -1.131523966789245605e+00 3.360186576843261719e+00
1.670545768737792969e+01 -1.138133883476257324e+00 3.370779037475585938e+00
1.654179573059082031e+01 -1.161110997200012207e+00 3.406892061233520508e+00
1.645511436462402344e+01 -1.173269867897033691e+00 3.424680471420288086e+00
1.637460136413574219e+01 -1.184557557106018066e+00 3.440534591674804688e+00
1.623916244506835938e+01 -1.203534960746765137e+00 3.466148614883422852e+00
1.619406318664550781e+01 -1.209847688674926758e+00 3.474077939987182617e+00
1.608947944641113281e+01 -1.224481701850891113e+00 3.491998195648193359e+00
1.600170707702636719e+01 -1.236752510070800781e+00 3.506117820739746094e+00
1.588562774658203125e+01 -1.252967953681945801e+00 3.523757696151733398e+00
1.574273109436035156e+01 -1.272907614707946777e+00 3.543768405914306641e+00
1.571022605895996094e+01 -1.277436733245849609e+00 3.547834873199462891e+00
1.556414222717285156e+01 -1.297784328460693359e+00 3.565608739852905273e+00
1.548340606689453125e+01 -1.309011697769165039e+00 3.574171066284179688e+00
1.543730258941650391e+01 -1.315416932106018066e+00 3.578656911849975586e+00
1.527467155456542969e+01 -1.337998986244201660e+00 3.593661546707153320e+00
1.518043804168701172e+01 -1.351057767868041992e+00 3.600656986236572266e+00
1.509213256835937500e+01 -1.363280296325683594e+00 3.606274843215942383e+00
1.503180217742919922e+01 -1.371621131896972656e+00 3.609505653381347656e+00
1.496146106719970703e+01 -1.381338357925415039e+00 3.612784147262573242e+00
1.485888004302978516e+01 -1.395496249198913574e+00 3.616727590560913086e+00
1.475333023071289062e+01 -1.410044074058532715e+00 3.619513988494873047e+00
1.468111610412597656e+01 -1.419983148574829102e+00 3.620512962341308594e+00
1.456939697265625000e+01 -1.435344815254211426e+00 3.621086597442626953e+00
1.447552871704101562e+01 -1.448232650756835938e+00 3.620289802551269531e+00
1.442916679382324219e+01 -1.454590201377868652e+00 3.619358301162719727e+00
1.432875442504882812e+01 -1.468351483345031738e+00 3.616760015487670898e+00
1.420448684692382812e+01 -1.485360145568847656e+00 3.611971855163574219e+00
1.416734313964843750e+01 -1.490436196327209473e+00 3.609949827194213867e+00
1.407557296752929688e+01 -1.502972006797790527e+00 3.604513168334960938e+00
1.401195049285888672e+01 -1.511653542518615723e+00 3.599981784820556641e+00
1.390777778625488281e+01 -1.525858163833618164e+00 3.591687679290771484e+00
1.382163524627685547e+01 -1.537591099739074707e+00 3.583630800247192383e+00
1.375657463073730469e+01 -1.546444892883300781e+00 3.576787233352661133e+00
1.368043708801269531e+01 -1.556799650192260742e+00 3.568101167678833008e+00
1.356063365936279297e+01 -1.573081970214843750e+00 3.553173065185546875e+00
1.349702167510986328e+01 -1.581718683242797852e+00 3.544178485870361328e+00
1.343435192108154297e+01 -1.590223431587219238e+00 3.534750938415527344e+00
1.329949951171875000e+01 -1.608515858650207520e+00 3.513253688812255859e+00
1.323724842071533203e+01 -1.616952896118164062e+00 3.502108573913574219e+00
1.318402671813964844e+01 -1.624163746833801270e+00 3.492091178894042969e+00
1.306109046936035156e+01 -1.640815854072570801e+00 3.467977762222290039e+00
1.302100181579589844e+01 -1.646243214607238770e+00 3.459370613098144531e+00
1.294452381134033203e+01 -1.656595706939697266e+00 3.442482233047485352e+00
1.282552051544189453e+01 -1.672701239585876465e+00 3.414800167083740234e+00
1.279252052307128906e+01 -1.677166104316711426e+00 3.406509399414062500e+00
1.267294692993164062e+01 -1.693343997001647949e+00 3.375842809677124023e+00
1.260155868530273438e+01 -1.703001737594604492e+00 3.356165885925292969e+00
1.255574512481689453e+01 -1.709199786186218262e+00 3.343006134033203125e+00
1.249700450897216797e+01 -1.717146992683410645e+00 3.325691223144531250e+00
1.241917896270751953e+01 -1.727676987648010254e+00 3.301993846893310547e+00
1.234310054779052734e+01 -1.737971901893615723e+00 3.277837514877319336e+00
1.222290992736816406e+01 -1.754239082336425781e+00 3.238124608993530273e+00
1.217809581756591797e+01 -1.760306477546691895e+00 3.222389936447143555e+00
1.212672424316406250e+01 -1.767262935638427734e+00 3.203951120376586914e+00
1.202356910705566406e+01 -1.781234622001647949e+00 3.165993690490722656e+00
1.197152519226074219e+01 -1.788287043571472168e+00 3.145886898040771484e+00
1.189816665649414062e+01 -1.798230409622192383e+00 3.116856575012207031e+00
1.183103179931640625e+01 -1.807333946228027344e+00 3.089391231536865234e+00
1.172599887847900391e+01 -1.821582198143005371e+00 3.045121192932128906e+00
1.169841670989990234e+01 -1.825326442718505859e+00 3.032953500747680664e+00
1.160366916656494141e+01 -1.838190674781799316e+00 2.990661859512329102e+00
1.155361938476562500e+01 -1.844990849494934082e+00 2.967414855957031250e+00
1.145852756500244141e+01 -1.857915878295898438e+00 2.922325611114501953e+00
1.140109348297119141e+01 -1.865728378295898438e+00 2.894021987915039062e+00
1.135002136230468750e+01 -1.872678875923156738e+00 2.868270874023437500e+00
1.125836658477783203e+01 -1.885158061981201172e+00 2.821119308471679688e+00
1.118486976623535156e+01 -1.895173311233520508e+00 2.781941652297973633e+00
1.113503265380859375e+01 -1.901969194412231445e+00 2.754621744155883789e+00
1.104053401947021484e+01 -1.914861559867858887e+00 2.701838493347167969e+00
1.099511528015136719e+01 -1.921063899993896484e+00 2.675564289093017578e+00
1.090913772583007812e+01 -1.932810068130493164e+00 2.624994516372680664e+00
1.085252285003662109e+01 -1.940551757812500000e+00 2.590643644332885742e+00
1.077222156524658203e+01 -1.951539039611816406e+00 2.540926694869995117e+00
1.072415637969970703e+01 -1.958121299743652344e+00 2.510313272476196289e+00
1.067830562591552734e+01 -1.964403629302978516e+00 2.480616569519042969e+00
1.058150291442871094e+01 -1.977674007415771484e+00 2.416915416717529297e+00
1.051991176605224609e+01 -1.986126661300659180e+00 2.375020027160644531e+00
1.044711589813232422e+01 -1.996123909950256348e+00 2.324461221694946289e+00
1.042837429046630859e+01 -1.998699903488159180e+00 2.311123609542846680e+00
1.034076213836669922e+01 -2.010744571685791016e+00 2.248384475708007812e+00
1.028352069854736328e+01 -2.018621921539306641e+00 2.206192255020141602e+00
1.021282386779785156e+01 -2.028357505798339844e+00 2.153098583221435547e+00
1.013622093200683594e+01 -2.038915157318115234e+00 2.094237565994262695e+00
1.009704685211181641e+01 -2.044319152832031250e+00 2.063388109207153320e+00
1.002885246276855469e+01 -2.053730726242065430e+00 2.009011268615722656e+00
9.984814643859863281e+00 -2.059813261032104492e+00 1.973130941390991211e+00
9.927040100097656250e+00 -2.067797422409057617e+00 1.925402641296386719e+00
9.865557670593261719e+00 -2.076299667358398438e+00 1.873687028884887695e+00
9.820239067077636719e+00 -2.082571268081665039e+00 1.834833621978759766e+00
9.749501228332519531e+00 -2.092365503311157227e+00 1.773335099220275879e+00
9.696038246154785156e+00 -2.099773883819580078e+00 1.725837230682373047e+00
9.624390602111816406e+00 -2.109708070755004883e+00 1.661139488220214844e+00
9.566268920898437500e+00 -2.117773294448852539e+00 1.607506632804870605e+00
9.494645118713378906e+00 -2.127718687057495117e+00 1.540249824523925781e+00
9.449456214904785156e+00 -2.133998394012451172e+00 1.496898770332336426e+00
9.394309997558593750e+00 -2.141665458679199219e+00 1.443280816078186035e+00
9.348166465759277344e+00 -2.148084640502929688e+00 1.397679090499877930e+00
9.263915061950683594e+00 -2.159810543060302734e+00 1.313278317451477051e+00
9.242028236389160156e+00 -2.162859439849853516e+00 1.290805101394653320e+00
9.146692276000976562e+00 -2.176142692565917969e+00 1.192288398742675781e+00
9.113841056823730469e+00 -2.180724143981933594e+00 1.157389640808105469e+00
9.071626663208007812e+00 -2.186613082885742188e+00 1.112116217613220215e+00
9.009589195251464844e+00 -2.195270776748657227e+00 1.044769883155822754e+00
8.969970703125000000e+00 -2.200802803039550781e+00 1.000988483428955078e+00
8.909361839294433594e+00 -2.209268808364868164e+00 9.332490563392639160e-01
8.848400115966796875e+00 -2.217788457870483398e+00 8.639284372329711914e-01
8.785709381103515625e+00 -2.226553916931152344e+00 7.913981676101684570e-01
8.750701904296875000e+00 -2.231451034545898438e+00 7.501718401908874512e-01
8.674901962280273438e+00 -2.242057323455810547e+00 6.600214838981628418e-01
8.615550994873046875e+00 -2.250366210937500000e+00 5.879146456718444824e-01
8.574868202209472656e+00 -2.256063699722290039e+00 5.376601219177246094e-01
8.534521102905273438e+00 -2.261715650558471680e+00 4.872506558895111084e-01
8.490255355834960938e+00 -2.267917633056640625e+00 4.313203096389770508e-01
8.443370819091796875e+00 -2.274487972259521484e+00 3.713469505310058594e-01
8.363313674926757812e+00 -2.285709619522094727e+00 2.675984203815460205e-01
8.317026138305664062e+00 -2.292199611663818359e+00 2.062688171863555908e-01
8.272951126098632812e+00 -2.298380136489868164e+00 1.471205651760101318e-01
8.237959861755371094e+00 -2.303287506103515625e+00 9.958788007497787476e-02
8.184099197387695312e+00 -2.310841560363769531e+00 2.571520209312438965e-02
8.110759735107421875e+00 -2.321128368377685547e+00 -7.637252658605575562e-02
8.078636169433593750e+00 -2.323286533355712891e+00 -2.704304456710815430e-02
8.016839027404785156e+00 -2.327513217926025391e+00 6.421185284852981567e-02
7.969533920288085938e+00 -2.330850601196289062e+00 1.290888190269470215e-01
7.930106163024902344e+00 -2.333689928054809570e+00 1.802928298711776733e-01
7.903110027313232422e+00 -2.335664033889770508e+00 2.138286232948303223e-01
7.856046199798583984e+00 -2.339139223098754883e+00 2.705713510513305664e-01
7.806257724761962891e+00 -2.342874288558959961e+00 3.275632858276367188e-01
7.727448940277099609e+00 -2.348876953125000000e+00 4.130052924156188965e-01
7.703023433685302734e+00 -2.350778102874755859e+00 4.373067617416381836e-01
7.636612892150878906e+00 -2.355977535247802734e+00 5.016756653785705566e-01
7.573999404907226562e+00 -2.360954999923706055e+00 5.581526756286621094e-01
7.527020931243896484e+00 -2.364737749099731445e+00 5.977344512939453125e-01
7.483097076416015625e+00 -2.368305683135986328e+00 6.328856348991394043e-01
7.447679996490478516e+00 -2.371204853057861328e+00 6.598823070526123047e-01
7.393228530883789062e+00 -2.375687837600708008e+00 6.997729539871215820e-01
7.324659347534179688e+00 -2.381380558013916016e+00 7.469714879989624023e-01
7.249074459075927734e+00 -2.387716770172119141e+00 7.949545383453369141e-01
7.195304870605468750e+00 -2.392267465591430664e+00 8.260595202445983887e-01
7.172209739685058594e+00 -2.394233942031860352e+00 8.385321497917175293e-01
7.110337257385253906e+00 -2.399515151977539062e+00 8.709514737129211426e-01
7.039921760559082031e+00 -2.405562877655029297e+00 9.048593640327453613e-01
6.987863063812255859e+00 -2.410062789916992188e+00 9.274883866310119629e-01
6.946890830993652344e+00 -2.413619518280029297e+00 9.439185261726379395e-01
6.877871513366699219e+00 -2.419629096984863281e+00 9.698005318641662598e-01
6.793081760406494141e+00 -2.427047014236450195e+00 9.979389905929565430e-01
6.735207557678222656e+00 -2.432136535644531250e+00 1.014144301414489746e+00
6.695262908935546875e+00 -2.435659646987915039e+00 1.023944020271301270e+00
6.633536338806152344e+00 -2.441113948822021484e+00 1.037627100944519043e+00
6.594496726989746094e+00 -2.444572210311889648e+00 1.044864654541015625e+00
6.512002944946289062e+00 -2.451889991760253906e+00 1.058281898498535156e+00
6.485792636871337891e+00 -2.454221010208129883e+00 1.061291217803955078e+00
6.419677734375000000e+00 -2.460104227066040039e+00 1.067884564399719238e+00
6.371433258056640625e+00 -2.464402914047241211e+00 1.070860981941223145e+00
6.295634746551513672e+00 -2.471161365509033203e+00 1.073437809944152832e+00
6.216099262237548828e+00 -2.478257656097412109e+00 1.072675585746765137e+00
6.152186393737792969e+00 -2.483960390090942383e+00 1.069129228591918945e+00
6.109067916870117188e+00 -2.487806081771850586e+00 1.065135598182678223e+00
6.048110961914062500e+00 -2.493239164352416992e+00 1.057951569557189941e+00
6.012958049774169922e+00 -2.496368646621704102e+00 1.052543640136718750e+00
5.944262027740478516e+00 -2.502478837966918945e+00 1.040535449981689453e+00
5.877879619598388672e+00 -2.508371114730834961e+00 1.026181221008300781e+00
5.832409858703613281e+00 -2.512396574020385742e+00 1.014495253562927246e+00
5.794750690460205078e+00 -2.515723466873168945e+00 1.003745436668395996e+00
5.710148334503173828e+00 -2.523181915283203125e+00 9.775729775428771973e-01
5.678049087524414062e+00 -2.525997400283813477e+00 9.658823609352111816e-01
5.628663063049316406e+00 -2.530318737030029297e+00 9.468387961387634277e-01
5.557916641235351562e+00 -2.536484956741333008e+00 9.171868562698364258e-01
5.521586894989013672e+00 -2.539631366729736328e+00 9.001644849777221680e-01
5.444798946380615234e+00 -2.546257019042968750e+00 8.621715307235717773e-01
5.391956329345703125e+00 -2.550776958465576172e+00 8.330073952674865723e-01
5.356060028076171875e+00 -2.553826093673706055e+00 8.117193579673767090e-01
5.275766372680664062e+00 -2.560610771179199219e+00 7.617806792259216309e-01
5.231137752532958984e+00 -2.564333438873291016e+00 7.310227155685424805e-01
5.209842205047607422e+00 -2.566095113754272461e+00 7.155031561851501465e-01
5.135408878326416016e+00 -2.572225570678710938e+00 6.598042249679565430e-01
5.102463245391845703e+00 -2.574895143508911133e+00 6.328163146972656250e-01
5.039773464202880859e+00 -2.579932689666748047e+00 5.793703794479370117e-01
4.991384029388427734e+00 -2.583754062652587891e+00 5.348933339118957520e-01
4.969418525695800781e+00 -2.585462093353271484e+00 5.134931206703186035e-01
4.905809879302978516e+00 -2.590369939804077148e+00 4.498459398746490479e-01
4.854845523834228516e+00 -2.594207048416137695e+00 3.947682380676269531e-01
4.830461025238037109e+00 -2.596001148223876953e+00 3.667080104351043701e-01
4.796392917633056641e+00 -2.598476409912109375e+00 3.262826204299926758e-01
4.756675720214843750e+00 -2.601308107376098633e+00 2.770679891109466553e-01
4.713494777679443359e+00 -2.604311704635620117e+00 2.207407206296920776e-01
4.677423000335693359e+00 -2.606744766235351562e+00 1.709162592887878418e-01
4.629096984863281250e+00 -2.609909296035766602e+00 1.007914170622825623e-01
4.592858314514160156e+00 -2.612174987792968750e+00 4.449898377060890198e-02
4.562322616577148438e+00 -2.614006280899047852e+00 -5.541831254959106445e-03
4.487831115722656250e+00 -2.614773750305175781e+00 8.426529914140701294e-02
4.419707775115966797e+00 -2.615711927413940430e+00 1.598707437515258789e-01
4.368870735168457031e+00 -2.616556406021118164e+00 2.122693359851837158e-01
4.342000484466552734e+00 -2.617054939270019531e+00 2.385009825229644775e-01
4.262721538543701172e+00 -2.618602991104125977e+00 3.137279450893402100e-01
4.197747230529785156e+00 -2.620049715042114258e+00 3.703619837760925293e-01
4.140924453735351562e+00 -2.621432065963745117e+00 4.165593683719635010e-01
4.082981109619140625e+00 -2.622939586639404297e+00 4.608633518218994141e-01
4.027994155883789062e+00 -2.624459743499755859e+00 5.003209114074707031e-01
3.991471290588378906e+00 -2.625523090362548828e+00 5.249702334403991699e-01
3.940972566604614258e+00 -2.627040386199951172e+00 5.576718449592590332e-01
3.860114097595214844e+00 -2.629570722579956055e+00 6.070598363876342773e-01
3.819643974304199219e+00 -2.630914449691772461e+00 6.294816732406616211e-01
3.710625648498535156e+00 -2.634632349014282227e+00 6.869122385978698730e-01
3.679837465286254883e+00 -2.635754346847534180e+00 7.009385824203491211e-01
3.586422681808471680e+00 -2.639215707778930664e+00 7.416985630989074707e-01
3.532158374786376953e+00 -2.641325235366821289e+00 7.622666358947753906e-01
3.486700773239135742e+00 -2.643137454986572266e+00 7.780330181121826172e-01
3.437594890594482422e+00 -2.645134925842285156e+00 7.937635183334350586e-01
3.367230892181396484e+00 -2.648056507110595703e+00 8.143175840377807617e-01
3.280334472656250000e+00 -2.651766777038574219e+00 8.362361192703247070e-01
3.207594156265258789e+00 -2.654973983764648438e+00 8.510625958442687988e-01
3.135142803192138672e+00 -2.658248901367187500e+00 8.629404306411743164e-01
3.114192247390747070e+00 -2.659218311309814453e+00 8.655511736869812012e-01
3.048218727111816406e+00 -2.662290334701538086e+00 8.730275630950927734e-01
2.989376068115234375e+00 -2.665084838867187500e+00 8.776061534881591797e-01
2.913499355316162109e+00 -2.668748617172241211e+00 8.811141848564147949e-01
2.820140838623046875e+00 -2.673349857330322266e+00 8.816291093826293945e-01
2.787843227386474609e+00 -2.674979925155639648e+00 8.801842331886291504e-01
2.705819845199584961e+00 -2.679152011871337891e+00 8.750830292701721191e-01
2.647187948226928711e+00 -2.682191848754882812e+00 8.688197135925292969e-01
2.589785099029541016e+00 -2.685206651687622070e+00 8.608368039131164551e-01
2.511821746826171875e+00 -2.689351320266723633e+00 8.475058078765869141e-01
2.454902410507202148e+00 -2.692425489425659180e+00 8.352678418159484863e-01
2.400908946990966797e+00 -2.695373773574829102e+00 8.218907713890075684e-01
2.321478843688964844e+00 -2.699754714965820312e+00 7.997004985809326172e-01
2.280210256576538086e+00 -2.702063322067260742e+00 7.862083315849304199e-01
2.201660871505737305e+00 -2.706488132476806641e+00 7.585349082946777344e-01
2.126451730728149414e+00 -2.710779428482055664e+00 7.283171415328979492e-01
2.077938795089721680e+00 -2.713579654693603516e+00 7.064377069473266602e-01
2.033747673034667969e+00 -2.716148376464843750e+00 6.850521564483642578e-01
1.960234045982360840e+00 -2.720447778701782227e+00 6.472071409225463867e-01
1.900154948234558105e+00 -2.723995923995971680e+00 6.130817532539367676e-01
1.865513920783996582e+00 -2.726056814193725586e+00 5.918233394622802734e-01
1.792695879936218262e+00 -2.730406284332275391e+00 5.451405048370361328e-01
1.749773383140563965e+00 -2.732990503311157227e+00 5.150498747825622559e-01
1.679166793823242188e+00 -2.737259387969970703e+00 4.629109799861907959e-01
1.648425936698913574e+00 -2.739130020141601562e+00 4.382202029228210449e-01
1.569444298744201660e+00 -2.743947267532348633e+00 3.724173307418823242e-01
1.533466935157775879e+00 -2.746153831481933594e+00 3.395224809646606445e-01
1.492397308349609375e+00 -2.748677253723144531e+00 3.003270328044891357e-01
1.440833926200866699e+00 -2.751850843429565430e+00 2.486370205879211426e-01
1.395779132843017578e+00 -2.754627943038940430e+00 2.005728185176849365e-01
1.356609702110290527e+00 -2.757043123245239258e+00 1.564118266105651855e-01
1.313774704933166504e+00 -2.759683370590209961e+00 1.056932508945465088e-01
1.260257482528686523e+00 -2.762978076934814453e+00 3.876682370901107788e-02
1.212560296058654785e+00 -2.765905857086181641e+00 -2.521225810050964355e-02
1.155804634094238281e+00 -2.765995740890502930e+00 3.269562497735023499e-02
1.110547423362731934e+00 -2.766191720962524414e+00 7.620804011821746826e-02
1.018369793891906738e+00 -2.766779899597167969e+00 1.607712954282760620e-01
9.757927656173706055e-01 -2.767218828201293945e+00 1.962424069643020630e-01
9.064639806747436523e-01 -2.768049478530883789e+00 2.515085041522979736e-01
8.443871736526489258e-01 -2.768954515457153320e+00 2.975194454193115234e-01
7.550079822540283203e-01 -2.770453691482543945e+00 3.595359921455383301e-01
7.095018029212951660e-01 -2.771353006362915039e+00 3.881698846817016602e-01
6.311519145965576172e-01 -2.773013591766357422e+00 4.350306987762451172e-01
5.499483942985534668e-01 -2.774927616119384766e+00 4.793909788131713867e-01
4.950351119041442871e-01 -2.776350498199462891e+00 5.065736174583435059e-01
4.076719284057617188e-01 -2.778746366500854492e+00 5.469074845314025879e-01
3.415066599845886230e-01 -2.780715227127075195e+00 5.740486979484558105e-01
2.389698326587677002e-01 -2.783939838409423828e+00 6.122509837150573730e-01
1.697036623954772949e-01 -2.786293983459472656e+00 6.341275572776794434e-01
8.472102880477905273e-02 -2.789322376251220703e+00 6.578094959259033203e-01
3.834387660026550293e-02 -2.791066408157348633e+00 6.686587929725646973e-01
-3.815871477127075195e-02 -2.794023275375366211e+00 6.847204566001892090e-01
-1.339518725872039795e-01 -2.797888278961181641e+00 7.010767459869384766e-01
-1.756110191345214844e-01 -2.799655675888061523e+00 7.061682939529418945e-01
-2.587747275829315186e-01 -2.803257465362548828e+00 7.145945429801940918e-01
-3.222354054450988770e-01 -2.806116819381713867e+00 7.183827757835388184e-01
-4.058203399181365967e-01 -2.809992551803588867e+00 7.207247614860534668e-01
-4.520571231842041016e-01 -2.812215566635131836e+00 7.200886607170104980e-01
-5.666330456733703613e-01 -2.817830801010131836e+00 7.158576846122741699e-01
-6.512832045555114746e-01 -2.822174310684204102e+00 7.078339457511901855e-01
-6.705454587936401367e-01 -2.823194980621337891e+00 7.051737904548645020e-01
-7.853457927703857422e-01 -2.829321861267089844e+00 6.881765127182006836e-01
-8.249558210372924805e-01 -2.831525802612304688e+00 6.799303889274597168e-01
-8.936914801597595215e-01 -2.835403680801391602e+00 6.641637682914733887e-01
-9.923200607299804688e-01 -2.841101408004760742e+00 6.378552317619323730e-01
-1.025901317596435547e+00 -2.843106985092163086e+00 6.270469427108764648e-01
-1.118469715118408203e+00 -2.848696708679199219e+00 5.954644083976745605e-01
-1.161597490310668945e+00 -2.851380825042724609e+00 5.783956050872802734e-01
-1.259295344352722168e+00 -2.857545614242553711e+00 5.371518135070800781e-01
-1.320881962776184082e+00 -2.861554622650146484e+00 5.073436498641967773e-01
-1.410204529762268066e+00 -2.867482662200927734e+00 4.604450762271881104e-01
-1.464384317398071289e+00 -2.871180772781372070e+00 4.286128580570220947e-01
-1.497624278068542480e+00 -2.873488187789916992e+00 4.077485203742980957e-01
-1.571703076362609863e+00 -2.878684282302856445e+00 3.593527078628540039e-01
-1.661180734634399414e+00 -2.885108232498168945e+00 2.955722510814666748e-01
-1.710837960243225098e+00 -2.888776302337646484e+00 2.563263475894927979e-01
-1.763079762458801270e+00 -2.892697095870971680e+00 2.126019895076751709e-01
-1.818605899810791016e+00 -2.896935462951660156e+00 1.632392108440399170e-01
-1.867208242416381836e+00 -2.900713920593261719e+00 1.171564012765884399e-01
-1.929858088493347168e+00 -2.905664682388305664e+00 5.426603555679321289e-02
-1.990512132644653320e+00 -2.910562276840209961e+00 -1.133238524198532104e-02
-2.027007579803466797e+00 -2.911226987838745117e+00 2.071012929081916809e-02
-2.153944969177246094e+00 -2.913769245147705078e+00 1.281990408897399902e-01
-2.186630964279174805e+00 -2.914618492126464844e+00 1.525359302759170532e-01
-2.278753995895385742e+00 -2.917141437530517578e+00 2.189197838306427002e-01
-2.331929683685302734e+00 -2.918800830841064453e+00 2.537820935249328613e-01
-2.447423934936523438e+00 -2.922644853591918945e+00 3.254268765449523926e-01
-2.519107103347778320e+00 -2.925340652465820312e+00 3.646506071090698242e-01
-2.593931436538696289e+00 -2.928343534469604492e+00 4.024059474468231201e-01
-2.727940082550048828e+00 -2.934062242507934570e+00 4.642915725708007812e-01
-2.775468349456787109e+00 -2.936298131942749023e+00 4.827490448951721191e-01
-2.860490322113037109e+00 -2.940423488616943359e+00 5.136550068855285645e-01
-2.950373888015747070e+00 -2.945017814636230469e+00 5.424110889434814453e-01
-3.013254880905151367e+00 -2.948399782180786133e+00 5.597082376480102539e-01
-3.119754552841186523e+00 -2.954321622848510742e+00 5.857365727424621582e-01
-3.203329563140869141e+00 -2.959222316741943359e+00 6.018863320350646973e-01
-3.300009489059448242e+00 -2.965116739273071289e+00 6.167573928833007812e-01
-3.415139436721801758e+00 -2.972441911697387695e+00 6.292724013328552246e-01
-3.456317901611328125e+00 -2.975190639495849609e+00 6.315539479255676270e-01
-3.572834253311157227e+00 -2.983096599578857422e+00 6.358004808425903320e-01
-3.620332479476928711e+00 -2.986467599868774414e+00 6.349762678146362305e-01
-3.726685285568237305e+00 -2.994150161743164062e+00 6.307926774024963379e-01
-3.823868989944458008e+00 -3.001446723937988281e+00 6.221489310264587402e-01
-3.882375717163085938e+00 -3.005991935729980469e+00 6.142570972442626953e-01
-3.999713182449340820e+00 -3.015292882919311523e+00 5.951361060142517090e-01
-4.068304538726806641e+00 -3.020950078964233398e+00 5.800219774246215820e-01
-4.197477817535400391e+00 -3.031849622726440430e+00 5.471052527427673340e-01
-4.255897521972656250e+00 -3.036993265151977539e+00 5.283049941062927246e-01
-4.312144279479980469e+00 -3.042041301727294922e+00 5.084294080734252930e-01
-4.383619308471679688e+00 -3.048575162887573242e+00 4.809430539608001709e-01
-4.459187030792236328e+00 -3.055646896362304688e+00 4.487927556037902832e-01
-4.540582656860351562e+00 -3.063456535339355469e+00 4.104987382888793945e-01
-4.653564929962158203e+00 -3.074594736099243164e+00 3.515984416007995605e-01
-4.738668918609619141e+00 -3.083312273025512695e+00 3.008285164833068848e-01
-4.770909309387207031e+00 -3.086714267730712891e+00 2.796148955821990967e-01
-4.857148170471191406e+00 -3.095918893814086914e+00 2.207437604665756226e-01
-4.924521923065185547e+00 -3.103339195251464844e+00 1.700830161571502686e-01
-5.008656978607177734e+00 -3.112844228744506836e+00 1.018733456730842590e-01
-5.050308227539062500e+00 -3.117707967758178711e+00 6.477887928485870361e-02
-5.154861927032470703e+00 -3.130127668380737305e+00 -3.285305202007293701e-02
-5.233493804931640625e+00 -3.134263277053833008e+00 2.637127414345741272e-02
-5.348604202270507812e+00 -3.140791893005371094e+00 1.067895889282226562e-01
-5.394351005554199219e+00 -3.143645763397216797e+00 1.353379487991333008e-01
-5.519680976867675781e+00 -3.151729583740234375e+00 2.100842893123626709e-01
-5.633898735046386719e+00 -3.159734964370727539e+00 2.698974311351776123e-01
-5.736029148101806641e+00 -3.167382001876831055e+00 3.170665204524993896e-01
-5.783226966857910156e+00 -3.171108484268188477e+00 3.363928496837615967e-01
-5.970919132232666016e+00 -3.186269044876098633e+00 4.088753759860992432e-01
-6.071918487548828125e+00 -3.195138216018676758e+00 4.387869834899902344e-01
-6.110046863555908203e+00 -3.198624372482299805e+00 4.483273029327392578e-01
-6.254110336303710938e+00 -3.211989402770996094e+00 4.819282293319702148e-01
-6.342402458190917969e+00 -3.220623016357421875e+00 4.969163835048675537e-01
-6.499213218688964844e+00 -3.236429691314697266e+00 5.175633430480957031e-01
-6.591561317443847656e+00 -3.246229648590087891e+00 5.235262513160705566e-01
-6.658503055572509766e+00 -3.253541707992553711e+00 5.252232551574707031e-01
-6.749634742736816406e+00 -3.263701915740966797e+00 5.249411463737487793e-01
-6.878535747528076172e+00 -3.278470754623413086e+00 5.195265412330627441e-01
-6.963076591491699219e+00 -3.288529872894287109e+00 5.112718939781188965e-01
-7.077000617980957031e+00 -3.302419185638427734e+00 4.959277212619781494e-01
-7.222217559814453125e+00 -3.320707559585571289e+00 4.689764678478240967e-01
-7.333469867706298828e+00 -3.335305929183959961e+00 4.408742487430572510e-01
-7.411924362182617188e+00 -3.345930099487304688e+00 4.168563187122344971e-01
-7.521888732910156250e+00 -3.361158370971679688e+00 3.788772225379943848e-01
-7.584802150726318359e+00 -3.370151519775390625e+00 3.535429537296295166e-01
-7.693426609039306641e+00 -3.385968208312988281e+00 3.060670197010040283e-01
-7.817116260528564453e+00 -3.404572010040283203e+00 2.443145215511322021e-01
-7.882895469665527344e+00 -3.414850711822509766e+00 2.064539194107055664e-01
-7.971112728118896484e+00 -3.428930044174194336e+00 1.518107950687408447e-01
-8.047289848327636719e+00 -3.441449165344238281e+00 9.985508024692535400e-02
-8.159008979797363281e+00 -3.460301160812377930e+00 1.712030917406082153e-02
-8.253945350646972656e+00 -3.476990222930908203e+00 -6.213626265525817871e-02
-8.345019340515136719e+00 -3.486366510391235352e+00 2.810038626194000244e-03
-8.436190605163574219e+00 -3.496273279190063477e+00 6.264665722846984863e-02
-8.639522552490234375e+00 -3.519467830657958984e+00 1.852439492940902710e-01
-8.690910339355468750e+00 -3.525912046432495117e+00 2.105362415313720703e-01
-8.866715431213378906e+00 -3.548427343368530273e+00 2.925670742988586426e-01
-8.979268074035644531e+00 -3.563839435577392578e+00 3.355568349361419678e-01
-9.188937187194824219e+00 -3.593685388565063477e+00 4.049495756626129150e-01
-9.304594993591308594e+00 -3.611282110214233398e+00 4.326452314853668213e-01
-9.423471450805664062e+00 -3.629992723464965820e+00 4.553638100624084473e-01
-9.572284698486328125e+00 -3.654211044311523438e+00 4.765269160270690918e-01
-9.694806098937988281e+00 -3.674968004226684570e+00 4.865258634090423584e-01
-9.789478302001953125e+00 -3.691528320312500000e+00 4.895526468753814697e-01
-9.986494064331054688e+00 -3.726835489273071289e+00 4.882811307907104492e-01
-1.009757423400878906e+01 -3.747750759124755859e+00 4.785607457160949707e-01
-1.024548339843750000e+01 -3.776379823684692383e+00 4.587183296680450439e-01
-1.031471633911132812e+01 -3.790281534194946289e+00 4.450102448463439941e-01
-1.045423126220703125e+01 -3.818784952163696289e+00 4.130879342555999756e-01
-1.062640476226806641e+01 -3.855221033096313477e+00 3.626419901847839355e-01
-1.073673343658447266e+01 -3.879632234573364258e+00 3.210274875164031982e-01
-1.083466625213623047e+01 -3.901952743530273438e+00 2.784081995487213135e-01
-1.095345401763916016e+01 -3.929774522781372070e+00 2.202051281929016113e-01
-1.110278511047363281e+01 -3.965976238250732422e+00 1.363768726587295532e-01
-1.116179084777832031e+01 -3.980955600738525391e+00 9.739130735397338867e-02
-1.130009078979492188e+01 -4.016758441925048828e+00 -1.332163810729980469e-05
-1.140799999237060547e+01 -4.046086311340332031e+00 -8.811268210411071777e-02
-1.155126857757568359e+01 -4.074290752410888672e+00 1.053181290626525879e-02
-1.179979228973388672e+01 -4.126151561737060547e+00 1.613232642412185669e-01
-1.187045478820800781e+01 -4.142241477966308594e+00 1.950840204954147339e-01
-1.216979503631591797e+01 -4.211918830871582031e+00 3.281845152378082275e-01
-1.233340644836425781e+01 -4.253418445587158203e+00 3.788108825683593750e-01
-1.247732639312744141e+01 -4.291507244110107422e+00 4.134931266307830811e-01
-1.273206138610839844e+01 -4.361376285552978516e+00 4.599300324916839600e-01
-1.288234043121337891e+01 -4.405177116394042969e+00 4.718504250049591064e-01
-1.309616279602050781e+01 -4.469717502593994141e+00 4.758957028388977051e-01
-1.320858669281005859e+01 -4.505371093750000000e+00 4.681749343872070312e-01
-1.338076782226562500e+01 -4.561427116394042969e+00 4.482178390026092529e-01
-1.356211185455322266e+01 -4.622920036315917969e+00 4.135980904102325439e-01
-1.366614532470703125e+01 -4.659794330596923828e+00 3.850301802158355713e-01
-1.393721580505371094e+01 -4.758454322814941406e+00 2.967474460601806641e-01
-1.406001281738281250e+01 -4.806521415710449219e+00 2.388145774602890015e-01
-1.420053958892822266e+01 -4.863582134246826172e+00 1.618280112743377686e-01
-1.437417984008789062e+01 -4.937360286712646484e+00 4.982188344001770020e-02
-1.451059627532958984e+01 -4.999073028564453125e+00 -5.733097344636917114e-02
-1.459802532196044922e+01 -5.031694412231445312e+00 -8.262135088443756104e-04
-1.498089599609375000e+01 -5.178754329681396484e+00 2.283733785152435303e-01
-1.521113777160644531e+01 -5.277840614318847656e+00 3.207376003265380859e-01
-1.545111274719238281e+01 -5.387530326843261719e+00 3.916242122650146484e-01
-1.582092380523681641e+01 -5.566988468170166016e+00 4.612743556499481201e-01
-1.604827499389648438e+01 -5.687703609466552734e+00 4.662077426910400391e-01
-1.626259994506835938e+01 -5.808145046234130859e+00 4.480297267436981201e-01
-1.643785285949707031e+01 -5.912316799163818359e+00 4.142711162567138672e-01
-1.671216964721679688e+01 -6.083594799041748047e+00 3.349383175373077393e-01
-1.689549064636230469e+01 -6.208199024200439453e+00 2.500115334987640381e-01
-1.704276847839355469e+01 -6.315211296081542969e+00 1.608023941516876221e-01
-1.724697303771972656e+01 -6.473168849945068359e+00 8.646577596664428711e-03
-1.737141990661621094e+01 -6.580127716064453125e+00 -1.153139993548393250e-01
-1.788959312438964844e+01 -6.970229625701904297e+00 2.688135504722595215e-01
-1.837204360961914062e+01 -7.411555290222167969e+00 4.592125415802001953e-01
-1.854070663452148438e+01 -7.595725059509277344e+00 4.710892438888549805e-01
-1.909119224548339844e+01 -8.241145133972167969e+00 4.380712509155273438e-01
-1.919614028930664062e+01 -8.405557632446289062e+00 3.673756718635559082e-01
-1.951792526245117188e+01 -8.958933830261230469e+00 8.121621608734130859e-02
-1.965251541137695312e+01 -9.330165863037109375e+00 -2.316008806228637695e-01
-1.970896720886230469e+01 -9.685276985168457031e+00 -6.282774209976196289e-01
-1.900930786132812500e+01 -1.211782455444335938e+01 -1.666459739208221436e-01
-1.753939056396484375e+01 -1.316336822509765625e+01 -8.473839759826660156e-01
2.500571899414062500e+02 4.261391296386718750e+02 -1.029228149414062500e+03
-1.215439105539717481e+24 -1.042697957368384167e+24 -1.910058747625030591e+24
nan nan nan
nan nan nan
nan nan nan
nan nan nan
nan nan nan
nan nan nan
nan nan nan
nan nan nan
nan nan nan
nan nan nan
nan nan nan
nan nan nan
nan nan nan
nan nan nan
nan nan nan
