2.362122535705566406e+01 -2.534230649471282959e-01 1.866125315427780151e-01
2.344228553771972656e+01 -2.652229964733123779e-01 2.922126650810241699e-01
2.330987930297851562e+01 -2.740490138530731201e-01 3.697344064712524414e-01
2.310616111755371094e+01 -2.877328395843505859e-01 4.882772564888000488e-01
2.300577354431152344e+01 -2.945536971092224121e-01 5.461163520812988281e-01
2.279507827758789062e+01 -3.089463114738464355e-01 6.668902039527893066e-01
2.272911262512207031e+01 -3.135024011135101318e-01 7.042806148529052734e-01
2.250799560546875000e+01 -3.288244009017944336e-01 8.291563987731933594e-01
2.238873100280761719e+01 -3.371786773204803467e-01 8.956568837165832520e-01
2.221834945678710938e+01 -3.491790592670440674e-01 9.899730086326599121e-01
2.209487915039062500e+01 -3.579416573047637939e-01 1.057587862014770508e+00
2.199859428405761719e+01 -3.648106753826141357e-01 1.109886169433593750e+00
2.182072257995605469e+01 -3.775499165058135986e-01 1.205865025520324707e+00
2.162977027893066406e+01 -3.913230001926422119e-01 1.307608246803283691e+00
2.151728820800781250e+01 -3.994945585727691650e-01 1.366688728332519531e+00
2.143217086791992188e+01 -4.057025313377380371e-01 1.411002755165100098e+00
2.123125267028808594e+01 -4.203981459140777588e-01 1.514886379241943359e+00
2.111818122863769531e+01 -4.287230968475341797e-01 1.572367310523986816e+00
2.103186607360839844e+01 -4.350997805595397949e-01 1.615809798240661621e+00
2.087949562072753906e+01 -4.463841617107391357e-01 1.691895723342895508e+00
2.077107810974121094e+01 -4.544472992420196533e-01 1.745259046554565430e+00
2.067903137207031250e+01 -4.613120257854461670e-01 1.790083646774291992e+00
2.048489379882812500e+01 -4.758230745792388916e-01 1.883744835853576660e+00
2.042285537719726562e+01 -4.804812371730804443e-01 1.913064956665039062e+00
2.027579116821289062e+01 -4.915378391742706299e-01 1.982094526290893555e+00
2.013288307189941406e+01 -5.023134946823120117e-01 2.048055171966552734e+00
1.999312400817871094e+01 -5.128790736198425293e-01 2.111468553543090820e+00
1.995746803283691406e+01 -5.155807137489318848e-01 2.127365589141845703e+00
1.981054115295410156e+01 -5.267191529273986816e-01 2.192573547363281250e+00
1.967544555664062500e+01 -5.369817018508911133e-01 2.251370668411254883e+00
1.954704093933105469e+01 -5.467519164085388184e-01 2.306213617324829102e+00
1.942217826843261719e+01 -5.562651753425598145e-01 2.358554601669311523e+00
1.939279747009277344e+01 -5.585061311721801758e-01 2.370639085769653320e+00
1.922672462463378906e+01 -5.711750984191894531e-01 2.438629627227783203e+00
1.917171669006347656e+01 -5.753760337829589844e-01 2.460552930831909180e+00
1.899549293518066406e+01 -5.888369679450988770e-01 2.530136585235595703e+00
1.894297218322753906e+01 -5.928512215614318848e-01 2.550242424011230469e+00
1.877324485778808594e+01 -6.058244705200195312e-01 2.614593744277954102e+00
1.873029327392578125e+01 -6.091076135635375977e-01 2.630358457565307617e+00
1.857491683959960938e+01 -6.209831237792968750e-01 2.686899662017822266e+00
1.851085662841796875e+01 -6.258770227432250977e-01 2.709471940994262695e+00
1.838636779785156250e+01 -6.353843808174133301e-01 2.752732515335083008e+00
1.828069305419921875e+01 -6.434487104415893555e-01 2.788439989089965820e+00
1.821237945556640625e+01 -6.486575007438659668e-01 2.810954093933105469e+00
1.810506248474121094e+01 -6.568348407745361328e-01 2.845734357833862305e+00
1.802106857299804688e+01 -6.632276177406311035e-01 2.872221469879150391e+00
1.793066978454589844e+01 -6.701007485389709473e-01 2.900098800659179688e+00
1.781477546691894531e+01 -6.789014339447021484e-01 2.934955596923828125e+00
1.769668388366699219e+01 -6.878531575202941895e-01 2.969298362731933594e+00
1.758585929870605469e+01 -6.962369680404663086e-01 3.000379562377929688e+00
1.748489570617675781e+01 -7.038586139678955078e-01 3.027692794799804688e+00
1.744521713256835938e+01 -7.068474888801574707e-01 3.038060903549194336e+00
1.733622932434082031e+01 -7.150499224662780762e-01 3.066139221191406250e+00
1.720634841918945312e+01 -7.247996330261230469e-01 3.098272800445556641e+00
1.713564109802246094e+01 -7.300896644592285156e-01 3.114886522293090820e+00
1.706601715087890625e+01 -7.352883815765380859e-01 3.130764961242675781e+00
1.695994949340820312e+01 -7.431921362876892090e-01 3.154224872589111328e+00
1.687866020202636719e+01 -7.492296695709228516e-01 3.171338558197021484e+00
1.680478668212890625e+01 -7.547017931938171387e-01 3.186277627944946289e+00
1.666519927978515625e+01 -7.650152444839477539e-01 3.213437080383300781e+00
1.661043167114257812e+01 -7.690413594245910645e-01 3.223286390304565430e+00
1.647719764709472656e+01 -7.788147926330566406e-01 3.246462583541870117e+00
1.639452552795410156e+01 -7.848466038703918457e-01 3.259639739990234375e+00
1.632028198242187500e+01 -7.902442216873168945e-01 3.270789384841918945e+00
1.626136970520019531e+01 -7.945129275321960449e-01 3.279141902923583984e+00
1.617943763732910156e+01 -8.004333376884460449e-01 3.290205478668212891e+00
1.608174133300781250e+01 -8.074651956558227539e-01 3.302469730377197266e+00
1.600592803955078125e+01 -8.128954768180847168e-01 3.311114072799682617e+00
1.588622474670410156e+01 -8.214358091354370117e-01 3.323675870895385742e+00
1.585491657257080078e+01 -8.236551880836486816e-01 3.326504468917846680e+00
1.573302936553955078e+01 -8.322806358337402344e-01 3.337044239044189453e+00
1.565892028808593750e+01 -8.374890089035034180e-01 3.342319488525390625e+00
1.556517791748046875e+01 -8.440488576889038086e-01 3.348104000091552734e+00
1.550166225433349609e+01 -8.484689593315124512e-01 3.351249933242797852e+00
1.541609764099121094e+01 -8.544009327888488770e-01 3.354770898818969727e+00
1.531546306610107422e+01 -8.613420724868774414e-01 3.357760190963745117e+00
1.529142570495605469e+01 -8.629900813102722168e-01 3.358144760131835938e+00
1.521192741394042969e+01 -8.684328794479370117e-01 3.359152793884277344e+00
1.511568069458007812e+01 -8.749918937683105469e-01 3.359307765960693359e+00
1.503317737579345703e+01 -8.805837631225585938e-01 3.358316183090209961e+00
1.497289180755615234e+01 -8.846516609191894531e-01 3.356874942779541016e+00
1.490336990356445312e+01 -8.893284797668457031e-01 3.354600906372070312e+00
1.483080863952636719e+01 -8.941934108734130859e-01 3.351481676101684570e+00
1.471002483367919922e+01 -9.022651314735412598e-01 3.344976425170898438e+00
1.465166473388671875e+01 -9.061456322669982910e-01 3.340759277343750000e+00
1.455559158325195312e+01 -9.125207662582397461e-01 3.332947969436645508e+00
1.451002120971679688e+01 -9.155354499816894531e-01 3.328555345535278320e+00
1.441589736938476562e+01 -9.217545390129089355e-01 3.318800687789916992e+00
1.435520839691162109e+01 -9.257554411888122559e-01 3.311591863632202148e+00
1.427503013610839844e+01 -9.310351014137268066e-01 3.301274538040161133e+00
1.421658039093017578e+01 -9.348790645599365234e-01 3.292979955673217773e+00
1.416112327575683594e+01 -9.385237097740173340e-01 3.284568786621093750e+00
1.403968906402587891e+01 -9.465004801750183105e-01 3.265015125274658203e+00
1.397493648529052734e+01 -9.507506489753723145e-01 3.253242969512939453e+00
1.393386840820312500e+01 -9.534460306167602539e-01 3.245314598083496094e+00
1.382703304290771484e+01 -9.604585170745849609e-01 3.223919630050659180e+00
1.379394531250000000e+01 -9.626311063766479492e-01 3.216665983200073242e+00
1.371640682220458984e+01 -9.677236676216125488e-01 3.199206352233886719e+00
1.363005065917968750e+01 -9.733991622924804688e-01 3.178546667098999023e+00
1.358584213256835938e+01 -9.763074517250061035e-01 3.167268276214599609e+00
1.351659297943115234e+01 -9.808658957481384277e-01 3.149032592773437500e+00
1.344397544860839844e+01 -9.856511354446411133e-01 3.128965854644775391e+00
1.337324619293212891e+01 -9.903179407119750977e-01 3.108444929122924805e+00
1.332462406158447266e+01 -9.935304522514343262e-01 3.093676567077636719e+00
1.326342010498046875e+01 -9.975785017013549805e-01 3.074508190155029297e+00
1.314900112152099609e+01 -1.005156755447387695e+00 3.037299156188964844e+00
1.311294651031494141e+01 -1.007551431655883789e+00 3.024752378463745117e+00
1.306048393249511719e+01 -1.011039137840270996e+00 3.006114006042480469e+00
1.296085071563720703e+01 -1.017672300338745117e+00 2.969653606414794922e+00
1.292010021209716797e+01 -1.020393133163452148e+00 2.953903913497924805e+00
1.286141204833984375e+01 -1.024316430091857910e+00 2.930721998214721680e+00
1.275724220275878906e+01 -1.031293153762817383e+00 2.888286590576171875e+00
1.269577407836914062e+01 -1.035423994064331055e+00 2.861877441406250000e+00
1.267371177673339844e+01 -1.036909818649291992e+00 2.852104187011718750e+00
1.257063388824462891e+01 -1.043857097625732422e+00 2.805945396423339844e+00
1.250852394104003906e+01 -1.048058748245239258e+00 2.776715517044067383e+00
1.245911121368408203e+01 -1.051409244537353516e+00 2.752771854400634766e+00
1.240244483947753906e+01 -1.055258870124816895e+00 2.724677562713623047e+00
1.235628604888916016e+01 -1.058401584625244141e+00 2.701193094253540039e+00
1.229971504211425781e+01 -1.062260270118713379e+00 2.671806335449218750e+00
1.221521282196044922e+01 -1.068037390708923340e+00 2.626792430877685547e+00
1.214433193206787109e+01 -1.072900176048278809e+00 2.587615013122558594e+00
1.209071159362792969e+01 -1.076589822769165039e+00 2.557063579559326172e+00
1.205523204803466797e+01 -1.079036831855773926e+00 2.536384820938110352e+00
1.199050045013427734e+01 -1.083508253097534180e+00 2.498092412948608398e+00
1.191926860809326172e+01 -1.088442683219909668e+00 2.454810380935668945e+00
1.185688686370849609e+01 -1.092777848243713379e+00 2.415788173675537109e+00
1.182426834106445312e+01 -1.095051050186157227e+00 2.394865274429321289e+00
1.174094486236572266e+01 -1.100866675376892090e+00 2.340718269348144531e+00
1.167764472961425781e+01 -1.105301856994628906e+00 2.298209905624389648e+00
1.164575386047363281e+01 -1.107542991638183594e+00 2.276260137557983398e+00
1.158568191528320312e+01 -1.111770987510681152e+00 2.234401941299438477e+00
1.152834796905517578e+01 -1.115817904472351074e+00 2.193522691726684570e+00
1.144124603271484375e+01 -1.121983051300048828e+00 2.130054950714111328e+00
1.140912628173828125e+01 -1.124266147613525391e+00 2.105875015258789062e+00
1.134792995452880859e+01 -1.128623127937316895e+00 2.059253215789794922e+00
1.128401088714599609e+01 -1.133187651634216309e+00 2.009447574615478516e+00
1.124452209472656250e+01 -1.136016726493835449e+00 1.977951407432556152e+00
1.120144462585449219e+01 -1.139108896255493164e+00 1.943098425865173340e+00
1.112308597564697266e+01 -1.144745945930480957e+00 1.878708720207214355e+00
1.106853103637695312e+01 -1.148686289787292480e+00 1.832606554031372070e+00
1.103229427337646484e+01 -1.151310920715332031e+00 1.801386833190917969e+00
1.098842811584472656e+01 -1.154494047164916992e+00 1.763108253479003906e+00
1.090847778320312500e+01 -1.160308718681335449e+00 1.692260503768920898e+00
1.085415458679199219e+01 -1.164276003837585449e+00 1.642763853073120117e+00
1.083009529113769531e+01 -1.166038036346435547e+00 1.620427131652832031e+00
1.075005149841308594e+01 -1.171907663345336914e+00 1.545495748519897461e+00
1.068813800811767578e+01 -1.176466941833496094e+00 1.485926866531372070e+00
1.066794490814208984e+01 -1.177958846092224121e+00 1.466085791587829590e+00
1.060269737243652344e+01 -1.182784557342529297e+00 1.401534199714660645e+00
1.054473400115966797e+01 -1.187086343765258789e+00 1.342913389205932617e+00
1.051308917999267578e+01 -1.189442157745361328e+00 1.310281038284301758e+00
1.044186687469482422e+01 -1.194753170013427734e+00 1.236055493354797363e+00
1.038736152648925781e+01 -1.198832988739013672e+00 1.177889466285705566e+00
1.033998489379882812e+01 -1.202389597892761230e+00 1.126409173011779785e+00
1.031259727478027344e+01 -1.204450726509094238e+00 1.096180796623229980e+00
1.024222469329833984e+01 -1.209754705429077148e+00 1.017803549766540527e+00
1.020878505706787109e+01 -1.212284445762634277e+00 9.796905517578125000e-01
1.016608047485351562e+01 -1.215520977973937988e+00 9.304813146591186523e-01
1.012176609039306641e+01 -1.218887090682983398e+00 8.787003159523010254e-01
1.004561805725097656e+01 -1.224684953689575195e+00 7.884269356727600098e-01
1.001651954650878906e+01 -1.226909518241882324e+00 7.530674338340759277e-01
9.952809333801269531e+00 -1.231787681579589844e+00 6.749144196510314941e-01
9.932444572448730469e+00 -1.233352303504943848e+00 6.494126319885253906e-01
9.863215446472167969e+00 -1.238676667213439941e+00 5.621486306190490723e-01
9.841253280639648438e+00 -1.240371942520141602e+00 5.338401198387145996e-01
9.798629760742187500e+00 -1.243665933609008789e+00 4.785109162330627441e-01
9.717148780822753906e+00 -1.249976873397827148e+00 3.712805211544036865e-01
9.705210685729980469e+00 -1.250905513763427734e+00 3.551532626152038574e-01
9.646066665649414062e+00 -1.255509018898010254e+00 2.749477922916412354e-01
9.586442947387695312e+00 -1.260164141654968262e+00 1.925439536571502686e-01
9.544165611267089844e+00 -1.263475179672241211e+00 1.329877376556396484e-01
9.512315750122070312e+00 -1.265974998474121094e+00 8.750840276479721069e-02
9.463550567626953125e+00 -1.269808650016784668e+00 1.716194301843643188e-02
9.419345855712890625e+00 -1.273292422294616699e+00 -4.760908335447311401e-02
9.398524284362792969e+00 -1.273067712783813477e+00 -1.266984269022941589e-02
9.357358932495117188e+00 -1.272658705711364746e+00 5.449065193533897400e-02
9.319871902465820312e+00 -1.272345423698425293e+00 1.123942956328392029e-01
9.279733657836914062e+00 -1.272061586380004883e+00 1.714748889207839966e-01
9.244326591491699219e+00 -1.271855354309082031e+00 2.210309058427810669e-01
9.205731391906738281e+00 -1.271668910980224609e+00 2.727550268173217773e-01
9.162455558776855469e+00 -1.271502971649169922e+00 3.281166255474090576e-01
9.120891571044921875e+00 -1.271386027336120605e+00 3.786246180534362793e-01
9.075878143310546875e+00 -1.271299362182617188e+00 4.307266175746917725e-01
9.044282913208007812e+00 -1.271266222000122070e+00 4.654375016689300537e-01
8.980723381042480469e+00 -1.271235346794128418e+00 5.327774882316589355e-01
8.934647560119628906e+00 -1.271261334419250488e+00 5.781442523002624512e-01
8.912071228027343750e+00 -1.271289348602294922e+00 5.992296934127807617e-01
8.871999740600585938e+00 -1.271351218223571777e+00 6.357023715972900391e-01
8.805466651916503906e+00 -1.271488308906555176e+00 6.935319304466247559e-01
8.752301216125488281e+00 -1.271640062332153320e+00 7.362903952598571777e-01
8.738835334777832031e+00 -1.271686077117919922e+00 7.464614510536193848e-01
8.693022727966308594e+00 -1.271848917007446289e+00 7.805165648460388184e-01
8.639661788940429688e+00 -1.272061944007873535e+00 8.180527091026306152e-01
8.573020935058593750e+00 -1.272359371185302734e+00 8.619471788406372070e-01
8.514048576354980469e+00 -1.272654294967651367e+00 8.976278901100158691e-01
8.473676681518554688e+00 -1.272873401641845703e+00 9.202204346656799316e-01
8.431589126586914062e+00 -1.273113012313842773e+00 9.425069689750671387e-01
8.377198219299316406e+00 -1.273436784744262695e+00 9.696430563926696777e-01
8.346080780029296875e+00 -1.273631691932678223e+00 9.839661121368408203e-01
8.277820587158203125e+00 -1.274070382118225098e+00 1.013914346694946289e+00
8.242168426513671875e+00 -1.274311423301696777e+00 1.027902960777282715e+00
8.195522308349609375e+00 -1.274633884429931641e+00 1.045104742050170898e+00
8.144058227539062500e+00 -1.274999141693115234e+00 1.062519311904907227e+00
8.075257301330566406e+00 -1.275500178337097168e+00 1.083534121513366699e+00
8.019650459289550781e+00 -1.275917291641235352e+00 1.098116397857666016e+00
7.975588321685791016e+00 -1.276254415512084961e+00 1.108162522315979004e+00
7.945129871368408203e+00 -1.276490569114685059e+00 1.114291787147521973e+00
7.894208431243896484e+00 -1.276888608932495117e+00 1.123605489730834961e+00
7.834603309631347656e+00 -1.277360081672668457e+00 1.132694363594055176e+00
7.779346466064453125e+00 -1.277802109718322754e+00 1.139171838760375977e+00
7.721944808959960938e+00 -1.278264999389648438e+00 1.144040465354919434e+00
7.683201789855957031e+00 -1.278579354286193848e+00 1.146030545234680176e+00
7.603320598602294922e+00 -1.279229044914245605e+00 1.148337960243225098e+00
7.551222324371337891e+00 -1.279654026031494141e+00 1.147434830665588379e+00
7.513881683349609375e+00 -1.279958367347717285e+00 1.145663261413574219e+00
7.452084064483642578e+00 -1.280460953712463379e+00 1.141396641731262207e+00
7.418856620788574219e+00 -1.280729889869689941e+00 1.137912631034851074e+00
7.353003025054931641e+00 -1.281260848045349121e+00 1.129734277725219727e+00
7.281888484954833984e+00 -1.281828880310058594e+00 1.118166089057922363e+00
7.237727165222167969e+00 -1.282176852226257324e+00 1.109130740165710449e+00
7.208662986755371094e+00 -1.282403349876403809e+00 1.102419018745422363e+00
7.125453472137451172e+00 -1.283046722412109375e+00 1.081750035285949707e+00
7.080454826354980469e+00 -1.283385753631591797e+00 1.068298578262329102e+00
7.038109302520751953e+00 -1.283699393272399902e+00 1.054460406303405762e+00
6.976700305938720703e+00 -1.284146070480346680e+00 1.032759666442871094e+00
6.946657657623291016e+00 -1.284358263015747070e+00 1.020965933799743652e+00
6.880169391632080078e+00 -1.284820199012756348e+00 9.935648441314697266e-01
6.826706409454345703e+00 -1.285176992416381836e+00 9.691798686981201172e-01
6.763902664184570312e+00 -1.285580515861511230e+00 9.382507801055908203e-01
6.748322486877441406e+00 -1.285675644874572754e+00 9.298938512802124023e-01
6.686278343200683594e+00 -1.286048769950866699e+00 8.959206342697143555e-01
6.614914894104003906e+00 -1.286451697349548340e+00 8.536142706871032715e-01
6.594202518463134766e+00 -1.286558866500854492e+00 8.402140140533447266e-01
6.522705078125000000e+00 -1.286918044090270996e+00 7.927907109260559082e-01
6.505934715270996094e+00 -1.286993026733398438e+00 7.806988358497619629e-01
6.457450866699218750e+00 -1.287202954292297363e+00 7.450560331344604492e-01
6.399156570434570312e+00 -1.287430167198181152e+00 6.997711062431335449e-01
6.336584091186523438e+00 -1.287638783454895020e+00 6.478880643844604492e-01
6.315209865570068359e+00 -1.287695765495300293e+00 6.288977861404418945e-01
6.259962558746337891e+00 -1.287829041481018066e+00 5.786370635032653809e-01
6.224473953247070312e+00 -1.287890553474426270e+00 5.443350076675415039e-01
6.177408218383789062e+00 -1.287949681282043457e+00 4.970305860042572021e-01
6.124658584594726562e+00 -1.287980437278747559e+00 4.411953389644622803e-01
6.088624477386474609e+00 -1.287971854209899902e+00 4.007614552974700928e-01
6.050587654113769531e+00 -1.287939429283142090e+00 3.563211560249328613e-01
6.003807067871093750e+00 -1.287867069244384766e+00 2.992589175701141357e-01
5.953981399536132812e+00 -1.287743926048278809e+00 2.351318895816802979e-01
5.933128356933593750e+00 -1.287669777870178223e+00 2.066809535026550293e-01
5.883570671081542969e+00 -1.287468791007995605e+00 1.373469084501266479e-01
5.852277755737304688e+00 -1.287302374839782715e+00 9.083928167819976807e-02
5.812592983245849609e+00 -1.287056207656860352e+00 2.948143333196640015e-02
5.764325618743896484e+00 -1.286697983741760254e+00 -4.908683896064758301e-02
5.715511322021484375e+00 -1.284615874290466309e+00 1.326272636651992798e-02
5.694707870483398438e+00 -1.283749699592590332e+00 3.836050629615783691e-02
5.633866786956787109e+00 -1.281241059303283691e+00 1.100409850478172302e-01
5.584370136260986328e+00 -1.279255270957946777e+00 1.644618958234786987e-01
5.529266834259033203e+00 -1.277089834213256836e+00 2.218032777309417725e-01
5.477325439453125000e+00 -1.275092601776123047e+00 2.726746201515197754e-01
5.444125175476074219e+00 -1.273840427398681641e+00 3.034000396728515625e-01
5.371995449066162109e+00 -1.271151423454284668e+00 3.677971363067626953e-01
5.320213794708251953e+00 -1.269267320632934570e+00 4.105260968208312988e-01
5.286836147308349609e+00 -1.268072366714477539e+00 4.365538358688354492e-01
5.231825351715087891e+00 -1.266122460365295410e+00 4.779108762741088867e-01
5.172104835510253906e+00 -1.264039039611816406e+00 5.201479792594909668e-01
5.130022525787353516e+00 -1.262594819068908691e+00 5.479683876037597656e-01
5.061736106872558594e+00 -1.260276913642883301e+00 5.909840464591979980e-01
5.012085437774658203e+00 -1.258620262145996094e+00 6.198379993438720703e-01
4.976969242095947266e+00 -1.257462382316589355e+00 6.390515565872192383e-01
4.882459163665771484e+00 -1.254371166229248047e+00 6.885536909103393555e-01
4.820287704467773438e+00 -1.252380132675170898e+00 7.173255681991577148e-01
4.804419517517089844e+00 -1.251878499984741211e+00 7.240610718727111816e-01
4.709817409515380859e+00 -1.248897552490234375e+00 7.633127570152282715e-01
4.669476509094238281e+00 -1.247650027275085449e+00 7.777940630912780762e-01
4.600095748901367188e+00 -1.245520591735839844e+00 8.010987043380737305e-01
4.543925762176513672e+00 -1.243818283081054688e+00 8.177769184112548828e-01
4.480802536010742188e+00 -1.241923928260803223e+00 8.345723748207092285e-01
4.422600746154785156e+00 -1.240195751190185547e+00 8.480759263038635254e-01
4.343800067901611328e+00 -1.237877964973449707e+00 8.639247417449951172e-01
4.290584087371826172e+00 -1.236332058906555176e+00 8.724361062049865723e-01
4.242148876190185547e+00 -1.234936356544494629e+00 8.788545727729797363e-01
4.166553974151611328e+00 -1.232773423194885254e+00 8.870012760162353516e-01
4.090652942657470703e+00 -1.230625033378601074e+00 8.922723531723022461e-01
4.072367668151855469e+00 -1.230112791061401367e+00 8.928442001342773438e-01
3.994661092758178711e+00 -1.227941393852233887e+00 8.945625424385070801e-01
3.908207893371582031e+00 -1.225550055503845215e+00 8.931151628494262695e-01
3.852230548858642578e+00 -1.224018454551696777e+00 8.897618651390075684e-01
3.779975414276123047e+00 -1.222054719924926758e+00 8.834102749824523926e-01
3.762169599533081055e+00 -1.221574902534484863e+00 8.811993002891540527e-01
3.658794403076171875e+00 -1.218794584274291992e+00 8.674340844154357910e-01
3.600095748901367188e+00 -1.217234015464782715e+00 8.565431237220764160e-01
3.536820411682128906e+00 -1.215562105178833008e+00 8.428955674171447754e-01
3.485734939575195312e+00 -1.214220881462097168e+00 8.301984071731567383e-01
3.450893163681030273e+00 -1.213310718536376953e+00 8.206018209457397461e-01
3.365383148193359375e+00 -1.211084246635437012e+00 7.954630255699157715e-01
3.310660123825073242e+00 -1.209670662879943848e+00 7.768497467041015625e-01
3.244025707244873047e+00 -1.207957506179809570e+00 7.521691918373107910e-01
3.173295259475708008e+00 -1.206149220466613770e+00 7.233120203018188477e-01
3.120233774185180664e+00 -1.204800248146057129e+00 6.994886994361877441e-01
3.075124979019165039e+00 -1.203657984733581543e+00 6.778086423873901367e-01
3.001482009887695312e+00 -1.201799035072326660e+00 6.403847932815551758e-01
2.967099905014038086e+00 -1.200935363769531250e+00 6.213224530220031738e-01
2.912519931793212891e+00 -1.199567198753356934e+00 5.898418426513671875e-01
2.836712121963500977e+00 -1.197672843933105469e+00 5.433616638183593750e-01
2.763811111450195312e+00 -1.195858359336853027e+00 4.948370158672332764e-01
2.704968452453613281e+00 -1.194398522377014160e+00 4.525404274463653564e-01
2.661852836608886719e+00 -1.193331241607666016e+00 4.195978343486785889e-01
2.593502759933471680e+00 -1.191641330718994141e+00 3.650043606758117676e-01
2.571681022644042969e+00 -1.191102623939514160e+00 3.463194072246551514e-01
2.482962608337402344e+00 -1.188912987709045410e+00 2.686399221420288086e-01
2.432965755462646484e+00 -1.187679529190063477e+00 2.207644581794738770e-01
2.395258665084838867e+00 -1.186748504638671875e+00 1.827645450830459595e-01
2.366762876510620117e+00 -1.186044096946716309e+00 1.529081314802169800e-01
2.301588296890258789e+00 -1.184430956840515137e+00 8.256448060274124146e-02
2.263967514038085938e+00 -1.183496713638305664e+00 3.909776359796524048e-02
2.199616432189941406e+00 -1.181894421577453613e+00 -3.831042349338531494e-02
2.163259983062744141e+00 -1.180023550987243652e+00 -7.354840636253356934e-04
2.093179225921630859e+00 -1.176446199417114258e+00 6.891655921936035156e-02
2.047613859176635742e+00 -1.174154400825500488e+00 1.109327599406242371e-01
1.989337563514709473e+00 -1.171249270439147949e+00 1.621556133031845093e-01
1.925524592399597168e+00 -1.168102502822875977e+00 2.149184346199035645e-01
1.874459147453308105e+00 -1.165612339973449707e+00 2.544077932834625244e-01
1.777249813079833984e+00 -1.160911798477172852e+00 3.256571292877197266e-01
1.733814239501953125e+00 -1.158843278884887695e+00 3.543487787246704102e-01
1.648249030113220215e+00 -1.154794096946716309e+00 4.082836806774139404e-01
1.584119081497192383e+00 -1.151795506477355957e+00 4.450500607490539551e-01
1.548313975334167480e+00 -1.150135517120361328e+00 4.641301333904266357e-01
1.467103838920593262e+00 -1.146387457847595215e+00 5.056369900703430176e-01
1.384204745292663574e+00 -1.142599582672119141e+00 5.440328121185302734e-01
1.294711112976074219e+00 -1.138549923896789551e+00 5.812976360321044922e-01
1.253142237663269043e+00 -1.136687517166137695e+00 5.965949296951293945e-01
1.175995349884033203e+00 -1.133246421813964844e+00 6.233068108558654785e-01
1.089964270591735840e+00 -1.129439711570739746e+00 6.496951580047607422e-01
1.014180541038513184e+00 -1.126114964485168457e+00 6.696972250938415527e-01
9.339202642440795898e-01 -1.122619271278381348e+00 6.879342198371887207e-01
8.852703571319580078e-01 -1.120515942573547363e+00 6.971371173858642578e-01
8.291735053062438965e-01 -1.118101000785827637e+00 7.064759135246276855e-01
7.209668159484863281e-01 -1.113465428352355957e+00 7.216884493827819824e-01
6.842638850212097168e-01 -1.111907362937927246e+00 7.250400781631469727e-01
5.917935967445373535e-01 -1.107993483543395996e+00 7.319566011428833008e-01
5.038780570030212402e-01 -1.104299545288085938e+00 7.348966002464294434e-01
4.246113598346710205e-01 -1.100991129875183105e+00 7.344521284103393555e-01
3.465267121791839600e-01 -1.097750902175903320e+00 7.312731742858886719e-01
3.034433722496032715e-01 -1.095972895622253418e+00 7.280291318893432617e-01
1.802670359611511230e-01 -1.090904355049133301e+00 7.163972258567810059e-01
1.531646251678466797e-01 -1.089798212051391602e+00 7.123500108718872070e-01
8.264947682619094849e-02 -1.086925268173217773e+00 7.009592652320861816e-01
-2.687095105648040771e-02 -1.082482576370239258e+00 6.797726750373840332e-01
-1.166038662195205688e-01 -1.078866362571716309e+00 6.579090356826782227e-01
-1.703302264213562012e-01 -1.076712131500244141e+00 6.425610780715942383e-01
-2.467580735683441162e-01 -1.073656320571899414e+00 6.187663078308105469e-01
-3.172907829284667969e-01 -1.070847153663635254e+00 5.941869616508483887e-01
-3.616891801357269287e-01 -1.069084882736206055e+00 5.771558880805969238e-01
-4.719944596290588379e-01 -1.064715266227722168e+00 5.323487520217895508e-01
-5.255523324012756348e-01 -1.062603831291198730e+00 5.075082182884216309e-01
-6.302654147148132324e-01 -1.058484077453613281e+00 4.558898210525512695e-01
-6.586446762084960938e-01 -1.057371735572814941e+00 4.402277171611785889e-01
-7.353418469429016113e-01 -1.054368019104003906e+00 3.966188728809356689e-01
-8.158322572708129883e-01 -1.051222443580627441e+00 3.471280932426452637e-01
-8.825832009315490723e-01 -1.048618674278259277e+00 3.026793003082275391e-01
-9.456856250762939453e-01 -1.046159982681274414e+00 2.578441202640533447e-01
-1.007422924041748047e+00 -1.043756127357482910e+00 2.112411558628082275e-01
-1.063926577568054199e+00 -1.041556715965270996e+00 1.660075634717941284e-01
-1.162683606147766113e+00 -1.037712097167968750e+00 8.259293437004089355e-02
-1.206486344337463379e+00 -1.036005258560180664e+00 4.198547080159187317e-02
-1.273972868919372559e+00 -1.033372998237609863e+00 -2.326472476124763489e-02
-1.343719482421875000e+00 -1.029772996902465820e+00 3.894912824034690857e-02
-1.418568968772888184e+00 -1.025917291641235352e+00 1.011248975992202759e-01
-1.501533269882202148e+00 -1.021652460098266602e+00 1.650102436542510986e-01
-1.574140906333923340e+00 -1.017928361892700195e+00 2.164172381162643433e-01
-1.630710959434509277e+00 -1.015032291412353516e+00 2.536201477050781250e-01
-1.728702783584594727e+00 -1.010022521018981934e+00 3.144333362579345703e-01
-1.790612816810607910e+00 -1.006864786148071289e+00 3.490936160087585449e-01
-1.896846771240234375e+00 -1.001453638076782227e+00 4.047355055809020996e-01
-1.971362829208374023e+00 -9.976665973663330078e-01 4.393733441829681396e-01
-2.030683517456054688e+00 -9.946562051773071289e-01 4.646286964416503906e-01
-2.166380405426025391e+00 -9.877772927284240723e-01 5.183274149894714355e-01
-2.222882270812988281e+00 -9.849196076393127441e-01 5.369607210159301758e-01
-2.359090089797973633e+00 -9.780365228652954102e-01 5.783057212829589844e-01
-2.403856754302978516e+00 -9.757785201072692871e-01 5.891480445861816406e-01
-2.548248052597045898e+00 -9.684992432594299316e-01 6.213011145591735840e-01
-2.601706027984619141e+00 -9.658082723617553711e-01 6.299126148223876953e-01
-2.662648677825927734e+00 -9.627417922019958496e-01 6.383741497993469238e-01
-2.760402917861938477e+00 -9.578249454498291016e-01 6.494927406311035156e-01
-2.855346441268920898e+00 -9.530518054962158203e-01 6.565130352973937988e-01
-2.948322296142578125e+00 -9.483787417411804199e-01 6.598351001739501953e-01
-3.059755325317382812e+00 -9.427781105041503906e-01 6.596778035163879395e-01
-3.159622192382812500e+00 -9.377575516700744629e-01 6.551100015640258789e-01
-3.238955497741699219e+00 -9.337670803070068359e-01 6.483287811279296875e-01
-3.359532833099365234e+00 -9.276978969573974609e-01 6.341993808746337891e-01
-3.449416637420654297e+00 -9.231675267219543457e-01 6.193060874938964844e-01
-3.565218448638916016e+00 -9.173226356506347656e-01 5.958721041679382324e-01
-3.626719951629638672e+00 -9.142115712165832520e-01 5.804747939109802246e-01
-3.775306940078735352e+00 -9.066839814186096191e-01 5.394067168235778809e-01
-3.839132308959960938e+00 -9.034373164176940918e-01 5.176669359207153320e-01
-3.940072536468505859e+00 -8.982912302017211914e-01 4.803958535194396973e-01
-3.989215612411499023e+00 -8.957759141921997070e-01 4.599676430225372314e-01
-4.118750572204589844e+00 -8.891310095787048340e-01 4.030929803848266602e-01
-4.195108890533447266e+00 -8.851886391639709473e-01 3.647125363349914551e-01
-4.323747634887695312e+00 -8.785165548324584961e-01 2.949630022048950195e-01
-4.408267974853515625e+00 -8.740943670272827148e-01 2.432102859020233154e-01
-4.477037429809570312e+00 -8.704715371131896973e-01 1.977033317089080811e-01
-4.570344924926757812e+00 -8.655248284339904785e-01 1.319941878318786621e-01
-4.644860267639160156e+00 -8.615364432334899902e-01 7.496814429759979248e-02
-4.685328960418701172e+00 -8.593512773513793945e-01 4.187591746449470520e-02
-4.831907272338867188e+00 -8.511516451835632324e-01 1.616710722446441650e-01
-4.889954090118408203e+00 -8.478387594223022461e-01 2.026699483394622803e-01
-5.033291339874267578e+00 -8.396026492118835449e-01 2.983191609382629395e-01
-5.082678318023681641e+00 -8.367213606834411621e-01 3.268721699714660645e-01
-5.216508865356445312e+00 -8.288767933845520020e-01 4.004796743392944336e-01
-5.346270561218261719e+00 -8.211790323257446289e-01 4.624830782413482666e-01
-5.444017887115478516e+00 -8.153185248374938965e-01 5.028862357139587402e-01
-5.594307899475097656e+00 -8.062395453453063965e-01 5.581496953964233398e-01
-5.697419643402099609e+00 -7.999412417411804199e-01 5.892053842544555664e-01
-5.860800743103027344e+00 -7.898880243301391602e-01 6.313286423683166504e-01
-5.925009727478027344e+00 -7.858919501304626465e-01 6.436460018157958984e-01
-6.085394859313964844e+00 -7.758653759956359863e-01 6.703866124153137207e-01
-6.222869873046875000e+00 -7.671750783920288086e-01 6.848728060722351074e-01
-6.290917873382568359e+00 -7.628316879272460938e-01 6.885499954223632812e-01
-6.469343662261962891e+00 -7.513865232467651367e-01 6.937070488929748535e-01
-6.560740947723388672e+00 -7.454465627670288086e-01 6.903778314590454102e-01
-6.662153244018554688e+00 -7.388088703155517578e-01 6.832941770553588867e-01
-6.778024196624755859e+00 -7.311628460884094238e-01 6.708917021751403809e-01
-6.982470512390136719e+00 -7.175409197807312012e-01 6.402625441551208496e-01
-7.053494453430175781e+00 -7.127231359481811523e-01 6.241838335990905762e-01
-7.167333602905273438e+00 -7.049478888511657715e-01 5.952947139739990234e-01
-7.339162826538085938e+00 -6.930768489837646484e-01 5.440092682838439941e-01
-7.449323177337646484e+00 -6.853244900703430176e-01 5.034418106079101562e-01
-7.607170104980468750e+00 -6.740695238113403320e-01 4.378893077373504639e-01
-7.672041893005371094e+00 -6.693490743637084961e-01 4.063606560230255127e-01
-7.794875144958496094e+00 -6.603276133537292480e-01 3.428743481636047363e-01
-7.938636302947998047e+00 -6.495710611343383789e-01 2.598145604133605957e-01
-8.064371109008789062e+00 -6.399339437484741211e-01 1.775115132331848145e-01
-8.203552246093750000e+00 -6.290088295936584473e-01 7.615398615598678589e-02
-8.291004180908203125e+00 -6.219366192817687988e-01 4.583157598972320557e-03
-8.422937393188476562e+00 -6.110361218452453613e-01 -1.117259636521339417e-01
-8.487605094909667969e+00 -6.062835454940795898e-01 -6.248517706990242004e-02
-8.677536010742187500e+00 -5.921217799186706543e-01 7.377952337265014648e-02
-8.839940071105957031e+00 -5.795505046844482422e-01 1.713392436504364014e-01
-9.010992050170898438e+00 -5.659474730491638184e-01 2.593319714069366455e-01
-9.214282989501953125e+00 -5.493677258491516113e-01 3.473197221755981445e-01
-9.316205978393554688e+00 -5.408273935317993164e-01 3.824657499790191650e-01
-9.479281425476074219e+00 -5.269875526428222656e-01 4.320014119148254395e-01
-9.729952812194824219e+00 -5.052931904792785645e-01 4.923840165138244629e-01
-9.815401077270507812e+00 -4.976831376552581787e-01 5.051637887954711914e-01
-9.981414794921875000e+00 -4.827536642551422119e-01 5.250197649002075195e-01
-1.023158073425292969e+01 -4.598331749439239502e-01 5.406374931335449219e-01
-1.039258289337158203e+01 -4.446633160114288330e-01 5.370954871177673340e-01
-1.060668087005615234e+01 -4.241120815277099609e-01 5.208079814910888672e-01
-1.088802146911621094e+01 -3.964118659496307373e-01 4.790496230125427246e-01
-1.098109912872314453e+01 -3.869208991527557373e-01 4.561732709407806396e-01
-1.122407531738281250e+01 -3.618289232254028320e-01 3.882935047149658203e-01
-1.134187507629394531e+01 -3.492390811443328857e-01 3.447014689445495605e-01
-1.153282356262207031e+01 -3.284522891044616699e-01 2.650871276855468750e-01
-1.170327663421630859e+01 -3.092980086803436279e-01 1.803364753723144531e-01
-1.192347335815429688e+01 -2.837629914283752441e-01 5.366630852222442627e-02
-1.204448986053466797e+01 -2.690772414207458496e-01 -2.949998527765274048e-02
-1.239334297180175781e+01 -2.258077263832092285e-01 1.957934498786926270e-01
-1.266544342041015625e+01 -1.897771060466766357e-01 3.186951875686645508e-01
-1.290211200714111328e+01 -1.571450531482696533e-01 3.966313004493713379e-01
-1.311420917510986328e+01 -1.269595921039581299e-01 4.463629126548767090e-01
-1.343156051635742188e+01 -8.055902272462844849e-02 4.956585168838500977e-01
-1.389264011383056641e+01 -1.047433912754058838e-02 5.156148672103881836e-01
-1.430962562561035156e+01 5.654078722000122070e-02 4.684101641178131104e-01
-1.457939434051513672e+01 1.023153513669967651e-01 3.989194631576538086e-01
-1.486482906341552734e+01 1.527179777622222900e-01 2.967576980590820312e-01
-1.529763126373291016e+01 2.328310608863830566e-01 9.178589284420013428e-02
-1.543305206298828125e+01 2.600724399089813232e-01 1.347288489341735840e-04
-1.576012039184570312e+01 3.280928730964660645e-01 -2.468240857124328613e-01
-1.660357093811035156e+01 5.170875787734985352e-01 1.094970107078552246e-01
-1.726946449279785156e+01 6.818537712097167969e-01 1.695839613676071167e-01
-1.864895629882812500e+01 1.048371672630310059e+00 -1.474086940288543701e-02
-1.912747573852539062e+01 1.197812080383300781e+00 -3.150880932807922363e-01
-2.327298927307128906e+01 2.992248058319091797e+00 -3.093432784080505371e-01
-2.979500389099121094e+01 6.684525012969970703e+00 -9.824746131896972656e+00
-3.294253125000000000e+04 2.531294140625000000e+04 -2.204715820312500000e+04
-1.738012323676684288e+18 1.611531790281867264e+18 -2.720703864658460672e+18
nan nan nan
nan nan nan
nan nan nan
nan nan nan
nan nan nan
nan nan nan
nan nan nan
nan nan nan
nan nan nan
nan nan nan
nan nan nan
nan nan nan
nan nan nan
nan nan nan
nan nan nan
nan nan nan
nan nan nan
nan nan nan
nan nan nan
nan nan nan
nan nan nan
nan nan nan
nan nan nan
