R_cam_world: [0.5332336696092377, 0.8209720654311281, -0.20412427924383142, 0.08803886842677894,
  -0.2938339223940226, -0.9517934564266954, -0.8413744774125245, 0.4895574469174082,
  -0.22895959234439256]
R_world_cam: [0.5332336696092377, 0.08803886842677894, -0.8413744774125245, 0.8209720654311281,
  -0.2938339223940226, 0.4895574469174082, -0.20412427924383142, -0.9517934564266954,
  -0.22895959234439256]
camera_matrix:
  cols: 3
  data: [2634.228033176116, 0.0, 736.4201750651295, 0.0, 2640.1059463036836, 470.2963544129506,
    0.0, 0.0, 1.0]
  rows: 3
camera_name: 23045009
distortion_coefficients:
  cols: 1
  data: [-0.2518897885584637, 2.4993771445423922, -0.010427262149918586, 0.012480578394182432,
    -12.467577696865442]
  rows: 1
distortion_model: radtan
image_height: 1024
image_width: 1280
projection_matrix:
  cols: 4
  data: [1.0, 0.0, 0.0, 0.0, 0.0, 1.0, 0.0, 0.0, 0.0, 0.0, 1.0, 0.0]
  rows: 3
rectification_matrix:
  cols: 3
  data: [1.0, 0.0, 0.0, 0.0, 1.0, 0.0, 0.0, 0.0, 1.0]
  rows: 3
t_cam_world: [-7.607164685721461, -1.0199719969332277, 30.19679979290489]
t_world_cam: [29.55301016641204, -8.837500880170104, 4.390237289707208]
